xxxxxxxxxxrahjmyuwwk
xxxxxxxxxxrxnfmqgeeb
1000
2 14 2
1 1 17
6 0 13
13 8 2
10 11 9
9 6 3
14 10 6
0 0 20
0 0 18
1 5 12
4 8 10
0 1 15
3 0 17
0 1 11
7 6 10
8 4 6
1 2 17
0 3 16
12 12 6
6 3 10
0 0 20
0 14 6
3 9 8
9 6 9
0 0 20
15 15 5
4 5 5
0 1 19
0 0 18
3 1 15
7 14 4
7 6 11
11 7 2
3 1 13
0 6 2
1 0 19
9 8 11
2 7 3
1 2 12
0 10 3
8 15 4
3 4 7
0 2 16
14 2 1
0 0 20
7 14 6
5 18 2
2 4 16
6 14 2
2 5 15
0 1 19
4 12 4
1 1 19
0 2 18
2 2 17
1 1 17
9 1 6
9 10 8
2 0 17
9 6 11
1 3 15
4 1 15
9 4 7
0 0 20
3 4 15
0 0 20
1 0 19
0 2 18
4 6 4
11 8 1
2 9 10
0 4 14
0 0 20
0 2 18
4 2 16
8 2 11
3 7 9
7 8 10
4 1 11
13 5 4
10 2 3
11 15 1
7 6 11
1 2 3
11 10 8
5 8 6
9 11 5
0 9 10
2 5 12
6 8 11
2 3 14
1 0 19
4 3 16
4 3 8
0 0 20
1 0 11
18 3 2
1 2 12
13 0 0
2 2 18
13 10 5
3 3 11
17 6 2
16 1 4
13 1 7
3 2 14
4 5 6
0 0 20
1 2 17
10 5 8
2 0 12
5 9 7
1 1 19
18 15 2
11 2 1
8 4 8
0 2 17
2 4 0
4 1 15
5 5 15
4 5 9
20 2 0
3 1 14
5 3 14
12 9 6
10 1 9
0 0 20
13 13 6
1 1 17
12 6 7
6 8 10
13 8 3
9 7 9
1 9 6
2 2 12
0 7 12
6 4 9
3 4 16
4 5 11
1 3 13
0 0 20
0 15 2
14 1 4
6 10 2
8 13 4
4 7 1
0 0 20
3 2 15
10 3 0
6 8 7
10 15 1
0 7 6
3 6 12
7 4 9
9 1 7
4 13 3
3 8 1
1 9 6
12 1 7
3 7 9
1 5 2
5 4 15
9 5 2
5 0 15
2 4 12
2 5 12
8 6 9
2 1 4
10 0 10
6 7 13
4 4 16
20 3 0
10 16 4
0 0 16
6 3 4
13 8 5
1 9 11
10 1 8
7 8 10
7 15 1
3 0 13
14 15 3
9 9 8
0 3 10
0 7 7
2 7 12
0 6 2
5 5 15
2 1 18
2 7 13
8 6 10
3 5 15
2 7 10
1 1 11
11 1 7
1 3 0
11 12 5
0 1 17
0 1 18
9 6 2
2 11 9
12 14 6
5 7 13
3 1 17
10 19 1
3 6 12
2 2 16
10 10 2
6 4 14
5 3 4
6 8 7
9 9 0
9 6 3
14 12 5
2 15 4
7 3 7
0 0 16
1 0 19
15 12 4
0 0 14
1 16 3
12 0 4
8 7 12
2 1 14
4 3 16
6 19 1
7 11 4
2 1 18
0 0 20
14 9 6
0 3 14
0 0 20
12 4 8
14 15 5
10 0 6
11 8 2
0 0 20
1 10 10
10 9 0
13 18 0
6 11 5
5 10 7
4 4 14
15 12 1
0 2 16
7 3 10
2 2 17
18 19 0
15 6 3
4 3 16
6 3 12
2 6 7
1 2 12
0 0 14
0 0 18
1 17 2
1 7 12
5 1 15
11 11 9
3 7 9
6 10 2
2 13 4
4 4 16
10 7 7
1 0 19
3 2 15
3 10 6
12 5 3
0 0 19
1 4 16
4 5 14
3 2 10
4 3 15
4 1 10
5 2 14
3 7 13
15 19 0
10 1 10
4 8 10
2 10 6
8 4 12
11 6 8
0 0 18
1 6 12
5 1 15
3 1 16
2 4 11
6 9 7
3 4 16
11 10 8
10 14 5
7 14 3
15 13 5
0 0 20
3 7 11
13 17 1
1 3 16
7 3 9
11 8 8
1 1 15
3 7 4
1 2 16
11 1 6
0 2 14
3 3 6
12 7 7
0 2 7
4 2 16
4 2 16
1 1 19
3 3 7
2 3 15
5 1 15
7 7 8
0 0 19
6 11 5
0 0 20
0 3 15
6 5 12
4 0 11
7 4 8
1 2 18
13 11 6
1 4 16
2 4 6
0 0 18
11 7 1
3 8 8
15 17 3
12 5 3
3 3 17
8 4 9
10 1 9
0 2 17
11 2 5
0 6 2
2 5 10
10 12 4
2 0 16
4 11 4
1 8 11
6 2 12
3 8 2
7 16 4
4 5 7
2 0 13
13 5 0
2 3 13
1 6 9
11 6 8
1 6 7
16 10 2
0 0 17
4 3 14
8 8 1
10 13 4
6 6 6
7 3 13
7 0 13
1 3 13
7 7 13
0 2 8
12 8 8
3 0 13
12 2 4
3 2 15
4 0 11
8 14 4
10 12 6
16 7 4
0 0 19
0 11 1
14 10 1
8 10 7
2 0 18
0 3 16
1 1 15
4 0 15
1 0 19
5 14 6
6 3 12
1 2 18
0 0 20
5 14 0
1 10 1
0 0 20
13 11 4
13 12 6
2 3 15
4 3 14
6 3 10
2 10 6
4 15 4
10 7 7
0 2 16
11 0 1
0 9 9
5 6 13
10 9 10
4 6 8
1 1 19
15 15 3
14 12 3
4 11 9
2 0 13
1 0 19
13 5 7
3 15 0
13 10 7
11 6 8
0 0 20
2 1 18
5 13 7
3 1 17
10 3 8
7 2 13
1 16 1
3 2 14
5 11 9
6 6 4
7 2 4
4 0 12
0 0 20
15 11 5
0 0 20
7 3 11
6 3 8
4 8 3
7 10 4
16 12 2
6 5 12
5 2 15
4 4 15
0 0 20
14 2 5
10 13 2
0 5 13
0 0 1
5 9 11
1 1 18
0 0 20
11 4 5
16 4 0
0 3 1
0 1 16
1 3 15
0 3 17
8 7 9
1 6 8
1 2 16
11 2 8
3 3 10
12 11 5
18 2 2
12 3 5
9 13 7
0 1 9
7 6 11
2 10 10
2 2 18
18 6 1
18 7 1
13 11 1
1 3 16
5 4 9
2 2 18
0 0 19
16 1 3
3 10 6
4 0 16
0 0 12
4 10 3
15 13 5
0 0 20
0 0 18
4 5 11
3 7 4
5 0 4
3 0 17
9 16 3
0 2 12
0 1 17
7 7 11
3 3 17
5 0 12
1 0 15
11 1 5
16 3 3
8 0 11
1 0 19
8 0 6
3 17 2
9 17 1
15 1 0
0 5 15
0 12 8
2 1 18
5 8 6
1 1 19
6 3 12
0 2 13
11 7 8
14 9 4
2 0 16
14 17 1
7 2 10
1 0 19
20 17 0
1 10 6
0 0 20
6 6 14
5 0 15
9 9 6
10 5 8
9 9 11
1 0 19
1 0 19
15 18 0
2 11 4
3 2 16
4 1 2
3 10 10
2 2 16
1 2 1
2 2 15
12 17 3
14 7 5
6 7 7
16 6 4
3 0 17
2 7 11
5 4 14
6 1 3
1 1 18
1 1 16
15 3 5
3 6 12
0 0 20
0 3 13
0 4 11
9 3 2
0 1 18
3 10 7
1 0 15
0 0 17
3 4 12
3 5 9
2 5 12
7 9 8
9 2 6
13 7 6
9 5 11
0 9 7
5 2 13
5 17 3
0 2 17
5 4 9
8 2 10
5 1 5
5 15 4
1 10 1
1 1 19
0 13 4
1 4 7
3 3 17
1 2 9
14 9 6
1 1 19
5 4 10
17 10 1
1 3 13
8 13 7
7 3 5
14 12 0
0 1 17
2 0 10
5 3 10
0 0 20
0 0 20
0 1 19
1 4 14
11 13 7
4 2 15
5 0 15
3 15 5
4 3 16
0 1 19
10 8 8
3 4 16
4 4 11
5 8 12
6 1 13
4 7 10
5 4 11
0 2 18
1 0 16
1 4 7
0 1 19
4 5 14
1 2 18
11 0 9
0 6 3
0 1 19
18 2 2
2 2 17
4 5 15
0 7 1
1 10 5
5 8 9
2 9 9
1 0 18
3 3 16
1 8 0
1 2 4
5 7 5
0 5 15
10 6 7
1 6 11
1 7 8
10 2 6
2 1 9
0 0 20
2 2 16
3 5 14
17 4 2
8 7 10
3 4 12
12 16 3
8 1 12
12 9 4
15 0 4
0 0 20
1 1 19
4 2 15
1 5 12
16 7 0
2 1 10
0 3 10
14 5 0
10 14 3
3 5 14
8 8 8
1 0 19
4 1 16
1 10 3
2 7 9
0 0 12
3 4 4
7 1 10
10 12 5
0 0 20
5 16 4
5 2 12
4 6 9
12 3 2
19 18 0
0 2 11
7 8 11
0 0 17
1 0 18
3 8 11
12 7 1
5 4 13
5 8 1
12 3 3
5 0 14
2 5 13
3 3 16
7 8 8
4 4 9
13 4 5
3 2 8
4 6 14
1 6 13
7 5 13
1 0 19
0 2 13
1 0 19
10 13 4
6 11 8
0 0 18
0 3 17
7 16 0
3 14 0
9 10 8
8 9 10
10 7 8
1 6 14
10 6 7
10 6 5
0 0 20
4 11 7
1 13 2
1 17 1
2 5 13
5 15 4
10 5 10
9 5 6
3 3 17
5 4 7
4 1 15
2 0 15
0 0 20
1 1 15
13 10 1
5 2 14
1 13 0
2 0 18
6 9 9
10 1 9
2 7 1
2 5 7
0 0 20
7 1 7
0 0 20
7 5 13
6 2 11
0 0 15
0 1 18
3 5 15
5 1 13
15 6 1
5 15 3
10 4 7
1 3 15
4 3 16
0 5 14
0 0 19
9 14 6
5 0 10
1 2 18
11 0 8
7 0 11
5 9 4
1 18 1
3 0 16
18 15 2
3 10 10
2 2 18
6 3 6
2 1 12
13 5 5
12 13 7
1 2 17
4 3 10
5 2 11
15 12 2
3 4 11
0 0 20
9 9 11
6 5 14
0 0 20
1 1 18
7 9 3
0 0 20
0 3 10
11 11 0
2 5 14
4 0 16
3 1 13
5 3 12
10 4 9
3 3 13
10 6 8
6 4 10
0 0 3
15 18 1
5 7 0
0 0 20
2 1 16
5 9 11
1 4 16
15 4 5
8 3 4
0 0 18
3 2 14
13 10 2
11 14 3
2 10 10
2 17 0
1 8 11
6 1 5
18 12 2
12 13 0
0 1 13
2 2 15
3 3 17
6 1 10
5 4 15
0 3 5
3 2 13
0 0 20
11 8 2
5 5 7
2 1 18
2 2 18
20 13 0
15 5 4
10 9 5
0 6 14
10 9 10
1 9 11
3 10 5
3 1 15
1 1 2
0 0 13
15 9 0
6 5 14
6 7 11
15 12 3
9 18 2
3 4 16
12 1 8
1 0 11
1 0 19
4 5 15
4 2 16
1 1 18
0 0 20
6 2 9
0 10 6
7 8 9
13 9 1
0 0 20
3 10 6
2 7 9
6 8 7
5 5 12
10 5 1
3 9 3
5 6 4
0 0 20
0 0 20
1 15 3
7 5 11
6 9 11
0 1 19
5 15 3
0 4 14
19 19 0
0 0 19
0 0 20
7 6 13
2 5 3
1 5 14
2 13 4
0 1 19
7 2 4
0 3 17
2 3 16
15 1 3
0 3 15
4 1 15
0 1 19
6 5 13
8 0 6
2 1 15
0 0 20
6 0 9
0 8 8
1 12 6
0 2 17
13 12 1
3 2 9
2 2 15
8 11 6
11 12 5
2 4 14
0 8 10
1 1 19
9 3 7
6 9 4
5 2 13
16 7 3
1 0 19
4 3 16
9 16 3
6 5 3
4 2 6
10 12 4
9 10 9
1 7 8
0 3 17
0 3 16
1 2 18
8 7 5
6 0 13
1 4 12
2 0 18
1 0 19
2 6 6
2 2 15
0 0 20
4 10 4
11 8 4
1 6 14
4 2 12
5 0 12
11 10 5
10 3 9
0 3 4
2 6 14
1 1 18
0 6 12
0 18 2
6 5 14
1 0 19
3 0 12
4 8 10
1 2 5
9 4 8
7 4 0
0 1 19
4 6 14
7 10 3
3 2 15
1 2 16
5 12 6
13 15 3
14 11 5
12 8 1
5 0 4
0 0 20
6 6 12
0 4 16
7 12 2
0 0 18
10 1 2
7 10 10
13 0 7
9 15 5
10 2 5
11 10 7
11 10 6
3 1 16
5 5 2
7 5 9
5 6 8
4 14 4
11 13 2
6 12 3
3 9 11
0 1 19
0 0 20
3 1 14
12 7 2
0 0 19
3 8 11
1 1 16
0 3 8
1 0 19
1 3 16
2 0 18
2 0 14
0 1 18
2 0 18
6 9 10
0 0 20
4 7 13
0 12 2
10 7 7
6 8 7
1 0 18
3 10 8
5 6 10
0 1 18
2 8 12
3 8 5
4 3 12
4 5 14
0 15 4
8 6 0
1 0 19
4 0 16
12 3 5
6 1 12
1 5 12
3 5 15
15 5 1
0 1 19
9 10 7
0 5 10
9 4 10
12 11 5
3 2 14
7 11 9
11 7 4
8 16 4
8 4 9
9 0 10
4 12 2
5 0 14
2 4 7
5 4 15
1 2 17
1 7 10
5 8 10
0 2 4
0 0 16
0 0 20
