510
42 100 183 188 2
1000
-764 393 48 64 121
767 202 58 57 107
-520 78 44 35 183
944 300 48 36 130
-954 179 59 54 193
665 255 64 60 134
641 294 39 49 162
-707 145 57 41 192
-587 38 41 42 160
-966 392 60 50 114
633 174 41 53 132
436 387 37 66 152
544 39 52 37 148
147 61 58 51 172
625 138 57 57 136
-343 232 35 62 121
-517 42 40 51 105
744 50 53 42 194
-934 118 49 56 185
-260 258 54 56 158
-444 222 56 60 157
-91 183 44 38 138
-51 249 53 63 200
-61 289 65 42 132
877 238 46 34 148
719 137 46 34 184
2 195 62 62 172
858 291 61 52 151
266 89 61 40 185
-723 182 41 51 167
-856 384 44 50 135
198 343 43 51 127
261 301 50 54 181
925 388 42 56 159
166 182 49 57 142
-935 322 63 43 105
590 6 40 62 143
554 158 56 61 197
-480 167 59 60 180
755 19 57 63 121
333 295 64 60 128
942 88 43 46 145
390 167 58 43 195
-482 278 48 65 107
-305 330 37 53 118
147 193 64 35 196
865 319 51 63 148
186 262 51 62 105
-959 184 48 57 168
522 279 37 35 129
329 69 53 49 130
-75 404 36 42 128
71 86 40 35 133
-328 43 36 65 178
-738 375 65 55 110
331 266 50 46 129
699 291 58 53 191
-63 351 53 66 188
-874 105 38 45 198
236 292 58 48 156
-457 238 48 53 198
-258 244 34 45 192
-563 187 45 43 184
-653 223 47 63 159
210 288 63 37 183
-384 11 39 41 133
-422 123 45 41 158
-311 68 63 36 144
-703 124 44 54 106
948 28 49 42 179
-381 82 34 35 127
623 312 38 46 199
-888 112 58 63 143
670 184 49 42 127
398 245 43 52 117
-973 351 47 40 103
-687 67 54 62 186
770 109 42 45 145
174 240 46 47 150
904 149 64 36 130
-879 81 63 45 166
-293 194 50 54 127
549 71 61 45 101
355 248 37 65 121
-33 398 59 61 141
623 377 53 61 160
784 60 39 39 184
-500 230 55 63 134
-327 193 41 44 138
184 25 39 44 149
-330 399 50 36 112
755 81 62 44 188
-636 246 42 48 187
375 206 49 64 136
-834 79 35 45 133
617 198 42 55 177
573 348 66 65 146
374 406 58 43 145
491 110 34 39 122
-80 248 46 50 131
913 327 65 53 135
-196 257 61 55 138
-105 60 49 59 196
-611 81 58 48 164
862 161 55 50 184
-907 147 65 34 108
675 225 47 52 168
298 347 52 58 116
-225 74 60 43 142
-258 284 66 46 132
972 147 41 55 135
-615 24 47 64 118
606 278 42 40 195
-583 202 61 47 122
330 144 40 50 135
-152 222 64 44 107
-35 209 44 41 177
-509 211 34 57 108
493 246 38 49 116
-576 70 57 45 180
-880 140 45 38 130
740 361 53 46 190
7 371 42 56 101
824 282 45 55 143
-926 272 64 65 186
-864 224 66 43 187
284 195 46 34 118
-365 330 58 48 140
316 239 58 58 126
215 55 66 51 159
-42 189 46 44 135
217 57 60 65 185
569 48 65 34 139
847 264 56 41 133
434 188 53 49 106
-636 241 57 60 180
-246 345 61 48 140
443 161 40 65 119
152 143 42 57 196
-12 222 35 61 106
940 196 48 53 104
-288 4 66 54 173
-111 227 52 46 190
410 48 64 46 169
248 66 66 37 172
-473 388 42 44 124
-66 374 63 63 120
-109 363 58 64 188
-464 79 39 35 157
-214 141 42 38 183
823 372 57 35 136
-309 80 49 51 186
978 256 55 59 118
16 206 60 45 136
969 96 51 57 182
-124 118 66 35 105
-181 66 35 64 177
-100 18 37 55 145
656 356 36 62 179
686 380 61 54 148
-35 256 46 61 160
-802 268 43 54 107
-891 354 60 47 116
-145 242 55 62 124
-343 196 39 65 136
-540 196 59 52 152
282 221 56 59 189
-413 329 46 52 158
-67 237 46 50 178
-365 309 36 48 193
-547 116 50 66 107
770 335 58 52 190
398 215 57 55 101
-179 402 39 58 114
428 259 54 54 170
-578 320 36 59 196
561 170 64 66 152
-265 139 54 51 162
685 28 47 35 144
264 98 39 55 190
-297 71 63 65 184
20 41 62 44 163
-960 50 56 62 167
-676 283 55 49 165
-496 304 64 63 147
-755 115 42 44 116
-33 77 58 57 155
-961 27 36 60 194
140 75 43 59 153
-839 28 62 36 194
-991 375 62 55 140
-657 259 42 42 190
-275 255 51 59 180
212 192 38 59 172
-778 320 61 46 166
137 39 53 61 127
-821 393 48 65 163
-666 224 56 34 139
773 214 34 50 137
642 246 58 53 154
654 30 40 65 162
-733 348 35 45 130
786 106 40 59 103
91 140 63 43 198
-259 352 52 37 118
-557 215 40 64 125
420 67 60 46 117
-462 241 39 45 138
-527 239 49 47 160
838 165 55 63 164
-537 220 47 59 134
581 7 55 63 155
30 209 45 54 156
187 294 65 45 147
-279 33 50 47 173
-666 99 43 35 173
960 191 57 57 132
654 186 50 48 147
-896 318 46 46 143
-831 410 49 49 142
196 282 55 37 142
-453 79 66 58 159
874 233 40 47 142
-735 145 60 62 126
652 335 43 43 181
705 219 38 47 104
-241 179 57 35 129
133 39 51 44 142
-319 410 66 53 112
391 277 53 46 127
-212 51 38 63 142
-515 311 35 52 150
-660 245 61 48 153
626 52 59 53 126
672 176 66 50 172
-903 270 56 45 199
258 346 57 52 101
-688 202 51 42 197
-708 296 41 58 123
-231 260 39 66 192
311 59 53 62 103
765 140 46 38 162
-418 120 37 59 130
-571 260 48 41 165
-752 386 52 44 139
-762 175 36 36 116
780 140 52 46 195
-308 390 53 45 176
-234 324 42 36 165
482 168 45 61 176
-177 392 34 40 127
-365 349 49 63 182
262 174 55 48 184
-252 89 59 40 132
481 406 60 59 144
-87 70 47 66 167
965 26 59 34 127
652 61 51 65 193
-436 358 50 61 189
831 169 54 61 102
329 109 42 34 123
-523 223 38 34 147
-470 252 35 45 200
-265 128 53 42 131
425 359 56 40 106
355 70 42 44 152
-405 350 39 44 176
945 347 48 63 173
-918 34 43 56 115
341 231 36 50 138
-540 372 48 66 178
106 148 53 59 162
882 137 55 56 161
363 365 49 54 139
299 260 38 56 186
-381 45 37 51 162
974 253 51 66 183
605 70 48 50 192
714 292 41 34 111
-104 119 44 58 169
4 409 43 56 107
77 272 56 57 133
633 343 59 58 111
-652 51 55 37 152
-834 385 35 50 183
995 211 41 60 195
-379 160 60 37 110
-899 297 50 41 126
-577 169 47 59 194
911 144 37 64 131
-856 388 45 50 125
-395 264 53 53 125
-757 16 48 52 160
104 241 39 63 188
-565 363 53 51 188
850 291 39 44 112
312 279 38 34 178
-844 36 35 45 186
917 400 37 39 197
-285 64 42 48 148
127 373 56 64 195
738 62 52 38 153
-694 267 64 38 191
-621 357 35 52 139
-13 318 52 46 151
-285 1 66 61 168
-409 16 66 54 164
596 402 39 56 136
628 325 58 46 162
716 4 52 64 162
-380 24 66 40 163
414 327 36 50 170
-603 156 52 62 150
252 322 59 61 112
60 247 65 49 138
-114 24 66 35 173
128 101 46 35 103
431 221 51 63 170
271 331 49 46 188
-428 48 37 53 150
-160 403 58 44 191
268 356 55 62 180
-777 162 66 59 110
-703 223 43 58 128
294 5 56 48 174
-821 285 34 55 176
-282 134 63 48 169
113 134 37 44 118
-958 317 51 63 200
-541 99 35 66 194
482 336 53 38 183
-385 117 64 66 133
-541 404 37 37 191
-297 260 50 55 173
291 102 57 42 195
868 116 35 53 139
582 123 55 55 156
441 29 34 42 169
699 58 59 49 152
315 282 58 45 117
982 365 47 59 185
214 141 59 37 126
775 318 51 56 134
837 89 44 51 152
377 58 48 53 180
-735 399 39 52 155
685 337 62 49 133
-47 10 35 66 137
758 403 54 37 132
794 5 34 54 136
825 117 56 61 182
-488 260 45 45 192
-904 375 54 37 190
-275 346 64 59 182
-969 100 53 46 195
747 37 64 65 187
279 148 40 63 175
571 142 35 54 173
274 31 59 49 118
-265 231 56 39 108
517 339 64 48 180
-205 126 37 50 125
606 401 36 42 148
122 15 53 34 150
-535 13 35 58 170
-139 232 51 35 182
-141 156 58 45 137
686 133 49 60 171
171 83 63 43 153
975 144 53 41 154
128 54 35 49 128
-864 347 59 42 144
-192 378 49 60 196
863 262 65 47 121
-249 262 47 52 136
-874 338 38 51 150
-116 276 49 66 155
-338 18 61 41 110
817 299 66 57 104
391 229 41 42 161
-206 315 47 57 110
-340 51 36 44 101
763 45 63 65 176
215 204 60 52 163
89 390 51 42 169
857 24 45 50 110
218 136 52 52 114
-740 77 51 56 126
782 141 49 42 125
761 356 58 40 167
-11 102 48 38 181
78 131 65 39 184
-820 218 66 34 123
834 278 42 47 146
321 209 56 42 174
724 15 37 42 196
-558 127 36 62 104
497 25 65 62 176
492 294 60 43 137
-78 402 56 48 163
-396 251 53 45 105
37 80 58 42 174
116 379 44 54 138
-797 144 56 61 116
380 182 45 56 155
693 63 34 41 174
977 98 37 55 181
-428 149 35 54 184
-855 221 44 37 131
-413 333 39 58 111
-54 144 51 48 118
758 393 55 65 127
214 207 53 35 156
-114 184 48 56 194
505 348 37 45 179
116 158 61 53 168
-518 285 50 41 123
47 104 55 34 132
946 25 59 47 196
301 65 64 65 133
-45 231 51 64 182
898 370 66 51 144
760 50 54 62 150
-442 158 66 62 130
-713 390 55 44 152
-588 390 59 35 147
-906 214 55 36 161
76 409 41 42 179
334 210 47 62 172
407 168 39 64 136
105 279 52 66 139
433 158 37 45 130
-439 44 53 35 112
-678 149 38 42 127
757 82 58 46 186
-158 141 50 61 147
287 154 34 56 138
154 121 45 36 129
-588 372 50 40 129
-614 266 40 45 131
832 157 58 37 199
-156 231 42 61 196
715 45 35 38 124
9 192 59 65 108
-468 189 55 56 124
280 365 36 43 169
324 356 36 62 141
-457 39 42 51 131
-684 61 41 44 177
-88 191 50 58 152
-634 57 60 54 124
-649 389 44 65 161
344 359 39 48 144
-401 233 61 39 174
775 189 36 34 111
683 365 37 65 111
-52 319 61 41 188
708 98 35 55 178
823 302 44 45 190
-823 174 38 44 180
329 198 37 66 188
-414 195 47 42 165
-74 325 46 42 187
-44 301 46 51 189
328 363 43 50 179
366 389 61 58 163
-519 168 47 39 178
-241 317 38 66 184
221 322 45 54 125
754 303 42 38 186
317 332 50 43 140
487 94 66 59 139
859 246 48 56 127
805 200 46 54 183
666 376 48 56 153
58 83 38 42 193
-412 260 38 58 196
-76 225 65 54 145
257 365 39 59 144
727 247 59 34 175
-828 327 42 53 181
-501 374 45 57 121
398 291 44 51 140
980 12 60 63 116
-283 304 38 51 164
-290 372 53 63 140
-799 91 52 37 177
-136 298 42 39 182
-576 26 62 53 106
614 74 35 43 156
-265 144 57 44 173
-373 139 37 37 161
363 336 61 56 158
-398 330 47 66 155
-734 153 57 61 137
-451 303 35 37 107
-85 316 48 51 109
-475 290 42 52 130
437 379 46 41 171
-721 2 59 40 175
-34 136 64 35 107
37 115 61 44 198
807 91 52 61 147
-125 230 63 48 163
-627 136 36 41 124
357 81 63 51 113
-157 382 48 51 139
-545 206 35 61 156
-496 249 54 42 105
-615 86 41 41 151
409 210 46 61 143
-164 362 57 43 184
865 207 50 50 107
-569 278 65 40 120
-993 246 65 45 181
-119 18 64 34 123
-266 132 62 65 134
-629 48 42 38 146
-316 188 61 56 129
-854 29 38 56 180
331 342 47 45 138
472 326 52 46 125
349 247 37 36 130
-511 332 43 52 180
-592 352 37 41 139
-514 108 45 44 115
-658 122 48 56 142
-783 216 62 37 173
390 356 50 64 127
690 404 64 54 134
531 223 39 38 152
269 118 51 50 124
-540 274 43 55 138
361 238 37 56 200
398 177 34 52 117
-322 103 48 47 176
-86 257 55 63 181
595 94 35 51 169
622 300 53 61 195
-703 389 40 63 159
380 341 50 49 164
457 10 59 42 129
-886 372 48 65 190
-134 277 52 56 103
382 227 50 66 150
-139 24 45 47 162
343 274 36 38 150
658 77 43 61 115
-158 316 43 54 127
592 394 42 66 193
579 230 61 42 106
831 379 38 54 145
64 389 66 38 145
909 111 42 65 101
222 73 57 60 184
861 125 59 37 163
309 331 62 66 155
999 114 35 53 115
646 245 42 63 117
546 273 52 38 130
724 124 48 44 172
-118 270 44 57 153
499 286 36 65 135
976 206 65 53 174
632 226 44 63 200
-853 175 34 60 104
652 369 49 46 165
442 306 54 51 109
866 187 46 43 154
-873 11 53 34 190
706 68 63 61 148
-770 366 58 58 152
255 252 56 53 183
-749 347 36 62 110
409 344 61 44 126
643 371 56 42 192
973 181 50 48 110
444 194 66 36 128
136 157 64 34 128
247 129 51 46 122
-565 390 34 59 164
-531 30 62 58 192
-235 193 42 58 136
222 275 56 48 144
-740 28 38 43 194
915 94 54 35 199
772 35 37 36 144
404 362 63 53 176
738 373 52 40 146
262 329 53 58 166
696 390 53 53 101
-691 112 42 44 131
-113 95 51 53 168
491 66 51 50 133
-29 334 52 54 121
-554 145 58 35 187
-372 386 45 66 155
917 398 64 49 183
-837 137 54 42 138
302 41 60 54 123
-2 178 48 50 128
-899 94 63 34 167
144 296 35 66 112
573 364 49 42 125
130 30 45 58 191
-630 193 65 52 106
-206 137 43 47 177
-557 270 40 55 158
-695 0 35 34 187
-194 56 35 53 105
853 233 52 54 139
-690 274 41 63 129
382 227 66 51 200
-530 79 53 64 171
879 158 52 56 127
-722 301 46 45 181
-736 356 46 40 166
917 193 64 35 192
-242 374 54 53 113
923 173 49 44 153
-411 85 55 64 132
356 322 39 43 193
470 371 43 45 177
839 198 45 56 123
914 84 65 42 184
818 94 38 56 148
890 118 53 43 158
767 82 55 49 190
938 385 47 54 129
-540 263 52 45 112
-466 303 58 53 189
981 138 57 46 145
844 321 63 51 147
753 355 34 42 157
195 124 51 66 148
433 92 38 35 128
-835 52 53 41 124
-915 376 44 40 113
863 2 45 54 193
326 51 61 60 129
753 158 37 34 175
-962 268 47 38 115
569 162 62 41 114
-845 195 46 54 117
-209 359 60 41 166
583 298 37 58 123
567 275 46 51 151
-275 70 57 65 142
282 73 43 62 132
-914 263 42 52 124
-378 91 55 52 121
-118 112 43 58 188
-823 41 61 41 105
712 155 66 35 198
-147 105 47 39 138
-170 271 37 64 143
67 290 40 66 191
-616 318 66 41 130
-408 324 34 64 113
-253 121 45 52 143
-100 54 61 64 163
-180 315 38 50 163
-989 141 54 61 199
-804 301 57 66 144
143 383 59 63 153
-559 398 45 61 192
627 365 56 66 164
-169 224 34 45 115
715 118 64 62 105
392 158 54 62 120
-885 55 66 56 124
37 199 55 61 142
-708 40 54 35 123
-664 343 66 64 159
473 186 58 40 190
82 114 47 42 192
45 227 64 44 130
-44 368 52 46 174
-636 343 44 45 181
-722 167 55 63 180
105 241 49 66 144
-127 275 57 53 139
-719 188 42 59 185
-117 110 39 41 115
176 171 37 51 185
354 313 39 60 184
243 303 57 45 129
908 102 52 38 182
765 408 54 38 130
-126 252 63 65 101
-306 404 34 59 167
324 130 44 61 194
888 240 44 39 162
-67 386 35 54 184
789 372 34 37 117
-857 369 46 45 168
492 384 64 62 140
99 223 47 61 131
-233 107 63 60 159
-297 304 55 61 148
626 338 36 57 160
501 126 48 41 162
853 346 39 48 192
-903 308 38 54 189
568 8 43 58 125
340 343 58 45 177
-472 372 59 43 115
-986 331 49 42 144
-29 35 37 36 187
220 62 39 42 114
61 402 37 51 175
230 320 66 37 193
-930 379 65 53 107
875 29 59 41 104
-928 392 38 44 156
56 99 50 65 160
-507 206 42 50 124
392 252 56 46 147
-301 190 47 36 171
-606 258 37 65 181
-483 119 35 48 120
-597 41 51 35 159
756 285 59 60 135
421 272 41 51 171
-563 285 50 61 200
-123 96 62 54 148
-919 127 61 35 105
579 134 53 41 136
-182 101 47 63 192
-56 298 51 53 108
-116 336 60 51 102
21 254 52 58 125
173 44 41 34 112
543 390 47 66 144
592 298 48 64 120
127 154 35 49 169
197 220 60 52 108
177 41 60 65 141
443 70 62 45 144
-550 245 37 50 123
-79 345 45 66 155
161 258 49 50 143
791 149 36 60 155
-849 244 65 61 141
714 383 52 49 152
-56 375 44 64 136
-136 125 59 66 172
542 180 56 41 182
5 221 55 57 185
-978 7 65 65 139
-68 49 39 45 162
-925 306 60 58 192
-728 62 35 35 130
-29 358 34 63 137
-495 277 52 56 135
-51 380 63 59 170
-625 333 56 42 129
-558 88 46 44 186
-469 26 53 50 113
-669 98 62 59 164
942 291 56 53 156
499 246 46 52 157
-22 215 54 39 156
354 390 47 43 173
810 389 65 46 128
940 130 35 34 168
229 98 40 38 169
223 341 56 62 191
-307 200 41 37 185
-467 25 55 60 162
-307 167 65 48 195
940 281 58 54 131
449 369 60 45 124
626 119 51 45 115
-838 31 48 66 200
-175 259 52 46 143
-907 57 44 55 152
-703 1 66 53 135
-709 71 66 64 166
998 361 40 36 136
76 113 58 40 158
460 117 59 34 157
-384 41 39 62 108
-954 280 65 45 150
-130 37 59 43 186
-539 104 55 59 159
854 151 52 61 181
506 85 49 42 111
791 367 63 46 191
-695 161 58 54 134
-955 339 43 52 180
-571 338 54 47 117
429 6 63 53 192
762 219 38 58 143
-996 250 34 37 134
642 180 49 53 195
-449 314 39 40 182
418 210 59 40 164
-605 106 56 59 161
-288 122 58 62 114
-783 197 60 56 179
772 244 43 46 122
-53 111 51 37 121
-700 205 62 50 114
-202 22 61 43 111
369 168 52 51 124
-434 120 48 39 122
647 56 40 53 180
470 385 59 57 134
-379 106 45 58 169
-954 49 53 58 133
174 232 66 35 176
995 234 57 35 185
-316 89 35 56 124
419 243 37 53 200
-444 244 45 38 187
383 194 47 64 151
729 365 63 41 169
-67 251 46 66 165
648 220 41 37 142
-559 269 60 58 137
-799 328 40 50 169
529 314 39 64 102
-157 166 40 41 195
402 343 45 54 169
344 112 56 64 117
976 292 63 47 160
-568 53 54 47 121
180 316 66 35 164
-964 155 60 34 123
-892 22 64 40 109
-612 355 53 59 147
569 325 41 61 150
174 343 36 59 179
556 41 39 42 113
-957 345 53 56 138
-149 351 51 60 189
640 57 52 52 173
-33 157 46 59 197
-526 207 56 55 123
344 290 63 56 130
-579 272 40 47 110
201 16 47 47 179
-6 134 46 60 121
-301 258 64 43 155
-189 35 40 45 185
256 122 62 65 190
57 92 35 60 136
-791 346 56 40 174
-239 49 62 61 198
-100 166 42 40 168
646 342 61 44 180
-98 394 43 38 147
-977 82 60 35 197
-725 104 66 54 191
-28 138 37 56 117
91 286 62 64 174
213 83 61 59 189
-191 315 62 53 197
769 61 43 42 126
-937 114 61 37 115
633 277 34 43 146
839 337 51 53 178
556 20 51 55 157
-749 332 37 51 147
123 68 40 54 194
438 309 50 43 173
750 205 59 37 178
10 308 43 50 156
-246 140 34 54 171
-584 212 43 34 157
-842 158 40 44 153
597 28 46 50 137
146 43 44 44 177
230 236 56 37 197
894 370 61 41 171
-996 383 48 52 145
-731 51 63 63 166
-978 170 55 52 142
896 263 66 49 145
274 138 35 43 178
398 195 35 35 119
760 54 41 42 110
594 309 55 35 127
-523 210 62 51 152
920 373 60 56 200
-431 10 50 40 172
866 320 49 48 139
-764 75 55 35 172
285 293 40 55 153
721 55 62 55 147
521 218 35 36 114
-284 209 35 58 120
-68 136 48 59 196
879 408 44 45 187
22 393 35 55 197
565 318 57 51 170
-12 133 53 44 174
-518 131 57 58 157
-229 200 42 42 197
654 207 52 58 117
603 258 57 51 185
-938 205 37 61 107
987 157 65 42 177
16 103 58 47 154
-569 47 53 44 135
-368 109 46 62 126
-773 156 53 66 186
677 362 52 35 149
927 337 59 51 109
909 341 36 66 161
340 384 53 44 121
769 126 37 50 164
571 331 39 38 136
-906 193 35 43 178
652 94 34 57 140
-150 83 58 59 174
550 218 44 38 126
523 399 36 60 171
-822 86 57 43 174
-328 198 59 39 130
849 250 35 59 190
929 277 52 58 199
945 172 58 65 129
-723 406 58 38 153
-451 212 54 61 149
567 45 37 48 160
-770 152 36 58 167
-370 194 44 62 177
-651 382 56 62 149
786 150 50 42 134
335 76 58 56 137
306 61 60 45 132
155 86 36 56 171
-347 266 49 63 114
341 122 61 49 128
-642 382 35 34 174
570 143 59 44 188
690 191 44 35 132
-493 402 46 36 157
-694 84 38 45 164
-966 284 54 52 181
732 20 51 56 105
575 404 44 40 169
784 222 44 44 194
-484 343 56 46 101
-547 217 50 60 194
211 137 51 48 123
-951 56 46 46 143
-444 200 49 62 173
552 61 55 58 134
-921 277 52 53 110
317 79 66 48 188
-505 207 51 46 140
-646 352 37 47 168
17 264 49 49 118
-30 94 54 65 187
77 245 55 59 169
476 27 58 41 177
103 409 41 52 165
362 403 51 66 198
852 341 40 65 109
288 268 51 35 176
-374 397 42 58 185
-76 321 65 54 173
-329 199 47 43 141
-792 58 60 51 189
947 304 63 66 102
901 259 58 60 116
-563 326 44 62 132
-159 14 37 48 160
920 94 45 47 146
-700 382 63 55 178
-555 331 65 34 175
-941 34 44 38 136
362 338 64 64 152
461 130 59 44 155
-799 45 60 46 122
655 100 44 56 111
532 380 66 42 152
956 294 38 41 152
299 409 52 60 139
-15 304 51 48 184
679 377 60 42 198
790 34 49 40 107
342 177 65 42 171
-173 31 59 64 116
-792 95 35 66 179
-409 44 62 38 117
65 408 66 44 165
27 182 45 42 150
144 105 53 51 110
796 85 41 56 157
-162 18 51 38 167
149 64 48 40 111
-946 326 55 63 109
-647 291 53 65 163
243 204 49 39 119
952 138 48 59 158
891 230 39 58 186
