645
13 170 182 137 7
1000
-217 59 54 66 118
913 252 34 62 173
-615 454 49 41 146
-362 118 57 55 199
-556 151 64 42 191
-239 275 49 51 129
896 428 48 46 137
404 534 38 64 111
-682 430 34 45 185
33 205 59 54 152
36 74 46 66 137
-944 160 59 49 158
692 213 54 39 179
-893 374 34 66 163
233 63 34 50 114
-758 481 65 34 130
694 255 38 49 155
-79 179 51 46 188
924 78 51 37 177
-340 14 64 60 118
25 500 56 64 189
-270 145 36 38 199
941 52 52 54 165
-952 279 52 39 111
407 49 53 34 186
-754 278 44 34 148
358 113 49 40 183
598 150 51 49 187
-149 396 37 39 116
-207 260 59 37 136
-3 210 51 53 164
647 117 60 34 155
-585 67 59 57 185
756 167 63 37 132
879 167 48 48 175
387 8 55 44 167
-906 381 44 39 191
-82 494 45 66 173
428 249 64 57 114
138 177 36 66 185
180 496 56 51 197
882 437 48 34 157
648 312 35 42 166
-581 208 48 43 124
522 537 57 40 189
995 349 49 49 133
552 155 38 39 154
282 150 66 48 184
417 334 36 57 151
-118 273 38 57 136
-455 522 43 62 125
-676 18 57 39 128
-199 271 39 60 106
424 432 37 48 174
-307 63 37 46 125
133 115 37 38 159
-695 92 38 34 158
842 453 54 39 159
816 128 43 36 133
-48 278 42 55 135
-256 365 61 48 193
-708 397 34 50 134
732 347 47 46 171
-321 264 47 38 175
-994 72 60 53 187
-279 104 41 46 141
-85 67 37 58 159
-688 154 65 58 128
138 234 57 45 166
-147 199 34 36 123
-802 463 59 47 198
-559 523 44 53 184
950 448 49 35 151
426 345 38 38 114
-346 449 48 48 154
482 506 39 51 191
-191 287 49 65 150
574 197 53 64 176
-142 17 38 65 169
-481 305 61 57 123
-761 100 54 64 133
-204 255 49 64 200
551 439 64 49 101
729 438 48 42 172
-105 182 50 49 111
133 18 52 57 133
-976 164 41 65 172
646 388 55 37 161
-733 253 48 47 118
307 189 56 47 111
681 47 53 62 148
515 89 56 62 182
956 390 50 49 179
832 498 51 37 123
676 417 53 63 157
811 170 50 56 122
207 117 46 39 118
-304 519 49 34 118
24 340 36 56 164
195 203 60 51 196
-916 538 34 56 170
997 409 59 53 152
74 339 54 35 176
-712 69 35 63 103
605 439 34 51 146
349 241 62 49 143
-259 230 50 65 137
170 12 58 59 127
-930 467 48 41 167
711 51 35 39 139
-435 45 58 64 144
-42 438 41 40 136
-121 316 50 52 161
218 225 55 34 114
810 484 63 60 106
562 275 38 47 181
-865 301 44 46 141
592 184 38 54 142
212 405 66 38 197
-565 205 66 35 162
438 132 48 36 184
-680 198 61 60 129
-338 369 66 61 112
287 390 47 51 120
-981 381 65 40 195
-447 25 34 43 185
-66 323 38 36 187
47 472 34 59 177
541 81 54 49 180
-990 333 55 49 113
965 271 66 49 108
-175 111 64 57 124
980 136 38 44 189
-574 261 44 64 197
-755 238 53 54 138
-117 362 47 49 106
188 366 56 60 165
-29 333 59 50 147
-460 355 46 52 128
277 201 42 62 136
-328 423 46 45 158
-516 496 65 42 194
391 169 53 63 102
-595 473 46 50 182
-672 10 64 51 114
313 499 66 65 167
-354 415 38 61 150
356 248 47 60 189
-132 244 43 65 166
-447 93 63 59 187
-590 367 40 56 141
677 351 65 43 169
-99 357 65 61 129
-126 78 37 51 133
31 252 52 63 150
334 388 56 56 128
-879 342 36 45 160
256 47 57 52 150
149 57 58 49 161
-597 302 41 35 187
239 174 51 44 178
318 113 38 50 194
900 312 57 39 109
408 103 47 55 196
-185 129 52 63 163
520 449 50 37 153
-648 104 62 53 117
-960 427 39 66 186
-228 88 61 56 137
483 383 36 34 167
-493 326 36 51 197
886 504 36 51 134
-383 462 42 38 181
413 432 59 56 181
-155 38 45 55 148
909 333 38 42 125
-990 10 44 63 157
-320 476 57 57 150
84 206 38 40 186
-833 251 44 65 135
-151 155 59 66 184
-760 285 50 38 166
184 243 37 38 131
723 52 55 61 158
-326 104 63 58 189
-424 263 36 38 182
952 512 65 51 104
695 361 47 44 196
828 244 43 35 106
497 84 55 65 197
-371 488 66 61 166
588 406 55 41 129
-637 349 56 45 196
777 197 56 57 119
606 75 56 36 109
970 202 40 48 104
-260 188 54 40 102
-835 234 63 52 172
-300 388 49 54 188
-714 268 55 52 106
-417 35 43 35 130
594 319 63 41 191
802 307 35 36 153
-492 307 41 46 176
-710 516 48 47 108
-704 28 54 51 173
-29 170 64 51 113
-780 540 61 48 130
535 101 48 35 107
-211 204 51 48 197
-571 445 35 41 138
758 436 56 36 134
404 176 45 60 183
505 256 54 46 134
140 138 37 45 188
559 208 43 60 146
-503 527 59 40 156
519 37 50 48 101
-909 248 66 42 167
-158 365 58 37 107
965 445 48 38 165
504 472 48 64 162
905 139 66 66 139
-656 24 42 41 162
-172 343 59 53 177
-181 370 44 39 162
265 112 63 57 195
-622 270 60 64 164
506 175 57 53 112
956 262 47 34 122
86 385 57 60 171
-845 299 61 40 170
528 483 48 45 155
627 277 51 61 118
-283 219 34 66 109
-483 501 39 40 144
896 77 64 40 165
-396 504 38 55 188
589 159 57 47 103
-357 422 46 46 180
919 76 41 38 185
484 376 46 53 129
-760 130 50 48 154
-432 279 51 36 168
586 374 41 61 105
-293 34 64 56 107
36 296 41 63 132
350 346 54 40 180
-372 26 66 66 177
-570 128 54 51 118
748 357 51 34 200
-841 279 43 53 152
-333 513 44 49 170
881 537 50 65 153
-277 328 65 46 107
-553 492 34 50 146
813 230 37 54 106
-964 364 54 53 107
273 161 65 53 179
-419 411 42 64 144
382 252 61 54 152
-609 458 51 37 163
136 328 44 45 179
-777 23 49 60 135
-222 159 62 43 181
-434 95 61 61 161
-897 252 61 35 151
-36 381 55 53 200
89 11 40 38 118
-630 229 37 54 160
776 519 56 45 170
-845 25 48 48 200
92 512 61 46 190
-784 106 53 42 197
-708 473 61 64 166
-828 438 48 42 183
44 501 40 64 148
-908 221 37 50 106
781 158 45 39 125
-853 48 37 43 104
187 91 55 45 110
-373 309 59 63 144
-452 499 40 57 133
735 476 41 59 161
-751 515 57 49 132
-441 367 48 53 126
15 164 64 62 139
-646 112 38 61 198
177 127 44 60 103
74 86 40 59 164
-909 505 42 45 112
-974 346 37 47 184
866 221 38 50 123
293 482 66 38 135
286 480 41 43 176
-792 89 49 42 196
866 328 35 52 121
786 541 39 37 196
-856 113 35 50 184
-883 299 34 45 102
161 342 50 38 178
842 295 35 66 128
-363 224 61 54 123
-102 496 45 39 105
954 338 50 58 133
-204 169 37 40 162
58 284 51 60 139
875 139 56 36 124
95 477 39 34 139
995 188 60 48 189
-223 10 36 57 110
37 2 47 39 195
295 280 58 63 141
-209 379 35 45 184
352 241 43 54 147
624 244 57 66 112
-438 197 45 39 131
-992 201 48 35 161
-358 120 43 36 126
956 226 62 60 113
179 455 63 43 188
-253 154 43 34 111
-665 476 62 57 128
-39 404 59 47 188
200 411 44 56 159
656 111 56 60 103
-643 444 59 56 125
34 453 34 47 150
827 331 49 37 180
952 239 35 34 174
218 207 66 51 185
948 211 64 59 164
-4 213 49 38 102
316 473 52 57 188
-458 393 52 55 117
-844 404 66 65 147
-731 142 50 64 161
-578 357 62 56 176
-851 314 43 37 187
108 415 61 65 103
-682 185 51 36 122
-689 532 41 62 118
290 536 62 66 169
-251 345 34 53 157
445 105 49 38 174
332 474 43 64 102
524 159 60 45 123
-125 169 62 46 114
-702 409 43 36 176
440 537 60 63 139
773 291 57 38 180
538 304 45 53 172
-166 312 58 63 197
970 511 51 62 124
671 446 36 54 122
-870 261 58 53 155
668 314 66 47 130
-388 328 34 44 170
-660 34 42 58 151
-362 237 63 63 164
763 153 63 49 177
259 336 61 38 176
888 250 46 35 188
-423 58 64 57 151
-976 169 49 53 104
938 120 46 61 136
863 306 65 54 129
-278 543 48 37 135
-74 235 36 60 187
334 478 50 43 155
758 215 52 61 171
982 472 53 61 172
-230 502 58 37 158
374 202 43 50 132
597 474 47 60 146
-35 36 42 48 193
866 348 44 42 127
-548 115 52 65 193
260 280 64 42 191
123 465 39 61 103
-446 492 56 40 186
523 61 36 48 131
-60 348 63 66 151
-157 380 52 34 158
703 257 52 48 145
881 323 36 66 152
511 205 51 58 126
31 361 63 60 171
264 416 48 47 136
277 540 51 45 188
114 403 65 45 145
-938 95 45 53 147
-782 448 58 34 171
979 460 65 37 189
439 180 37 53 123
-683 503 60 39 163
814 420 62 51 178
-73 89 51 35 188
-379 76 42 48 155
-373 116 46 34 121
-112 292 47 62 199
649 119 40 61 162
-739 499 41 61 104
416 335 52 44 179
-500 148 37 50 174
-708 321 56 36 155
-294 380 39 45 190
-935 299 57 50 155
13 59 46 66 162
-516 188 44 55 106
532 382 66 53 145
956 120 42 60 171
-437 282 62 41 137
-483 472 53 55 152
-392 90 53 66 109
684 378 54 47 119
-681 101 56 52 129
348 132 61 53 159
-687 403 34 36 108
446 407 63 57 102
587 284 37 53 135
-298 65 50 36 113
-642 197 35 54 180
296 138 42 38 118
-140 112 37 46 109
206 474 65 53 143
746 408 43 53 128
451 208 38 63 192
-540 146 52 61 112
533 219 60 65 116
-475 238 53 51 166
-410 29 44 62 183
-268 199 47 41 192
-869 32 48 51 165
-628 203 39 42 192
404 105 47 34 116
-736 382 46 47 102
-507 366 57 52 175
433 391 62 49 153
-196 164 44 44 200
399 210 39 47 197
-865 456 65 47 172
-140 162 60 37 135
71 62 39 47 118
-642 397 66 61 137
-299 143 50 58 196
-812 471 37 46 170
-141 282 38 52 200
826 263 42 53 161
-216 498 46 52 161
-569 278 56 51 116
312 82 48 54 194
-4 18 43 51 173
-68 95 36 53 173
863 262 64 37 167
-486 269 65 54 113
868 318 51 64 148
703 350 59 56 119
-856 322 64 63 129
394 437 57 39 178
-935 515 65 57 180
636 489 63 63 109
-840 197 45 38 163
-370 538 35 66 151
-314 29 59 41 176
948 516 49 63 162
-188 389 57 37 105
-120 80 50 45 163
851 287 35 46 107
381 47 53 59 200
-535 543 34 59 154
-576 450 55 58 123
751 384 50 34 141
461 451 38 41 128
-638 337 57 46 159
985 348 42 40 116
-963 391 49 62 155
781 33 48 65 107
43 154 65 48 107
81 363 45 52 141
359 451 40 57 173
-110 299 45 46 137
357 127 36 37 158
-900 505 62 50 125
-566 50 56 44 189
-825 375 48 40 104
-648 366 52 47 123
-168 286 34 50 161
-260 84 40 39 124
616 25 51 51 116
-919 4 59 60 136
-966 155 57 49 193
648 429 44 42 120
83 422 64 53 186
879 46 34 44 101
478 300 42 49 109
-660 406 57 50 189
13 233 56 64 191
-944 390 38 48 197
266 216 35 48 168
271 498 58 34 135
647 31 58 62 142
-750 309 50 50 110
585 171 45 62 152
-252 498 49 48 109
178 254 60 63 102
410 407 47 52 108
404 543 40 44 161
303 136 34 60 126
-643 26 44 65 171
350 430 38 40 115
987 377 48 49 156
969 392 39 66 137
489 127 52 59 136
-267 350 38 62 102
-38 46 49 50 164
-51 186 35 37 200
969 98 38 50 143
-72 186 64 63 184
-303 271 66 60 101
255 44 59 47 200
-949 435 62 49 144
201 278 44 44 155
569 91 43 45 165
-504 479 40 38 183
455 319 56 42 155
-501 407 50 60 156
389 117 53 48 148
520 439 64 35 104
-580 505 59 42 133
-263 83 64 54 134
-490 64 46 57 126
-528 135 44 53 128
-958 116 34 39 158
-245 116 49 37 136
291 505 55 63 132
-354 144 36 64 168
-70 43 51 40 194
-93 514 41 34 105
280 165 35 36 181
380 103 35 61 190
499 393 45 66 101
-265 120 65 44 167
-965 296 36 40 155
-482 209 54 62 132
729 206 37 53 162
983 24 44 61 196
-163 291 37 46 131
673 541 34 36 108
-344 540 65 54 128
-854 121 48 64 173
788 495 46 36 121
167 20 51 50 182
767 484 50 49 160
-679 344 56 49 125
623 518 58 55 177
411 332 61 39 133
-7 231 36 58 200
968 349 46 61 122
984 46 42 45 200
77 103 50 62 192
-188 114 39 49 171
893 318 66 42 110
250 129 47 51 143
-215 314 65 46 198
-782 230 56 57 191
-626 385 55 45 101
68 521 38 64 198
-545 525 66 39 153
-640 12 53 47 155
384 395 43 35 188
-474 426 60 54 135
204 209 38 58 116
-640 405 45 37 146
672 475 55 57 126
392 207 40 37 166
-881 466 65 58 135
59 190 61 58 190
503 380 42 34 136
98 65 59 43 158
717 322 63 34 187
-1000 411 63 34 133
-402 240 41 64 170
-682 389 53 45 198
410 153 36 47 188
260 292 47 39 199
862 168 39 62 105
311 374 61 63 175
251 475 35 48 199
-136 343 62 64 181
-314 478 39 43 192
-408 415 50 44 162
717 504 61 61 167
498 145 45 42 194
851 39 34 61 163
906 24 48 65 193
338 535 36 59 107
-831 542 48 39 161
-503 395 58 52 144
-65 246 63 63 199
467 351 64 51 185
-348 457 35 53 194
-500 247 45 55 184
-711 56 58 49 121
101 8 53 40 178
30 29 53 52 177
979 537 57 51 185
241 395 58 52 192
875 538 38 42 154
-337 487 37 35 113
545 39 52 58 146
-599 279 37 43 169
420 214 46 38 140
214 92 60 56 125
339 400 46 63 184
207 303 37 61 148
-305 522 61 61 199
528 349 52 53 139
-517 167 58 34 157
925 129 56 63 169
-274 544 60 64 188
-636 188 61 37 166
467 388 52 39 164
179 12 57 48 109
408 16 39 63 147
-377 8 48 55 186
-677 21 51 51 155
-639 157 36 55 113
-669 48 65 49 129
-831 492 51 37 148
-229 514 42 54 174
-838 426 63 49 118
-432 457 63 52 168
-975 130 52 36 146
350 276 39 61 108
-551 163 58 42 109
-926 374 42 57 186
-248 263 65 59 162
-266 131 45 52 112
-465 368 55 61 109
157 224 37 48 137
686 259 58 42 138
146 375 57 42 134
-287 183 42 52 135
267 85 38 66 128
219 462 46 34 128
169 428 50 64 123
-266 19 50 44 122
390 334 34 55 163
581 429 49 55 161
-493 323 53 41 156
885 434 55 55 177
-190 264 37 65 164
-9 75 36 65 156
76 133 44 61 194
-557 434 40 56 149
57 423 66 42 141
855 356 40 62 178
-104 218 35 57 172
-668 22 37 34 108
43 542 49 50 151
-567 208 41 54 196
148 309 34 47 110
-277 191 43 37 131
-455 16 47 35 133
-208 305 53 52 184
523 155 58 37 158
-204 47 48 54 156
915 381 66 43 128
375 357 64 62 121
968 82 53 41 154
405 182 47 65 166
424 222 46 53 127
224 514 61 38 154
-718 458 47 59 136
559 391 43 56 174
-591 341 38 34 194
670 56 54 48 107
757 125 50 42 118
-702 407 61 61 184
15 231 66 36 167
-626 160 43 38 148
114 310 66 64 166
652 302 54 56 145
513 448 34 41 112
-186 417 61 42 106
468 287 36 43 174
-271 194 46 49 111
-13 301 47 62 101
239 137 35 39 131
619 212 58 66 157
882 444 42 47 164
800 542 51 62 106
-405 23 50 58 181
52 303 62 61 157
-811 248 61 34 119
971 81 55 51 194
-856 466 37 58 200
-913 304 34 65 105
860 103 60 43 183
-540 183 34 57 150
-834 48 54 59 198
-781 279 54 56 200
995 329 61 40 174
895 455 43 41 149
368 52 43 46 125
-42 490 55 55 144
221 329 37 46 113
300 242 42 60 174
-794 432 42 42 156
601 67 41 39 153
-97 166 66 61 166
-635 84 47 39 184
286 88 65 42 114
206 535 50 59 134
-308 459 56 39 198
-822 156 62 60 174
-849 254 49 66 135
318 471 42 41 138
867 154 42 42 122
-208 62 41 61 110
240 119 61 59 129
334 65 63 59 101
77 492 51 52 194
-72 322 52 38 153
-748 538 35 60 112
-765 295 42 48 126
112 378 48 39 161
637 528 48 59 177
-268 193 44 44 118
-591 310 51 34 165
86 145 61 47 180
256 183 60 64 186
213 313 53 53 134
-248 95 48 34 133
957 516 43 52 181
653 314 61 46 119
-791 2 66 35 143
308 149 52 55 126
-175 495 47 53 187
-438 205 35 51 184
143 131 45 49 149
-474 535 51 50 189
147 269 34 51 109
460 332 42 52 122
-650 63 36 66 192
-64 371 34 41 198
720 478 34 56 104
233 398 44 64 141
769 385 56 57 189
-451 235 47 54 161
-925 158 58 35 175
104 22 56 37 174
-43 396 66 40 199
421 539 42 57 186
-540 508 58 41 130
-15 164 49 48 136
-785 420 42 47 115
-470 358 55 42 138
403 469 57 51 134
-449 82 38 44 107
867 84 55 45 129
358 53 45 41 190
-755 272 43 41 132
471 474 35 36 124
50 249 37 62 107
416 255 66 43 197
-740 288 62 58 192
-49 437 53 39 153
-887 474 48 48 135
-810 513 56 37 175
383 279 34 61 117
127 475 36 43 133
-634 63 51 40 156
-662 302 47 57 146
-581 178 58 55 177
-888 275 48 62 101
-634 150 51 43 153
-320 404 39 65 173
444 204 61 40 175
694 9 63 49 194
-856 338 54 58 140
389 69 45 42 193
-117 93 46 36 185
-43 412 47 56 103
-829 541 53 34 110
963 154 39 66 115
533 316 37 63 103
-379 358 44 65 187
-628 204 56 46 116
-392 294 49 56 128
-271 221 54 61 109
-500 0 46 64 184
161 79 47 44 161
23 236 40 37 195
-625 59 43 40 119
970 242 43 64 122
559 27 65 65 151
-509 379 37 40 173
11 303 51 36 102
603 245 61 65 103
-131 27 62 60 173
-668 440 47 34 149
701 482 38 58 120
-408 503 54 57 144
-425 23 63 44 127
328 461 63 39 183
-517 5 39 55 124
-875 492 39 43 137
645 290 54 39 150
-550 321 64 38 127
939 80 51 57 107
-429 481 40 43 155
948 525 44 39 118
773 181 66 50 102
-326 341 45 59 185
-592 51 63 62 150
-979 194 35 46 178
100 383 35 62 140
-486 490 59 47 175
758 46 43 38 166
-961 143 55 59 178
443 40 64 60 113
268 207 41 35 131
-821 326 43 50 119
-187 285 63 58 176
-422 166 61 54 174
308 496 60 48 193
-221 393 35 62 166
-586 365 37 46 125
-353 60 56 54 193
-779 281 34 47 176
241 129 40 51 180
630 62 66 34 175
-805 255 36 48 197
284 437 48 47 186
-397 293 58 64 185
-493 43 56 64 161
413 299 61 49 181
-307 283 54 50 121
-241 132 40 58 145
85 35 54 48 183
-243 188 49 45 116
-949 309 51 47 160
572 340 62 65 198
130 409 41 39 112
-648 4 34 58 137
-73 447 39 56 150
403 9 61 39 135
984 344 59 58 194
-190 174 39 61 116
442 246 53 50 193
935 85 56 38 134
-64 334 38 37 141
634 415 66 49 141
585 29 61 52 195
-27 443 41 51 125
-453 520 35 62 124
332 315 49 39 126
186 302 46 65 165
-293 165 45 63 119
-636 511 37 35 181
-584 529 56 66 152
-606 271 46 52 125
-774 161 62 49 113
550 333 66 57 103
530 316 57 49 164
-934 28 50 39 200
-295 173 51 55 185
615 138 59 57 182
779 464 44 34 179
176 142 64 64 121
-956 411 56 44 118
443 196 41 37 175
691 257 64 41 148
666 468 63 46 110
-394 40 61 36 118
666 458 64 45 139
209 236 60 66 146
-161 537 40 47 132
-421 465 47 66 177
210 128 46 64 199
-477 366 40 44 157
214 16 57 54 156
734 449 53 62 162
522 447 61 47 194
-208 170 60 46 179
-358 363 48 62 133
216 12 47 37 167
-927 243 58 59 162
-638 407 39 59 175
-24 80 49 43 185
-667 338 56 56 121
842 216 57 55 147
557 481 47 48 179
-723 76 63 39 186
-367 214 47 43 130
398 41 51 65 142
-61 291 50 52 144
-288 159 35 62 134
434 23 65 42 106
-725 201 63 43 179
817 239 60 39 162
-922 22 56 52 174
825 380 63 64 144
-972 454 51 35 103
439 222 56 37 191
-989 324 63 41 152
-409 169 47 48 188
807 76 66 60 174
947 20 65 45 184
329 519 61 43 156
427 253 53 51 169
749 388 60 46 188
-698 4 56 61 190
-134 465 40 50 154
-932 338 43 61 199
516 539 44 58 175
-441 472 65 47 143
813 342 39 56 126
880 410 53 51 190
785 508 37 36 121
-318 473 39 39 169
-438 412 65 44 167
176 44 41 58 129
726 265 56 38 107
520 289 58 51 177
960 542 64 46 110
231 497 48 63 103
-900 317 54 44 175
-62 456 53 51 162
-807 124 45 53 112
-464 403 63 50 178
686 211 45 48 194
-647 521 56 61 197
-663 36 35 56 196
80 222 46 64 175
169 539 49 42 171
-399 146 44 36 125
490 102 37 46 176
-407 250 46 56 150
-137 396 62 47 153
489 433 63 43 159
-25 210 60 36 129
-180 64 43 37 144
-409 512 52 52 123
628 441 48 54 115
-454 224 44 49 125
-909 145 36 36 188
-770 388 57 60 194
900 9 56 39 166
486 142 45 49 169
-722 231 58 55 189
607 328 52 43 162
95 221 48 40 108
812 338 58 50 173
-326 432 41 54 190
-218 197 55 37 198
-570 157 49 42 127
-934 531 56 42 141
427 213 38 40 135
377 199 60 34 115
464 227 47 45 191
27 169 57 61 130
997 178 61 60 109
-596 117 48 48 101
-614 277 52 36 121
-929 335 63 36 138
422 445 41 49 183
868 306 37 52 162
-417 519 53 63 190
-356 438 53 43 136
628 414 52 37 139
294 441 41 43 144
-644 496 59 44 156
-131 427 43 63 111
138 315 62 60 143
-556 380 46 59 194
725 455 34 60 152
-238 409 51 52 162
-36 90 61 34 112
520 69 55 58 165
601 196 55 55 148
224 245 43 34 130
220 435 44 40 198
-217 297 41 39 197
684 307 34 44 192
-884 503 62 55 181
-564 197 53 58 188
-855 396 47 61 151
-473 140 57 48 193
-952 489 64 52 196
-910 528 48 40 123
-144 219 35 59 158
765 35 41 47 105
-963 454 34 40 163
286 219 51 41 113
-442 350 51 61 107
5 82 55 42 141
-732 233 54 56 136
