880
79 195 154 144 1
1000
-59 659 57 66 152
-107 673 50 58 105
827 39 59 48 135
-171 387 43 48 196
262 680 41 61 113
-741 737 38 53 191
299 206 55 50 122
432 737 54 62 132
693 721 56 61 182
413 127 56 51 104
-921 452 42 48 124
840 237 39 38 186
585 361 53 54 196
710 66 47 35 173
-932 729 56 62 113
-265 508 51 43 107
661 505 50 54 159
213 260 39 45 120
-911 707 34 42 196
57 712 42 46 150
144 500 56 49 173
814 289 54 48 152
0 117 66 56 125
-33 22 54 37 196
865 318 66 59 105
-998 351 65 37 180
978 679 41 60 181
171 491 54 66 127
-875 669 40 60 116
312 143 48 64 111
419 477 34 47 150
223 767 44 59 178
-560 298 53 58 116
413 606 54 44 105
-69 763 58 60 119
-629 386 50 48 137
730 464 60 41 109
55 196 52 62 167
-267 506 65 40 197
178 460 60 65 175
988 611 62 35 124
-307 202 40 64 101
-937 435 54 49 105
-912 706 49 36 130
-431 608 38 65 175
-210 405 47 36 148
-422 743 61 66 197
-34 779 63 35 164
-275 188 59 35 152
612 599 53 38 199
586 524 64 57 175
99 40 57 36 124
-336 469 54 62 199
856 125 41 47 105
433 304 39 35 165
709 578 58 51 114
-461 113 51 51 146
753 442 48 36 173
-278 780 60 63 191
700 517 44 64 132
-172 323 49 63 164
-123 747 56 51 146
517 333 65 46 191
-710 66 42 65 114
769 549 47 62 174
646 688 56 42 172
-979 160 52 53 190
478 543 38 59 174
-260 512 60 63 109
547 177 43 44 101
981 9 47 42 180
202 769 41 35 106
231 335 52 35 106
132 496 41 36 122
-595 539 48 48 197
23 557 53 61 134
-609 393 47 56 112
141 627 59 61 113
248 525 55 36 192
681 300 36 36 165
785 386 39 63 136
273 532 45 46 156
-157 697 62 65 150
-929 111 40 35 135
634 529 43 37 139
530 290 42 44 196
737 627 60 46 132
267 50 61 34 110
411 462 60 50 137
-991 201 56 38 104
-486 26 61 45 131
-8 138 64 43 108
65 756 53 34 175
132 52 37 51 126
210 7 55 51 107
-220 278 53 34 181
976 573 43 40 197
615 497 64 41 172
-910 463 38 56 175
258 656 55 54 189
-722 240 41 65 167
-345 317 48 36 122
-201 199 64 37 168
-675 452 39 61 200
-440 494 36 55 166
-266 347 62 40 196
-440 282 65 52 161
-378 545 48 51 150
987 37 65 36 123
931 121 55 36 140
16 45 56 60 152
886 147 58 51 142
-408 571 56 40 128
-483 767 56 42 136
652 352 46 47 146
738 479 34 37 188
-433 389 40 44 186
60 744 42 38 145
80 300 55 49 134
-882 542 45 56 160
-584 647 35 37 200
-601 544 64 64 138
-490 116 55 35 179
-969 334 50 37 189
-778 231 40 58 178
407 199 47 44 152
-249 334 52 35 176
-9 161 57 64 102
-432 205 38 58 143
-49 40 39 59 108
93 248 64 58 158
-98 517 63 60 164
901 383 39 39 132
-809 418 37 51 189
-74 503 38 66 180
-715 652 46 56 126
153 421 49 35 125
195 79 51 53 195
-686 642 44 43 140
-230 33 56 55 126
-522 202 45 49 199
263 143 63 38 164
-258 146 39 39 162
-875 766 47 40 125
330 238 40 54 101
669 62 35 44 109
742 362 51 52 129
-774 334 61 61 174
-261 161 58 56 136
53 590 43 44 185
616 512 61 53 186
255 631 60 34 135
292 7 54 38 189
353 133 39 36 112
406 675 45 64 153
-483 110 55 37 109
123 743 59 66 176
704 727 49 55 198
-148 541 64 46 164
280 31 56 41 199
-782 707 41 35 167
135 74 61 57 199
370 381 64 66 143
-373 207 66 63 178
684 627 38 52 131
847 169 48 38 119
227 151 48 61 182
-947 333 63 60 200
200 590 64 45 112
-161 79 43 48 112
-38 69 63 61 146
-312 460 37 47 190
-393 49 47 43 140
265 716 39 38 181
-623 730 66 60 142
974 247 63 39 108
336 138 48 62 157
-929 476 53 39 132
531 755 41 64 173
948 661 47 57 117
229 508 64 37 140
591 188 60 37 107
-480 741 47 43 166
-935 440 39 55 152
514 125 49 58 178
692 624 35 50 108
-503 712 59 59 164
-203 536 47 35 187
-958 195 48 45 198
-357 449 58 42 164
-116 294 61 55 173
-557 586 62 35 178
-70 19 63 47 141
489 358 59 38 146
-765 143 62 46 174
414 351 47 64 111
-191 309 47 51 101
-864 95 45 62 110
374 275 39 53 140
27 580 58 65 141
-988 650 41 35 137
290 537 46 47 169
673 421 63 34 119
-321 428 49 45 171
-674 202 39 37 171
294 82 57 56 179
-701 20 44 54 119
491 415 46 39 168
-423 376 38 53 165
700 413 58 38 148
488 515 42 64 137
999 430 63 64 161
997 692 42 53 190
450 51 41 38 124
-735 189 52 60 108
-411 740 39 48 170
-595 456 34 63 133
-883 587 35 59 199
459 256 49 44 184
170 224 37 36 179
-825 736 63 61 159
-619 114 53 50 105
-933 151 46 52 181
989 189 57 43 179
135 774 48 46 129
259 187 40 49 162
-561 241 62 62 112
846 33 57 44 123
643 564 62 54 173
865 129 65 58 181
24 308 36 37 179
-458 279 65 43 162
767 152 35 52 122
-370 374 55 49 178
-916 63 65 36 159
613 767 41 55 115
758 466 64 54 192
-673 583 43 39 160
-793 271 63 63 199
841 465 56 50 144
327 156 56 56 174
12 457 37 45 175
141 269 64 48 194
-44 3 39 55 118
-821 736 48 48 147
-773 178 64 37 199
-656 517 58 42 101
585 748 62 42 147
-816 289 51 65 172
361 295 46 39 177
380 611 59 37 130
-584 435 56 46 185
958 233 37 35 124
977 450 54 38 141
-138 539 55 56 192
304 326 40 61 135
-980 625 50 62 175
434 505 47 55 133
-550 723 46 53 200
488 417 40 57 174
0 239 37 55 125
556 745 62 57 165
725 498 38 41 171
595 418 39 47 110
938 135 41 65 138
184 604 35 42 177
889 5 37 35 127
378 412 42 45 160
-26 53 41 63 194
947 156 66 56 193
-137 365 57 37 120
439 384 57 66 185
-635 397 50 48 186
-940 719 56 37 188
374 627 44 40 131
-826 98 49 45 105
748 622 45 60 115
256 726 35 49 196
-2 631 40 42 192
-911 165 47 56 145
-484 247 55 41 189
343 365 34 52 141
200 295 39 60 173
-640 163 40 65 109
497 770 34 50 128
748 151 52 34 132
107 513 53 44 160
-706 156 61 59 174
-872 554 49 52 115
572 547 36 40 124
-580 737 51 63 135
616 561 59 43 193
-62 376 62 64 153
383 646 41 41 161
215 541 49 51 164
737 491 41 38 122
-728 107 43 62 124
582 24 58 49 189
954 141 50 41 166
307 540 35 34 121
383 620 50 64 150
-756 286 48 54 120
-724 459 65 65 167
922 663 56 45 163
-303 455 53 66 135
-918 0 60 53 198
470 777 56 44 116
893 559 38 37 188
-176 133 62 60 137
-452 217 47 53 104
-829 212 55 58 195
-3 284 51 58 128
-333 442 34 53 178
-3 671 59 54 117
180 464 44 38 161
-425 1 35 54 180
-685 215 58 37 136
152 587 43 47 144
918 137 43 43 155
788 394 66 59 200
-929 190 40 48 173
-661 46 35 45 191
-393 446 66 63 139
-518 406 40 62 195
370 644 53 63 130
527 22 49 63 194
340 352 57 36 161
-551 675 65 36 110
110 473 56 63 174
864 734 46 45 138
-764 38 51 45 173
557 517 62 34 102
-642 650 58 61 179
675 266 39 55 136
-44 299 55 39 128
191 391 44 48 129
140 69 52 35 107
889 600 35 63 115
2 667 61 43 117
-33 594 40 59 117
-413 133 65 61 106
-487 360 58 52 170
-78 504 45 34 144
470 373 59 35 145
-274 752 39 49 109
989 685 62 43 144
980 30 65 55 163
986 40 35 64 108
-247 698 54 40 184
459 430 41 54 122
682 704 52 64 194
186 687 61 49 116
-823 466 40 65 193
284 450 47 65 138
712 327 58 48 130
-869 489 49 66 139
543 749 55 55 187
-189 611 50 45 179
481 178 36 64 139
-3 600 49 64 190
124 638 46 36 175
348 482 54 63 195
-667 218 65 38 138
-296 388 45 62 179
37 567 44 56 153
-55 255 36 64 166
-281 631 38 41 142
203 515 55 45 116
-669 534 62 58 104
397 126 57 43 105
592 513 65 42 187
643 230 59 37 175
848 369 46 59 185
274 690 63 55 171
-55 52 40 38 116
604 100 41 35 172
-139 437 51 45 125
-344 111 37 65 141
-444 633 66 60 186
-383 120 53 34 183
-329 343 55 65 143
735 598 44 58 164
793 80 53 37 145
228 639 42 62 127
-734 768 61 38 175
-674 181 57 56 105
11 491 63 52 196
998 612 53 54 131
807 584 50 40 125
520 263 48 39 140
-965 531 58 65 138
199 68 61 58 197
-801 715 62 52 174
509 449 37 63 146
36 589 41 41 119
607 706 51 66 137
-290 714 60 42 198
733 677 63 62 129
233 361 37 53 158
680 325 60 64 128
-415 443 34 48 113
759 532 59 44 146
726 265 45 34 124
-170 543 54 60 106
-699 55 48 42 195
192 551 63 62 130
-455 402 40 39 135
-658 162 47 60 188
-896 609 51 34 118
399 352 48 52 197
681 681 60 53 194
-313 336 44 47 148
-278 403 46 51 105
-312 605 63 48 185
-500 202 37 61 164
325 422 42 60 124
-431 268 61 52 163
817 592 41 39 116
-593 108 42 56 111
-508 454 40 52 183
327 745 39 38 192
-246 747 45 42 102
-695 351 36 65 126
149 100 47 54 196
-152 754 45 57 169
392 498 58 41 153
-15 252 57 52 155
-397 345 64 37 198
470 632 35 64 188
-235 322 50 59 189
230 525 38 38 180
694 574 34 65 140
-386 126 57 59 125
-160 272 37 35 156
-459 143 35 40 171
982 130 44 50 166
-860 729 39 47 123
439 223 45 54 124
-488 689 45 48 105
-219 494 66 35 139
-508 286 44 46 183
180 590 38 63 113
-298 375 46 55 127
-35 261 56 43 135
-88 717 56 39 127
-15 489 42 61 154
153 728 35 48 170
-322 598 34 51 200
895 417 36 38 105
-243 463 51 60 178
-525 327 52 36 117
-964 701 64 56 101
-231 301 52 59 103
-394 601 63 47 164
99 7 45 40 118
-57 0 46 64 178
180 101 40 52 107
409 460 57 51 165
-14 69 48 41 143
428 145 39 41 188
-429 10 66 43 175
-918 283 46 66 147
-898 502 43 36 156
-29 542 55 63 189
-223 432 52 50 102
739 71 50 41 188
811 737 50 54 149
245 527 43 58 147
-229 260 58 60 126
-108 279 65 55 151
-568 294 40 61 169
383 648 55 39 166
-497 509 65 63 118
-857 254 63 39 103
-174 609 57 41 158
-760 524 57 34 116
62 80 52 44 169
-935 492 58 66 158
657 341 39 43 108
519 654 53 44 163
818 242 37 48 129
350 295 57 36 153
341 45 37 65 181
418 715 53 37 118
376 242 40 55 118
-125 642 40 50 107
-816 185 64 52 176
-526 653 49 50 148
552 96 40 60 192
418 772 62 45 142
-469 272 41 61 170
557 769 66 65 150
277 719 50 35 156
-130 766 36 54 111
310 105 61 36 126
-629 452 60 37 159
-250 778 46 38 183
770 65 61 50 150
762 201 47 52 188
326 298 46 55 178
223 450 41 65 119
511 588 36 43 174
-525 744 48 52 148
455 752 49 49 168
444 118 42 36 126
791 12 42 41 184
199 136 53 57 134
168 699 54 47 104
232 412 36 59 166
-235 522 40 43 134
702 677 38 46 134
913 648 66 37 161
13 39 57 55 152
-592 134 60 43 143
-564 768 57 42 179
-752 621 60 53 103
-209 478 41 49 179
66 539 60 58 134
797 720 35 51 198
907 183 40 37 102
867 493 55 45 183
-936 418 44 63 172
-111 46 43 35 156
-378 15 42 47 104
-927 307 65 51 162
-424 282 50 64 175
-846 39 42 42 161
-685 552 61 51 153
-844 482 58 44 103
159 348 41 47 170
323 5 62 58 187
424 751 41 65 198
-428 593 58 55 119
-954 662 65 44 166
-740 76 36 45 162
896 765 55 43 139
303 366 66 60 167
-399 555 55 49 112
281 459 41 47 131
19 733 46 56 101
-299 110 49 58 167
-323 101 37 55 196
-286 561 44 49 156
803 672 55 38 165
172 208 39 44 136
-599 572 53 66 130
737 410 56 51 116
-449 661 60 48 171
711 700 62 66 171
577 318 54 64 141
-678 147 55 49 156
541 439 35 64 147
218 595 65 53 146
-783 475 62 52 179
-176 661 66 35 189
922 737 40 61 146
714 223 59 51 190
-261 689 50 38 165
580 454 35 62 142
-587 294 61 41 192
620 664 61 50 152
-133 315 43 57 104
-795 420 44 65 118
524 685 53 47 158
374 67 52 36 154
-773 662 64 39 157
-450 398 42 45 115
522 344 37 61 136
-74 479 54 52 145
206 660 50 61 171
-302 357 57 56 189
447 563 46 40 173
-960 663 34 53 147
70 309 59 40 159
596 82 65 59 178
265 638 59 60 116
-177 564 36 60 138
-294 691 57 48 176
-870 6 62 35 147
313 399 52 57 113
65 451 60 39 120
724 58 39 62 173
-736 601 53 47 176
464 306 38 65 108
-369 17 63 39 112
-22 409 62 54 115
-559 571 58 60 186
-136 417 34 43 188
288 377 39 54 155
185 589 39 44 141
238 460 50 49 101
231 498 38 41 172
-658 623 41 47 185
-219 388 48 48 183
-259 677 54 38 106
648 500 62 51 192
769 574 35 61 130
-159 423 60 45 115
137 47 64 51 130
-565 157 66 43 170
430 575 58 62 148
914 70 49 43 109
368 572 44 65 101
-707 272 43 51 103
54 67 42 37 130
904 677 44 46 168
-246 266 64 56 167
134 598 64 45 117
200 460 63 66 114
378 763 51 43 110
910 73 53 44 148
-608 594 56 65 184
-958 74 45 62 118
411 610 54 56 101
498 292 35 60 192
735 45 36 49 125
-402 658 54 47 177
-552 619 37 34 124
466 310 51 45 102
423 691 38 43 199
-208 63 62 64 150
-951 249 41 49 122
469 181 46 58 150
-172 142 64 63 140
-7 163 55 59 130
-838 3 65 36 157
-98 704 65 59 118
-842 340 34 47 111
-829 531 47 53 178
-949 84 62 66 175
-134 4 42 53 149
438 631 53 63 178
29 225 55 37 200
556 178 40 58 126
-331 235 41 47 174
510 306 34 34 123
156 480 64 41 110
-615 521 66 37 182
-436 21 61 43 172
614 46 37 64 157
-555 705 37 44 149
-539 719 59 63 192
951 104 62 52 144
-709 25 53 50 101
-827 343 53 34 112
-913 660 38 36 110
-647 444 41 44 170
204 63 46 38 142
43 625 50 37 153
-136 84 51 46 118
389 740 46 40 181
530 525 41 63 121
841 243 60 57 103
742 18 60 41 160
221 504 35 37 152
-227 410 54 40 121
-557 421 35 54 194
-100 638 66 52 177
280 503 45 44 162
-465 175 55 58 184
740 648 46 47 196
-918 112 58 53 173
-232 121 64 50 154
-754 548 48 36 176
120 184 60 55 116
-771 51 58 62 189
-327 65 59 63 172
-988 327 60 61 145
-711 738 51 65 188
-698 506 37 62 154
31 79 56 61 197
26 195 55 48 160
-247 273 49 36 185
382 653 36 66 158
477 562 36 47 126
-615 140 50 59 105
383 359 36 64 135
-342 580 40 39 123
-784 57 66 47 180
103 538 52 54 182
-487 388 41 42 188
804 288 57 51 108
632 339 49 45 195
103 490 57 58 164
-355 755 39 53 105
378 348 43 53 104
-583 383 65 58 153
133 130 64 62 119
823 518 62 44 167
-881 473 64 51 162
-624 142 43 47 150
461 176 46 52 173
-478 214 34 61 120
230 708 54 36 150
317 238 53 59 138
977 225 35 59 127
329 198 65 38 159
-286 423 65 62 184
-815 722 64 63 160
988 440 58 58 138
-63 205 63 43 151
331 237 46 53 110
867 599 35 50 190
-667 200 47 43 185
410 100 65 44 172
431 178 55 34 192
-59 343 55 65 130
20 371 62 52 193
-896 278 46 66 102
-81 323 34 55 108
-591 332 49 63 166
-604 380 62 58 169
589 670 38 64 158
115 463 62 59 192
-560 680 62 45 105
-601 517 65 49 151
813 45 35 40 136
-717 7 41 61 137
-943 56 49 63 195
-483 401 62 66 129
-798 400 55 55 136
-269 661 61 46 125
-719 764 44 49 131
813 416 34 53 164
-38 634 51 53 156
-760 545 41 36 137
896 638 40 34 132
550 486 41 65 200
155 333 54 58 110
-337 64 37 49 117
947 179 37 34 177
1 517 63 66 168
-774 134 48 62 105
-326 148 62 50 181
-991 291 63 61 198
-759 668 49 61 198
649 186 63 49 176
-19 489 45 56 178
723 768 61 58 156
-488 497 53 42 139
-308 562 52 38 194
-602 677 43 35 130
-201 65 63 44 146
442 105 59 56 141
744 263 54 49 171
-211 424 41 40 168
818 496 53 52 158
-911 244 44 43 134
289 752 55 50 162
517 396 56 35 176
670 149 63 54 191
750 477 34 47 156
-305 321 40 53 169
96 506 53 52 175
-771 576 41 36 172
836 309 66 44 156
-595 460 55 46 113
582 483 58 39 195
82 271 51 65 178
921 191 51 42 103
-885 212 61 53 122
16 536 37 54 114
337 564 43 52 179
-747 286 42 40 105
-750 530 54 61 182
351 520 48 41 140
314 631 49 66 170
850 778 47 38 164
-690 598 61 43 138
828 483 35 48 176
-956 243 37 38 197
-988 199 35 65 109
-780 703 50 38 103
157 351 49 65 152
-540 673 54 44 154
-482 669 47 46 180
312 378 64 38 151
453 348 55 38 142
417 78 35 36 114
858 582 50 51 197
-198 574 38 40 116
-989 486 49 60 184
122 201 61 53 140
931 200 56 36 199
-136 440 37 65 138
297 439 36 37 110
-14 481 62 42 165
478 419 56 44 181
403 725 58 47 129
80 214 56 48 131
-103 554 36 56 118
-338 209 66 60 187
396 309 41 66 163
-20 652 35 46 169
125 673 35 49 143
-598 436 65 52 164
593 700 65 51 171
-847 340 47 44 138
914 176 63 51 171
-458 609 39 40 170
300 703 52 64 115
348 442 62 65 193
705 63 39 65 107
-839 10 35 51 158
483 625 54 51 124
984 342 56 34 159
639 698 59 56 139
-95 343 66 55 174
334 272 60 55 162
348 367 36 36 104
-567 699 59 48 110
-452 175 34 58 153
663 516 59 35 168
-253 749 58 59 141
376 234 49 44 136
462 270 63 61 168
-121 606 51 39 103
652 382 42 50 119
-783 705 38 41 191
-346 143 35 52 151
247 126 36 38 128
-777 686 62 56 189
-13 675 46 55 117
715 626 40 35 181
-560 664 53 47 181
678 553 42 48 135
696 705 57 49 151
-143 90 61 36 165
273 218 36 40 159
576 554 47 44 184
-785 301 61 39 110
13 67 49 42 114
193 347 59 52 157
-109 607 63 53 111
-176 196 48 65 181
624 114 64 44 162
-291 355 35 40 101
246 53 50 56 182
986 622 47 54 169
38 551 61 39 129
-250 261 50 37 137
285 95 54 56 111
-61 632 49 34 193
914 187 55 45 124
166 166 62 39 178
-358 228 53 50 196
146 679 59 40 181
-423 696 36 55 108
95 563 40 35 168
146 231 59 34 102
-968 335 54 55 192
350 767 35 39 174
-591 220 51 43 113
265 377 62 54 158
451 154 60 57 111
-171 603 64 56 165
480 638 56 62 192
448 329 56 53 176
566 265 66 60 133
-792 517 60 40 192
-415 386 60 53 115
401 567 56 42 137
429 539 45 49 186
-399 569 49 35 140
-146 350 64 48 170
356 158 38 54 112
-279 158 38 58 172
-948 757 38 53 138
-639 302 39 61 131
331 97 62 34 129
-704 377 59 51 172
-451 430 34 39 135
34 589 45 47 190
408 482 60 65 187
-456 211 37 39 147
22 394 44 45 180
-844 360 44 37 169
-71 166 38 40 200
160 470 54 63 136
43 207 56 55 170
-92 462 41 55 173
-874 153 35 47 103
55 753 48 42 174
665 705 36 52 150
998 600 39 51 121
908 302 59 66 185
799 497 61 58 143
494 708 65 37 154
234 558 66 51 116
404 407 40 47 196
379 485 34 53 185
678 578 50 52 173
349 458 63 51 167
183 34 35 47 137
-481 316 61 61 117
116 487 43 61 126
-15 169 53 51 117
619 470 44 38 170
928 358 61 35 122
-264 507 35 62 108
771 43 52 57 197
-145 716 61 39 117
879 208 38 49 127
-945 513 44 65 192
256 34 50 57 118
245 715 44 36 168
-966 275 54 50 197
177 394 61 44 160
-43 396 49 46 106
689 29 41 66 146
0 311 44 53 185
385 718 36 54 168
297 369 55 56 102
791 685 59 49 166
-545 403 42 45 145
-659 539 43 50 136
434 488 64 37 131
660 599 52 43 182
-418 333 45 51 111
457 736 62 52 117
-1 386 66 60 181
-150 278 60 49 187
741 741 41 36 149
488 107 45 56 193
814 43 50 58 166
470 280 48 62 105
-860 562 57 64 160
642 192 62 34 150
-635 313 55 63 149
-377 149 53 65 139
202 228 54 58 186
-225 657 43 36 138
-151 304 40 66 188
828 436 59 36 181
-920 97 43 35 176
-618 383 43 42 142
-617 398 66 59 157
-499 766 58 61 134
-198 463 58 50 185
702 229 66 50 192
-336 334 52 46 128
-347 145 66 62 176
-790 696 53 64 119
-402 385 43 61 135
732 35 60 59 159
718 327 38 52 154
388 726 37 50 140
-641 477 52 56 182
-280 652 62 41 104
-571 411 36 57 194
-88 386 36 42 157
282 363 47 52 174
-428 424 44 36 200
-950 73 53 49 161
-254 41 61 63 175
133 390 45 36 122
454 243 43 60 120
-853 604 54 49 168
429 162 47 58 163
155 9 47 54 160
-340 425 41 62 144
-232 764 53 47 188
704 753 54 45 152
380 480 57 59 175
-919 493 54 54 132
873 35 53 47 114
-886 698 61 37 105
318 138 54 51 159
579 586 43 58 167
-564 332 53 62 113
252 683 64 65 153
563 636 59 65 196
728 219 65 54 152
931 368 65 36 145
91 116 34 57 159
624 424 61 60 190
-913 574 47 61 181
-352 632 60 34 181
513 647 45 34 142
11 512 53 58 158
-521 331 62 63 159
37 308 52 55 169
-564 316 52 44 130
-165 399 49 50 128
-898 570 43 57 199
-107 101 37 62 189
-314 407 64 54 134
461 119 37 58 166
617 497 52 47 194
317 558 57 54 119
-766 626 47 42 106
905 70 46 51 166
275 435 53 59 136
-955 317 44 56 157
-163 672 45 34 121
490 308 43 47 162
-291 79 41 65 168
423 291 60 37 139
-182 366 48 48 126
-92 420 60 50 187
