508
149 163 148 136 5
1000
390 383 41 63 106
-312 401 58 35 151
-588 261 51 61 152
596 157 46 51 186
-760 26 34 39 108
-182 14 34 34 159
21 261 61 50 194
-53 3 38 36 187
822 24 38 50 187
288 384 61 46 148
930 319 37 52 184
145 228 41 59 135
-772 105 35 43 107
-616 318 43 50 149
377 287 34 41 158
162 361 61 55 199
846 144 38 52 180
978 62 43 35 182
-652 317 54 39 183
-935 277 55 59 133
-751 84 57 62 158
-677 62 59 35 200
985 314 47 52 107
371 104 60 62 110
675 22 35 57 200
870 25 55 65 103
115 79 45 40 138
330 129 55 47 145
-958 101 34 48 155
502 252 44 50 185
303 62 63 34 113
-482 212 49 40 188
538 42 45 66 164
-735 57 59 39 152
-631 165 46 44 139
-527 336 42 41 159
826 176 45 35 161
679 378 62 57 123
-261 187 54 37 105
574 147 65 61 111
746 248 51 46 170
-404 149 59 43 187
147 243 38 56 155
340 52 48 56 112
-213 328 40 37 103
681 243 49 61 125
442 355 51 58 120
-752 236 39 50 137
12 304 51 66 182
-203 235 44 39 188
-965 59 37 53 162
-418 396 64 65 133
409 203 50 39 140
-296 49 48 49 168
-95 284 43 53 151
-538 373 34 47 123
-805 164 55 63 105
-145 383 55 44 110
-460 96 60 56 184
590 329 40 55 128
-700 247 61 37 193
-100 222 41 55 143
-750 212 50 56 137
-11 0 51 41 150
976 390 41 48 185
-172 315 60 39 184
245 95 62 43 117
484 21 60 60 113
877 49 62 54 175
252 361 62 61 172
150 386 65 59 140
-355 47 65 62 181
-365 108 48 40 110
-162 310 41 61 186
-956 265 38 39 109
804 7 64 39 194
583 180 44 63 141
960 326 61 45 170
-41 202 47 46 147
-852 326 62 43 140
230 179 63 61 147
379 216 51 36 151
458 233 57 50 101
253 387 64 40 188
-551 170 37 65 157
-85 345 59 40 131
466 149 59 58 138
-234 279 36 59 156
-715 130 42 39 149
-511 341 39 46 189
22 375 59 38 160
-745 394 48 36 107
-4 56 65 54 200
267 236 36 51 149
-890 279 66 64 183
-621 124 64 48 150
998 185 38 57 158
-408 251 61 63 146
-354 345 45 53 174
836 124 49 47 118
-134 94 43 43 176
503 151 37 50 114
297 214 40 64 194
473 6 66 64 103
-580 48 56 44 139
588 80 34 40 119
-860 278 36 44 136
-965 99 51 43 142
858 302 62 47 189
221 400 54 38 173
152 216 40 50 170
349 217 45 66 146
-190 178 49 51 170
747 258 65 56 145
-292 304 42 63 145
712 242 56 49 154
801 85 46 53 193
214 0 45 65 196
-160 359 64 39 141
351 160 40 61 127
314 170 62 40 168
341 134 61 60 122
428 6 41 65 158
547 261 57 52 158
29 64 60 61 137
71 240 43 39 154
-496 1 46 49 176
-307 9 55 51 139
-980 85 35 46 167
-495 126 36 46 159
388 250 62 51 163
571 30 53 57 177
197 5 43 45 142
827 122 57 55 197
61 206 62 39 128
-77 104 66 36 167
895 247 37 65 133
-755 311 40 46 192
-344 36 58 64 131
731 333 55 47 132
-255 47 35 59 178
551 2 36 55 190
268 393 57 58 121
333 220 63 64 132
-333 365 61 56 162
-435 219 50 65 112
-547 279 66 54 151
213 209 44 51 170
490 321 44 58 186
-788 213 64 41 177
410 123 63 51 159
139 49 55 65 147
301 327 34 35 178
-525 120 51 48 177
496 50 39 50 163
383 204 42 59 168
794 237 54 58 138
-681 158 53 59 192
-912 278 45 59 195
309 387 41 37 104
201 137 61 51 124
-830 322 52 51 193
584 286 44 60 154
914 158 38 66 188
287 379 51 40 101
-541 185 55 48 144
332 190 55 60 102
906 20 59 42 199
101 397 47 66 131
-670 240 64 55 145
-49 400 52 41 190
-305 73 64 38 119
-375 135 54 53 168
-476 256 60 53 121
-755 199 50 34 198
-653 352 55 60 151
-552 101 51 35 121
-907 401 55 37 160
-718 22 38 36 186
691 362 65 66 129
924 326 62 45 131
-318 222 34 35 116
-550 149 52 50 162
196 321 64 42 175
695 315 40 35 182
-86 21 45 42 112
-291 207 55 58 126
834 147 60 45 145
787 177 55 46 179
-304 367 34 49 109
261 205 43 37 109
672 259 59 46 102
583 111 41 40 189
-430 156 51 53 110
-920 200 46 49 193
803 5 47 47 147
28 175 44 36 124
-483 177 58 43 188
-270 98 59 48 132
-373 403 43 47 110
788 119 55 63 191
-129 217 51 46 181
-944 303 46 47 121
-191 328 65 38 124
174 128 60 34 120
-129 407 40 62 122
984 208 34 38 119
-780 230 43 47 102
111 38 55 64 157
653 124 52 49 107
-32 370 54 66 129
842 368 52 45 114
-83 224 47 35 149
-882 281 51 64 114
-704 196 40 55 151
-627 406 45 52 161
910 229 50 45 194
45 384 58 60 121
991 246 52 34 162
997 378 65 42 142
879 214 55 41 171
709 383 64 57 186
319 59 57 53 198
-636 391 55 64 106
-121 175 64 38 106
-408 223 49 47 197
-556 310 52 43 155
375 362 61 52 167
-213 129 37 34 155
651 396 65 61 129
-922 301 44 59 109
622 380 42 49 183
592 325 45 65 167
-657 315 64 52 127
163 289 50 34 133
-871 179 38 42 118
-311 151 48 58 125
-64 408 63 51 120
909 347 40 60 196
739 298 43 34 120
442 212 57 45 200
60 300 64 61 195
916 190 48 55 187
-683 353 51 54 190
58 21 61 63 126
567 383 55 40 103
-352 68 56 56 197
138 253 63 51 192
348 102 56 56 180
405 50 56 61 155
-474 20 45 43 189
-18 201 48 59 195
770 83 36 53 146
-990 190 64 46 190
-609 246 43 36 138
951 54 42 61 120
571 48 58 42 187
10 295 52 61 139
-955 349 43 34 188
185 154 65 58 168
-756 363 51 62 107
203 137 53 36 155
852 365 62 62 126
562 326 62 48 116
-508 170 59 45 153
-165 69 36 37 186
416 244 64 55 136
-839 108 62 60 118
-645 209 46 45 123
-698 176 54 45 124
158 353 57 43 135
-363 341 36 44 155
35 133 38 34 112
-191 88 45 54 111
-236 40 56 59 173
507 333 42 59 132
331 225 61 53 186
-908 231 42 35 183
-519 136 42 60 114
675 178 63 49 163
157 287 48 35 137
-273 11 65 40 198
391 280 46 58 194
-572 175 51 61 195
-761 294 42 64 137
836 71 66 46 111
-261 368 45 36 192
-566 331 52 39 192
-807 75 63 43 103
835 144 37 61 167
477 69 45 62 152
-390 370 41 45 109
-251 369 46 47 155
-909 287 40 34 125
400 234 63 56 182
-831 161 47 49 188
-3 266 35 48 131
630 23 37 47 103
341 397 50 66 116
718 395 35 57 187
983 232 64 61 103
-347 111 48 63 134
-286 246 50 50 186
-652 318 36 44 193
649 268 66 62 166
-789 66 35 44 132
475 162 61 58 176
309 243 65 58 193
296 33 49 64 112
-620 3 34 59 153
-455 13 55 55 199
474 105 40 50 180
-186 230 60 66 190
-727 252 56 39 147
-703 143 38 37 170
-770 209 38 61 126
38 356 59 52 123
281 219 40 66 135
262 189 38 39 133
-728 58 61 63 194
-724 103 66 42 128
-566 362 52 37 185
-583 71 51 58 112
95 67 38 45 190
747 312 47 37 104
-791 104 49 47 129
809 285 53 63 142
262 193 56 48 131
-163 18 34 59 122
453 329 48 60 180
-542 367 49 63 112
701 287 49 37 158
-759 234 54 59 140
-310 47 37 37 133
390 342 41 38 193
-717 54 47 66 140
16 150 43 60 150
-495 157 34 40 117
43 280 35 57 153
-186 287 63 44 200
732 327 52 53 104
-765 352 51 65 106
223 220 48 47 111
-215 227 43 59 126
-111 336 38 62 193
872 391 55 53 161
840 26 45 66 195
-82 135 54 44 113
-454 330 62 34 160
696 304 34 65 191
144 321 39 54 176
-558 196 39 41 162
466 307 60 60 136
-842 302 47 41 157
593 259 58 39 167
-639 218 57 39 176
174 18 51 59 193
430 219 46 46 197
860 156 64 37 166
-568 345 56 65 189
-968 405 59 40 162
-156 133 34 63 112
880 2 35 48 132
603 51 53 38 134
-379 150 56 47 135
838 12 43 41 163
-796 105 64 44 190
-813 170 63 47 191
-623 193 63 42 188
248 10 51 39 178
360 110 63 46 126
-318 408 45 50 162
-471 247 47 56 147
-40 269 61 39 166
-212 232 51 39 116
-588 127 36 59 193
-152 136 48 56 187
771 362 47 34 180
282 211 34 62 195
-868 227 53 38 104
-804 99 54 47 129
-752 11 64 35 107
159 87 51 43 178
616 14 56 56 109
637 108 64 41 105
-170 345 43 38 140
176 274 64 62 116
7 230 59 55 151
28 258 35 40 170
-656 31 50 35 193
-39 358 34 39 145
305 211 59 41 173
153 274 38 41 123
-298 28 50 43 151
-374 115 39 52 128
-957 209 36 46 192
401 370 63 60 167
-114 83 39 44 194
56 11 63 37 191
-87 149 59 47 154
-528 106 47 36 152
-852 87 34 51 195
240 176 45 60 137
841 188 59 35 190
-643 68 45 65 200
643 298 57 65 133
-672 279 35 52 171
383 306 34 54 197
733 405 55 58 148
-768 401 46 44 173
-493 64 54 57 168
752 236 51 46 170
-772 191 35 56 166
390 270 53 45 166
676 117 49 46 195
506 68 42 52 117
-701 304 58 46 173
291 44 61 54 125
89 153 49 48 109
189 216 46 40 150
-769 354 64 50 176
-376 147 34 62 159
-35 57 56 63 172
-327 364 39 63 153
278 405 37 52 165
-918 387 41 56 122
-955 25 46 54 180
682 217 48 51 188
-519 233 49 45 117
222 132 41 50 143
-111 310 43 53 128
-834 13 51 61 124
671 117 54 54 141
-398 43 34 58 116
-722 256 48 51 141
-786 300 54 64 177
371 372 57 35 115
-658 69 43 52 182
-148 45 46 34 179
-241 62 41 51 118
-61 119 40 59 131
-748 180 52 50 126
92 111 50 46 164
558 231 36 52 164
-793 65 66 45 113
938 67 58 41 190
198 380 49 60 187
97 126 50 50 183
437 211 56 60 145
-948 340 50 59 108
-165 26 63 46 133
470 185 64 43 122
-974 293 63 42 126
-571 84 39 60 182
-489 225 52 44 103
-584 365 65 53 152
594 139 45 43 124
-141 45 64 38 140
-142 317 62 40 169
-836 271 61 65 177
560 16 56 66 200
-687 140 38 34 101
943 287 47 61 191
-333 40 45 37 155
-856 188 47 39 117
-555 130 38 47 102
-349 207 41 64 154
-767 181 48 48 111
910 61 44 56 157
593 284 42 54 171
-373 32 64 57 169
291 49 46 50 136
-411 335 56 48 174
586 176 58 51 197
737 9 41 54 122
-776 150 61 64 121
-152 358 58 62 156
-853 210 62 59 105
163 144 42 56 157
-405 158 38 53 147
199 331 47 54 113
99 264 39 40 146
447 171 53 35 136
-358 160 46 65 110
529 118 47 34 101
-883 201 62 65 125
577 285 61 57 154
-482 216 61 62 162
-519 259 54 42 175
-732 203 47 55 185
164 85 60 64 145
237 321 62 48 199
-516 217 55 38 152
-773 329 61 47 186
718 97 52 50 138
-605 74 35 48 130
64 313 63 59 159
-341 257 57 62 188
-36 165 66 65 200
42 293 60 43 175
-93 106 61 52 162
-840 52 43 51 138
-749 390 38 58 165
9 364 65 56 115
-127 283 44 57 180
229 338 42 65 134
-839 370 43 51 159
-153 116 41 43 106
963 333 57 57 167
-570 112 55 47 200
514 105 54 61 161
-277 352 42 59 186
18 166 53 56 121
-308 310 59 64 125
-11 370 63 54 147
-623 191 59 65 163
377 6 52 35 104
668 366 50 37 181
228 243 39 58 144
-787 254 39 49 183
544 117 35 45 108
-451 43 52 34 190
95 126 47 64 130
-896 166 42 42 151
-25 255 39 39 106
736 108 56 66 164
-421 132 48 61 149
-196 212 66 38 169
385 97 57 55 150
33 266 45 46 167
-748 42 64 36 168
-872 110 44 57 185
399 332 49 39 152
-544 208 57 36 164
288 267 43 46 158
985 151 39 41 115
-704 227 43 64 120
203 320 66 43 159
150 174 66 47 121
-555 9 58 65 150
277 314 57 38 197
826 121 46 40 158
-495 298 42 36 169
34 361 41 41 170
361 36 52 44 137
-344 122 44 52 103
-395 78 55 51 168
-822 141 35 41 128
994 130 37 42 163
288 368 40 39 125
-78 208 35 60 173
777 18 50 57 179
379 77 54 41 101
-955 292 63 62 129
-351 267 54 64 135
-50 7 36 65 189
835 336 46 36 197
-426 53 60 58 148
296 171 61 47 177
116 42 34 51 164
-237 18 57 65 195
-76 99 48 61 122
-273 91 52 43 133
-657 229 64 43 122
-817 384 48 52 173
295 345 38 55 132
-159 18 64 63 197
-189 19 36 40 176
-738 245 50 58 112
693 162 56 66 142
-187 217 41 44 133
-969 293 46 66 102
-334 394 42 35 182
-212 266 35 34 193
-816 387 44 62 199
178 297 59 35 141
-526 171 51 52 185
-773 398 59 34 200
677 278 41 48 165
-711 222 48 59 106
480 342 36 65 151
76 312 41 34 155
-680 51 35 61 199
997 137 66 42 134
-57 277 42 59 164
152 155 35 40 116
-166 57 58 61 140
-58 53 46 53 120
-574 283 50 65 117
722 16 54 45 122
-793 48 48 44 178
-850 104 55 61 171
-34 111 50 36 159
842 209 39 57 128
-353 189 61 57 130
895 403 61 47 106
704 379 55 56 117
-673 271 39 53 152
66 32 62 63 162
361 264 55 42 138
-451 293 53 43 114
920 243 49 51 158
-646 132 62 40 156
-811 354 64 63 137
-819 127 59 46 175
274 187 47 38 139
443 58 59 58 128
-743 220 37 62 185
73 226 50 35 117
35 289 42 66 122
-580 182 54 58 133
-555 154 50 58 109
255 98 52 53 147
408 257 51 39 129
117 137 62 50 140
-692 360 57 35 200
-340 76 35 57 143
67 21 52 61 151
763 155 39 49 198
-608 76 47 37 173
199 239 66 46 195
-274 197 59 61 166
914 380 38 59 120
-327 162 45 56 198
406 226 49 57 104
-536 107 36 65 176
-834 307 49 46 129
274 270 41 49 144
-935 40 55 40 179
-970 342 62 40 162
250 49 59 34 144
-398 260 40 54 193
-112 88 53 41 107
715 113 55 38 104
603 294 46 61 105
444 171 48 49 116
495 63 36 34 151
601 235 54 50 105
-925 24 38 41 167
578 125 43 40 124
369 278 37 57 108
782 206 34 57 115
146 13 51 35 116
30 193 45 42 115
305 282 42 34 136
955 226 48 49 128
151 401 65 46 132
481 325 34 57 102
127 358 62 43 131
-49 351 49 53 132
-704 189 44 47 147
615 282 54 57 103
-751 285 57 36 127
-164 224 52 34 187
337 81 39 46 150
-170 397 58 64 149
826 357 65 35 115
-609 48 62 42 183
317 347 59 62 185
-496 295 62 58 189
-147 84 43 45 127
603 49 42 62 167
286 308 43 42 140
-756 296 35 45 109
231 251 63 63 132
-628 355 36 64 147
376 225 36 49 112
258 365 50 34 179
-115 169 54 52 103
724 337 38 62 103
955 351 61 43 173
-141 186 59 34 172
-725 282 58 44 188
592 340 50 42 186
-934 310 40 61 150
414 317 48 41 171
-27 217 40 38 121
-917 137 39 64 184
-480 52 46 64 165
-924 50 39 50 102
-776 309 59 43 137
-900 354 51 45 125
-811 37 60 63 169
-834 132 53 40 126
-949 67 37 37 188
833 162 41 39 186
765 200 45 40 145
-894 240 65 52 148
124 256 54 55 124
-709 35 45 51 155
171 262 35 60 183
757 86 45 39 168
-386 69 62 50 110
955 172 52 61 103
-830 41 42 47 186
204 112 59 44 138
-667 297 66 63 155
991 23 44 47 171
620 352 60 40 109
-517 291 35 55 189
-668 34 55 48 194
475 364 62 44 144
662 296 66 41 142
-749 363 53 49 199
-737 105 34 60 191
503 73 48 52 196
107 102 44 60 143
350 305 66 55 111
-761 161 62 60 138
-902 364 55 37 173
118 371 61 35 165
-190 29 55 62 193
164 318 39 54 119
-895 321 57 50 181
-121 278 51 52 166
-878 370 56 36 144
327 392 35 35 190
566 70 35 60 131
-512 114 48 37 176
-624 257 37 44 187
316 389 37 55 115
-180 104 42 51 115
-517 284 63 52 177
-47 304 42 47 162
-849 382 65 62 147
507 383 51 43 121
655 147 49 60 105
47 235 63 44 164
461 172 41 36 117
191 141 45 44 124
-632 282 42 50 156
778 180 57 43 178
47 14 62 54 104
700 363 54 48 106
-755 374 39 46 149
597 397 41 43 147
745 64 44 54 143
-800 46 46 53 196
814 3 50 66 200
-325 36 60 49 107
657 153 63 38 144
-450 284 53 44 170
-860 309 62 58 168
-991 109 51 51 107
825 175 57 48 133
98 325 65 61 117
-428 95 42 34 116
959 160 58 64 142
749 94 45 57 169
625 210 57 53 122
-802 236 38 53 197
239 366 41 42 142
867 255 57 57 136
916 195 57 47 188
-594 212 46 47 140
-694 398 46 40 126
55 217 60 54 183
765 34 58 59 167
-966 294 39 47 142
-556 340 39 56 160
549 27 47 42 146
779 46 59 53 142
-728 285 48 48 126
679 124 52 59 127
981 272 53 46 130
900 161 46 48 139
-129 374 54 38 103
-610 232 42 42 130
314 1 44 51 126
-905 155 35 54 118
491 46 35 44 179
404 199 65 58 200
224 86 43 49 131
48 218 34 40 177
-410 252 62 50 176
183 335 36 44 132
918 89 49 44 129
-535 215 65 52 199
-803 69 62 44 138
343 104 55 44 135
-317 345 48 66 162
285 126 52 56 103
978 145 55 43 149
-535 69 47 37 133
386 356 46 43 126
747 50 65 36 160
-768 163 54 36 145
-272 87 34 60 181
570 403 43 55 125
885 66 42 44 171
-997 92 59 66 165
-394 177 49 49 188
-648 80 50 60 185
-105 47 38 52 142
-844 375 63 49 198
337 62 60 60 148
657 398 57 38 143
-20 311 60 56 108
810 15 44 56 148
428 148 54 38 166
-795 363 46 50 173
656 268 54 48 158
876 319 41 57 186
448 225 52 60 190
-885 293 51 65 189
-322 34 46 61 108
-130 58 53 47 107
-844 131 44 50 113
-454 280 38 62 118
-920 403 59 43 185
873 334 45 38 172
884 259 54 44 120
-908 314 66 66 133
-979 184 54 60 121
-515 132 65 41 155
602 11 66 48 172
-878 189 37 45 123
-936 164 53 66 141
430 115 39 63 115
-510 59 34 58 174
-177 45 47 60 177
51 49 39 42 178
-379 38 57 38 113
-141 367 55 65 133
494 271 40 59 112
221 273 60 56 131
-408 109 50 60 155
-997 123 46 34 112
-446 228 65 38 140
635 310 48 57 117
787 125 50 66 143
160 29 47 56 149
699 309 49 54 180
-249 350 42 42 165
-956 303 35 40 160
413 297 65 50 176
825 342 56 52 132
-598 205 34 61 199
-544 107 53 35 145
-474 16 41 48 148
155 387 47 47 144
-121 291 43 45 171
333 292 44 36 103
-215 190 59 42 200
-192 21 48 53 121
-486 92 34 61 189
-238 58 61 46 197
141 363 51 50 119
-51 17 44 61 121
-265 395 65 60 150
601 67 54 39 106
-325 358 60 61 150
-589 333 49 37 120
167 38 35 39 195
-771 397 52 37 155
-42 25 64 43 155
-601 268 59 38 166
-572 56 63 46 178
391 393 35 56 191
841 83 65 63 171
259 147 38 34 188
382 254 35 45 109
312 40 53 34 137
57 207 40 49 106
-481 17 59 38 179
573 369 46 50 129
-28 12 34 64 177
440 246 57 43 111
709 177 60 44 128
256 390 43 44 136
573 332 50 42 163
-766 279 48 52 178
-788 35 56 37 122
-355 21 55 53 147
122 147 44 47 197
-778 271 34 34 197
628 74 62 35 194
-981 235 41 34 187
639 273 54 56 116
-150 106 36 48 191
-754 34 42 39 154
-315 309 61 62 140
-492 109 38 43 106
528 7 62 64 176
647 138 63 48 189
346 396 59 38 188
-378 19 55 63 131
-559 355 61 66 135
248 393 39 42 102
832 193 47 59 178
-988 47 52 39 113
714 223 53 59 174
-967 327 44 44 195
909 41 35 36 125
942 307 50 53 150
-652 45 35 60 189
-458 337 34 40 190
-869 184 57 51 117
-913 145 58 40 181
-960 280 64 55 174
706 70 46 37 180
198 39 37 61 121
-280 327 61 63 193
-94 49 64 61 124
493 55 43 65 178
-553 148 42 52 111
749 131 52 65 136
-920 349 45 58 191
579 261 39 41 124
328 272 34 38 159
-656 348 51 35 187
-677 305 42 55 102
955 174 39 64 192
372 97 65 62 122
588 154 38 51 164
-300 100 41 66 161
950 174 48 38 133
-267 198 56 60 123
697 99 52 38 168
-279 163 63 34 175
-430 227 60 54 126
602 225 39 58 151
204 136 65 63 166
421 102 59 45 129
281 87 53 50 158
502 321 58 40 117
525 225 35 55 177
-339 277 40 59 105
-982 231 52 63 105
779 267 58 52 166
723 8 62 45 197
407 203 56 50 149
-861 112 51 51 128
553 339 38 35 103
-132 353 63 62 191
-900 145 36 63 140
-458 181 63 56 106
-474 101 47 35 174
-766 408 54 59 183
-802 348 58 38 155
-15 344 44 58 164
-468 20 58 34 124
56 314 58 43 195
363 131 55 50 181
-152 359 37 39 112
99 68 52 55 164
956 235 40 52 186
970 57 35 60 145
-529 207 61 36 143
562 192 51 48 177
-523 185 48 59 183
774 101 42 38 173
208 61 64 35 132
383 209 47 62 145
-991 224 51 58 192
562 221 48 39 115
877 399 34 55 168
-533 390 55 58 181
801 285 35 48 131
-961 257 61 57 180
123 3 48 64 107
73 27 56 39 166
992 60 34 58 131
-509 39 60 41 142
-748 391 37 48 149
-17 108 62 55 174
945 95 47 52 140
420 360 52 36 103
-700 323 58 66 183
944 265 45 52 101
766 220 48 61 146
736 140 36 40 152
701 107 49 48 162
501 60 61 61 155
-827 371 44 44 112
256 369 46 53 152
-27 280 46 63 123
-701 147 66 62 130
913 246 48 65 126
177 26 47 45 195
-590 202 63 51 195
-238 196 49 46 186
-828 323 63 47 103
107 374 56 42 167
360 340 39 48 193
-597 148 61 64 124
-88 262 36 45 168
186 31 54 59 185
714 119 39 58 118
177 99 62 63 173
-548 207 56 56 176
754 45 53 50 113
688 308 47 61 110
-217 89 64 50 152
775 372 53 41 181
-654 373 38 49 154
-735 28 57 61 110
274 179 43 60 118
-787 390 43 57 133
751 206 37 48 158
