501
113 160 143 126 7
1000
-152 326 52 55 115
-664 397 58 39 131
-350 205 38 65 153
668 86 38 36 108
-620 24 53 60 102
-722 284 43 57 184
-513 190 58 51 141
-92 195 43 53 175
-511 69 58 39 116
-836 194 36 39 153
-180 208 62 44 139
831 149 55 62 129
-718 113 46 66 138
-903 239 60 52 187
78 291 65 60 178
-998 149 38 61 129
-623 231 60 55 102
566 210 48 53 150
193 135 34 54 130
-289 258 60 66 104
-115 270 56 37 162
455 273 39 57 186
977 311 63 56 172
-779 365 47 57 197
954 245 60 55 110
210 373 46 58 165
898 116 62 38 184
749 271 34 65 180
-626 143 51 40 162
-266 339 54 47 143
-665 107 50 52 199
366 268 39 39 122
481 293 60 39 107
287 361 41 56 127
95 48 35 38 125
253 290 45 36 167
417 332 60 52 165
-63 49 46 47 151
838 232 41 34 127
28 220 59 54 133
658 365 50 65 147
-440 72 45 34 161
-585 73 43 66 186
-310 31 48 62 177
-823 51 54 53 112
-834 128 36 41 112
61 18 55 40 137
436 176 65 46 180
923 89 52 61 130
65 124 34 55 166
268 364 51 65 153
-334 212 49 66 143
-133 94 47 55 109
244 275 55 36 135
504 150 41 48 123
857 263 57 53 153
689 88 43 61 197
53 334 60 48 123
112 133 55 59 142
765 68 54 41 146
-987 160 60 47 180
-68 361 59 53 197
690 34 66 60 195
-87 238 65 44 121
-56 325 42 50 139
-652 207 63 61 136
-869 378 49 48 143
868 152 48 38 119
-829 117 50 54 128
-506 45 64 52 152
-703 174 60 34 176
270 86 49 49 172
88 378 51 35 159
232 253 53 56 162
-131 254 56 34 132
130 148 49 37 119
-723 230 44 65 159
-26 180 50 43 145
-13 204 46 39 183
557 201 59 63 169
-886 214 63 41 191
-719 38 56 48 124
627 336 48 66 151
-940 334 44 65 190
338 177 38 41 153
-210 240 45 40 144
-488 99 56 44 155
-322 288 44 42 175
565 43 47 57 130
-597 391 38 48 164
-39 163 52 38 101
-800 129 40 45 165
-550 299 37 37 132
-56 162 64 45 185
503 43 60 62 133
342 129 35 64 124
944 317 53 34 143
-754 120 36 62 148
670 86 52 66 127
-419 118 63 42 130
725 97 45 49 151
158 313 62 35 143
-941 99 47 47 140
-280 123 48 50 115
-464 278 66 63 198
628 264 43 59 155
-345 158 37 55 194
578 364 47 35 172
-566 350 37 60 130
100 173 52 47 153
-750 16 40 66 178
-318 238 37 36 179
755 69 65 50 198
732 132 49 49 111
284 328 49 37 175
-27 135 39 60 145
-692 10 54 57 135
-733 329 44 64 162
-563 269 44 37 117
-429 187 58 43 164
337 374 51 49 129
259 283 54 43 119
-754 41 36 58 178
599 350 63 38 102
449 347 48 56 192
432 202 40 65 110
-392 259 45 60 105
540 16 43 62 191
247 375 64 47 190
264 317 43 35 156
-767 236 40 37 143
-369 57 38 61 199
640 121 42 38 150
-118 346 53 38 188
-173 251 53 39 144
485 161 64 62 130
-798 59 64 48 115
768 372 45 51 161
167 267 37 58 191
-598 94 49 37 109
837 133 62 42 154
-48 240 41 52 196
-151 386 40 59 169
102 347 63 56 175
-519 37 51 44 182
-767 329 42 66 173
11 180 39 61 195
-822 391 38 46 117
908 309 58 64 176
606 363 66 49 164
-384 11 47 63 175
595 46 66 41 128
944 391 34 63 155
739 180 53 55 193
-477 214 62 59 157
348 305 41 60 155
162 327 45 37 118
-423 8 38 35 128
832 356 37 50 192
-381 129 44 53 121
911 37 44 49 168
-915 323 45 46 148
-550 181 59 62 124
-352 6 52 44 126
175 254 50 65 193
-545 32 38 42 116
-633 156 57 64 194
861 103 59 42 119
162 6 50 47 143
-26 128 53 44 104
-557 100 56 36 145
-856 207 44 65 152
-18 337 40 48 120
636 317 61 36 194
-304 127 46 42 124
-881 149 47 35 117
111 121 41 41 128
728 12 52 64 152
-923 273 41 39 156
-26 168 45 36 148
588 348 65 52 174
-448 202 56 37 175
-206 80 41 48 143
371 121 53 47 158
-852 133 64 51 144
805 395 59 42 150
936 260 44 62 138
215 134 61 36 154
-157 361 63 36 107
415 397 51 59 152
-425 94 53 46 120
658 325 41 59 135
41 302 47 46 122
-357 83 56 35 128
-459 29 37 61 169
359 203 61 42 159
572 308 65 51 107
68 229 65 37 182
-283 193 66 41 172
141 331 65 64 175
747 261 65 53 125
568 261 63 48 132
-576 29 34 51 174
965 250 35 64 103
-527 286 55 54 126
-848 280 41 47 164
-883 19 55 51 171
-176 122 50 51 192
-417 340 41 52 198
-346 78 47 38 185
-518 127 49 50 117
508 326 40 55 187
463 317 52 45 130
-532 354 41 56 117
466 43 42 52 179
-511 103 51 66 126
319 369 63 43 179
-893 83 48 62 189
-466 212 34 62 116
-407 33 51 61 189
-187 323 53 51 112
-922 14 60 57 113
-461 208 43 39 167
-339 297 40 41 144
4 127 61 52 139
-189 157 54 52 175
500 122 35 34 132
659 184 56 42 189
551 295 54 48 138
-571 356 39 45 134
-164 344 65 49 109
-412 378 60 35 133
-770 27 35 47 158
-945 191 49 47 132
-247 346 36 48 118
-331 210 52 34 124
-460 284 58 38 145
253 222 61 50 137
-686 315 36 36 114
764 229 55 34 108
835 257 39 59 195
832 128 56 59 148
32 254 53 40 103
540 167 62 61 159
485 50 55 61 188
995 185 50 55 164
696 290 62 52 105
-967 179 65 66 185
91 235 36 52 124
-500 216 56 64 140
-695 314 47 52 128
-977 330 45 48 182
-824 159 46 36 183
354 327 48 65 171
123 132 59 64 168
-381 101 55 43 177
273 202 57 37 119
759 126 58 47 178
375 322 60 57 138
689 329 37 54 166
-7 328 45 48 160
-508 88 64 47 129
-741 281 45 48 153
-517 241 55 64 170
-863 208 40 55 144
-169 146 49 45 185
-7 72 38 53 122
925 209 43 47 149
-270 277 54 44 197
-929 317 38 64 181
-862 294 46 35 110
-215 34 53 65 186
-506 288 53 65 160
592 358 65 53 177
-284 266 42 38 134
286 365 57 51 138
844 131 52 46 144
-558 286 58 54 155
899 39 38 38 172
-107 283 55 56 147
173 173 63 38 131
5 217 58 56 193
109 167 42 60 193
553 158 44 65 171
-545 50 61 46 197
801 54 38 64 110
978 254 35 38 195
-679 10 55 63 189
506 35 45 36 183
-509 109 34 52 125
-414 387 41 35 131
-375 197 37 54 117
-63 236 41 65 146
-833 241 44 52 142
-266 389 57 34 116
-758 371 40 62 169
169 346 64 49 194
-509 309 47 53 108
-500 243 53 46 178
841 28 45 48 200
-10 31 54 49 174
-486 329 64 42 173
-179 121 39 55 121
-300 265 42 59 110
-925 185 48 44 163
-741 239 37 56 171
-872 393 48 64 161
-111 142 42 34 110
-257 309 54 47 161
491 72 50 47 175
-239 107 51 34 109
-672 390 49 50 155
-493 399 44 43 161
-991 287 44 40 105
124 121 52 66 169
591 237 51 41 134
-674 133 62 64 133
-610 311 41 47 135
-209 363 42 43 124
-68 330 66 59 125
-858 159 53 37 186
50 284 48 56 148
-885 302 39 52 166
46 228 54 39 178
-782 40 55 34 145
416 305 58 57 185
-362 179 53 49 167
711 181 50 58 120
-220 308 50 49 189
550 144 49 44 190
-498 266 35 37 198
-488 273 36 48 183
588 250 35 58 192
-348 5 66 49 167
14 33 63 55 185
86 83 49 38 195
-797 110 37 44 188
-417 400 37 35 111
-810 59 58 50 105
-131 275 50 41 149
-461 95 66 36 165
303 184 61 53 151
567 300 40 50 142
187 147 41 48 102
-460 300 34 57 182
-312 94 44 51 179
418 245 59 51 138
-629 175 44 41 141
355 221 48 61 145
-271 159 65 66 157
100 45 57 36 112
116 293 48 56 129
574 62 40 64 173
347 304 58 47 134
834 300 45 55 128
-792 335 39 61 145
-583 390 52 49 191
-436 400 43 56 170
616 382 43 35 160
967 54 59 44 131
-305 141 45 44 152
877 285 57 39 174
145 154 61 64 137
46 350 52 57 140
88 267 56 43 130
-903 321 58 57 157
-314 123 48 37 145
692 276 37 38 101
-332 83 59 43 138
-818 85 47 63 197
-503 372 46 37 122
876 354 35 44 121
248 388 42 41 147
136 136 48 50 151
342 123 63 64 157
939 57 59 50 123
856 397 52 60 129
96 343 35 44 189
-436 139 34 44 120
916 288 57 59 134
-596 285 43 45 140
457 147 52 43 172
-96 55 47 51 137
-182 339 44 35 144
950 24 65 37 111
310 90 39 35 185
-396 220 35 66 177
-196 100 52 51 174
-234 248 57 37 153
209 344 58 58 174
318 129 57 41 137
-573 158 42 43 139
-489 149 54 64 176
-808 118 43 34 166
-902 243 53 53 188
888 353 63 56 181
-723 296 38 55 162
52 343 60 54 199
750 164 44 50 105
-558 395 66 45 122
633 272 34 40 149
483 25 58 40 157
-949 52 46 42 136
639 201 34 55 160
735 46 50 58 138
494 110 64 39 107
-61 191 61 41 144
-71 389 62 51 186
-508 6 54 53 146
611 365 38 38 101
634 49 36 56 168
-381 46 36 53 148
944 77 49 56 197
-983 118 40 44 140
-811 116 46 43 193
561 246 49 51 106
749 144 50 62 176
-979 160 41 49 155
-482 25 47 50 196
741 379 55 35 149
-940 7 38 37 155
690 263 39 63 200
27 276 65 35 189
460 156 57 62 175
135 194 44 48 156
979 252 48 53 147
456 75 46 41 190
-172 309 35 44 113
-190 168 58 59 107
996 158 42 42 115
-315 184 47 51 101
924 164 59 43 103
-444 243 59 42 126
-3 289 53 36 138
844 399 50 63 154
-229 124 34 39 120
-491 373 64 64 143
908 398 62 34 143
-387 18 40 44 181
433 286 42 36 129
820 128 57 62 178
-968 333 45 53 164
-221 201 63 37 186
-911 182 34 44 134
676 25 66 43 138
26 350 57 66 150
-178 397 62 53 126
-243 297 38 51 196
470 207 41 38 101
476 321 53 61 129
129 113 42 56 106
942 185 60 42 110
-926 396 35 56 169
919 231 43 60 148
834 47 62 43 131
58 285 57 52 124
89 177 59 43 132
-687 228 48 58 173
-148 222 57 56 156
685 274 64 61 119
-746 250 53 36 132
494 74 50 45 111
-9 369 55 56 149
-312 305 48 64 159
-403 273 59 38 132
-429 73 36 47 117
-725 183 55 40 132
-786 353 41 59 147
-581 74 39 63 159
-333 129 40 64 176
673 233 37 38 107
820 324 53 59 169
-660 189 45 55 112
371 310 58 43 142
-607 187 51 43 129
283 126 64 64 150
184 257 54 44 185
373 123 51 41 141
-118 376 54 45 190
-682 118 39 45 166
-50 103 62 58 110
-99 14 54 55 122
-963 6 44 53 174
746 208 37 43 145
-593 43 38 53 106
-664 245 54 36 131
260 141 56 55 186
37 22 48 64 198
-349 146 55 38 141
116 55 49 58 116
-108 20 42 52 106
-376 141 36 54 169
408 66 44 56 134
103 271 35 53 127
-930 326 34 49 190
491 350 36 46 199
511 364 37 53 155
504 310 39 60 166
546 24 57 35 140
771 63 65 55 131
-713 185 54 38 128
-800 267 52 38 106
142 362 66 43 167
411 0 66 47 173
485 345 63 39 148
-154 102 46 44 195
-884 35 65 44 167
-980 350 55 58 103
452 146 65 36 196
-878 169 66 60 194
-58 282 42 64 117
-175 40 63 41 139
362 82 61 41 113
477 81 39 35 188
-183 216 64 51 145
-132 97 40 60 135
748 180 59 49 164
-329 131 42 65 179
-584 192 38 60 135
-588 276 41 57 196
297 19 38 42 170
-103 307 51 36 188
-665 299 44 53 180
-495 303 41 44 166
-767 204 43 62 154
41 127 50 38 161
-152 169 51 43 175
-880 84 44 47 110
-517 308 44 62 168
735 133 58 58 165
533 62 40 64 116
592 358 51 44 119
-786 235 38 60 143
-817 174 50 42 103
-43 238 34 60 135
460 17 50 57 183
557 59 35 37 135
-975 111 61 48 134
-824 27 37 42 101
-111 46 42 65 125
853 305 44 40 101
-67 88 35 35 199
676 165 57 47 105
-346 28 45 60 119
-586 160 61 49 104
-957 153 45 65 177
277 321 48 60 123
-373 224 50 46 170
446 13 52 36 174
492 196 35 59 123
395 290 61 47 123
-944 353 59 38 183
436 247 55 50 120
-542 363 57 56 120
-67 117 44 41 193
-341 75 66 53 166
412 263 66 50 178
414 13 36 37 199
-311 368 52 37 160
-62 99 48 54 114
-5 22 53 61 170
52 172 57 40 122
298 83 61 44 176
-669 352 58 44 118
-717 99 56 48 196
-266 47 59 39 173
-590 296 45 52 196
-83 210 48 40 179
9 83 58 36 180
503 386 63 56 200
693 39 46 60 138
-680 62 41 65 195
342 381 36 45 185
-602 253 35 50 190
395 90 61 50 167
341 339 42 48 191
-577 308 53 34 155
-424 383 34 62 162
-145 117 41 61 124
414 327 36 63 163
-829 334 50 50 107
-104 138 44 63 196
-14 182 52 34 187
875 210 62 54 154
-896 233 54 45 122
981 342 47 54 121
580 46 53 39 181
556 126 62 50 104
-949 138 45 36 179
-344 343 58 39 188
745 116 65 51 165
-212 142 63 46 191
-241 231 49 49 182
-104 358 34 43 160
674 270 53 37 162
126 183 34 46 114
371 327 52 59 199
560 32 34 37 163
-340 113 54 66 187
96 56 42 34 134
643 350 66 60 124
817 218 44 43 181
986 291 37 60 192
-73 167 46 35 175
-105 352 65 39 180
-572 231 64 65 139
390 228 42 59 132
-861 246 56 48 115
-67 1 34 62 153
-165 101 63 42 131
682 301 54 65 111
-593 324 50 37 198
988 229 48 56 188
-339 177 41 61 104
719 354 62 34 178
954 36 55 41 109
-266 401 34 47 176
-39 370 47 36 179
892 64 56 38 198
-754 358 47 46 182
469 110 64 58 185
-164 37 52 47 188
-196 19 53 63 154
178 338 48 56 170
-675 303 35 34 115
962 96 62 62 104
-3 35 66 57 143
-762 134 35 45 106
121 376 44 60 128
859 147 65 56 113
840 58 58 46 155
585 249 57 45 187
136 282 50 44 146
600 54 53 58 145
939 13 65 48 124
-640 221 40 59 176
925 140 53 44 130
707 93 50 45 180
-284 101 47 39 191
-668 197 55 48 162
-113 301 37 57 106
12 6 63 46 167
-235 141 47 51 120
-232 156 44 36 111
520 149 55 44 198
-816 379 51 53 142
-210 299 57 37 172
748 55 61 65 134
103 311 47 54 127
987 374 42 57 157
-124 84 43 64 178
-746 250 52 52 147
-532 203 45 57 140
-348 124 44 65 104
-655 296 44 64 139
273 64 60 65 122
219 248 35 41 134
-146 324 52 44 194
-394 399 42 56 150
-555 111 42 44 130
824 182 55 56 171
511 290 59 66 180
-334 333 44 49 164
716 334 35 51 151
497 15 45 65 115
-392 36 41 43 159
-376 234 42 36 157
-462 139 60 66 170
280 309 58 58 195
605 353 61 64 199
26 187 46 40 119
882 237 38 47 113
-777 26 43 34 139
357 85 66 45 120
848 266 55 59 129
523 355 51 43 155
199 193 37 54 195
-204 298 35 57 166
-10 130 53 53 113
472 368 55 50 170
583 78 61 42 162
341 83 60 52 185
471 255 46 45 114
-97 368 35 41 107
120 57 40 62 196
-616 220 48 43 147
330 294 46 58 192
-741 298 36 63 196
202 26 54 42 158
656 201 56 43 170
41 379 36 66 125
938 293 46 38 141
-207 54 49 47 155
16 206 34 46 158
318 152 35 45 146
501 8 34 38 150
302 84 45 64 197
-780 351 66 35 141
-824 112 51 44 112
381 144 38 41 105
-106 323 47 51 198
-47 9 37 50 191
534 381 52 57 187
-729 399 35 36 127
-653 235 40 60 135
104 356 57 35 200
-157 279 40 43 128
-84 284 50 55 108
604 37 41 66 140
-265 331 40 52 148
287 174 66 51 137
551 359 46 37 196
-998 48 57 59 154
684 251 47 41 113
-373 349 62 43 149
-790 6 43 48 198
157 23 48 53 192
-913 257 37 37 137
-700 136 51 40 190
206 5 39 44 152
711 202 44 41 103
-929 164 44 66 188
-336 381 45 59 157
-563 385 43 39 137
-149 21 44 62 186
-46 137 56 42 190
702 308 41 39 157
9 358 56 57 103
391 12 61 51 191
-184 280 58 49 169
709 108 56 50 125
-955 175 40 65 133
786 116 58 48 177
-831 355 39 60 188
322 243 49 64 188
-879 30 60 58 137
828 285 57 63 150
-170 152 39 50 112
-962 120 49 63 114
-538 365 57 53 163
-462 151 50 56 113
-280 65 66 54 105
633 93 44 47 104
-977 253 42 56 105
718 351 38 47 126
558 165 63 50 110
697 57 55 38 196
650 19 63 35 180
980 362 44 60 122
988 106 34 46 171
553 170 38 42 152
-715 209 52 61 145
764 363 51 59 106
-251 7 61 65 187
225 168 64 55 106
266 355 63 55 137
95 275 36 57 146
-384 335 64 43 161
-455 179 56 34 178
897 169 65 44 194
930 329 54 41 118
-828 301 39 57 152
-173 52 65 44 191
-788 227 66 46 138
606 209 47 42 135
339 272 41 60 151
799 33 66 41 155
893 135 61 54 194
618 42 46 57 197
-217 38 43 40 187
-4 142 41 62 182
353 114 55 42 153
-896 289 63 61 102
-802 256 55 52 108
-456 315 38 65 147
-747 132 51 64 148
-939 179 65 42 110
-34 104 59 42 140
-410 339 52 51 103
825 29 36 64 133
947 164 54 47 172
873 377 60 59 187
-53 396 43 52 126
-395 300 56 48 131
822 339 36 39 146
-955 211 62 60 160
-72 59 57 54 143
-162 155 56 55 189
348 214 47 41 125
-378 295 64 49 133
-453 291 40 37 163
807 111 63 57 196
-320 231 42 42 165
411 229 64 39 145
-831 383 54 51 143
94 144 60 47 108
-698 68 47 64 127
666 143 35 42 191
168 324 44 45 113
572 136 40 62 123
-833 44 37 59 156
-576 98 60 51 171
-782 204 48 51 137
-109 376 62 61 116
-48 15 53 66 171
723 242 60 62 153
339 263 35 38 112
-871 45 57 41 154
102 210 36 49 123
789 376 38 37 182
-93 213 54 49 193
-990 315 56 43 157
503 399 55 55 128
-524 18 38 45 159
-201 91 48 42 120
623 224 38 47 179
-216 338 43 55 195
-816 117 61 45 107
-525 312 49 53 165
460 188 49 56 165
83 33 38 35 197
-960 167 36 50 157
899 187 43 60 150
579 189 34 66 149
-789 279 63 41 145
295 269 40 37 170
329 395 41 62 145
-726 257 57 64 187
-765 296 58 43 167
316 107 38 58 148
262 72 47 44 144
474 16 65 45 103
-26 185 40 64 125
-845 201 55 56 174
-375 282 57 42 103
962 259 37 35 142
-699 139 36 57 167
-308 187 44 55 129
-963 20 44 60 189
354 81 55 62 170
30 266 64 54 136
-746 80 50 65 158
-388 364 37 41 171
-842 286 58 55 188
-980 253 35 46 120
-935 58 51 45 155
282 144 56 58 118
835 223 60 52 165
-948 323 44 53 114
101 344 39 55 103
-185 237 59 36 124
761 156 59 43 161
383 59 37 65 191
-844 390 62 56 193
649 223 42 54 150
-84 86 42 65 120
436 137 51 57 188
-926 106 64 37 145
-749 111 52 64 172
-945 62 34 64 111
288 86 36 54 105
74 216 44 56 194
60 10 57 37 114
-325 80 35 35 151
766 64 62 66 175
363 166 63 42 137
574 316 53 64 143
-490 167 53 65 157
363 140 40 56 196
879 19 34 51 179
42 333 39 66 181
-98 240 41 45 106
386 289 55 66 174
585 141 53 49 162
-646 242 40 53 197
208 396 56 52 126
-503 356 36 47 145
714 327 41 48 149
-512 250 52 36 193
271 178 43 44 124
-722 314 63 36 183
433 296 42 45 150
198 254 58 40 191
770 99 50 57 125
597 28 65 34 195
183 376 59 53 149
223 138 37 63 111
-388 171 58 49 122
-275 84 53 63 145
28 160 35 35 151
-553 168 60 57 165
-263 349 41 56 104
101 276 37 37 174
724 354 60 63 162
686 28 40 40 190
-675 35 66 45 111
473 24 59 38 151
-766 136 36 45 196
791 304 63 53 102
846 400 66 59 155
862 21 57 66 173
-132 137 40 56 131
365 131 61 34 152
221 65 59 46 158
-522 57 64 58 196
-949 184 41 42 187
99 364 42 38 110
200 19 53 62 108
286 66 34 53 199
529 321 53 36 159
652 376 61 38 119
716 331 41 56 101
-46 23 38 37 177
-669 60 50 65 178
-931 119 46 42 171
-714 29 66 56 121
690 376 44 42 109
399 253 56 55 166
776 300 62 36 101
908 315 47 66 134
-66 342 58 39 109
-583 66 48 56 180
915 394 40 43 164
-265 263 34 57 179
849 360 44 54 126
915 195 38 41 175
-44 265 59 43 176
-606 304 54 60 166
-372 229 45 65 183
-260 352 64 56 118
92 394 35 56 180
180 18 46 35 134
-803 166 59 34 121
-698 161 45 43 150
-601 321 46 59 175
266 73 56 45 123
537 258 50 57 150
-47 389 46 48 184
199 320 50 35 187
271 84 61 48 152
462 68 63 58 166
-976 372 43 47 200
-415 252 52 65 166
-272 95 51 43 119
-73 76 47 59 116
-595 167 38 51 200
350 194 44 62 163
-314 90 60 59 105
-820 150 39 42 137
-423 91 56 41 139
252 72 56 60 129
-584 228 47 60 108
-118 45 58 63 115
162 187 40 44 155
-468 183 64 58 168
197 282 40 44 154
40 239 40 62 113
81 334 55 58 113
219 103 64 38 149
961 395 60 37 124
521 381 34 60 135
853 134 41 59 137
-454 315 51 61 148
201 315 48 54 112
353 51 57 38 177
-640 64 36 61 122
154 20 38 53 192
396 243 51 50 165
501 106 60 53 185
-539 293 44 52 111
-21 330 50 43 156
-260 367 42 55 119
233 90 42 59 110
-334 81 48 44 149
845 264 41 56 145
-62 49 50 45 103
-820 109 44 51 172
266 207 55 46 160
800 141 61 58 168
669 18 53 57 169
333 1 40 45 171
-735 332 40 40 125
-149 106 34 42 165
835 373 42 41 174
631 364 40 38 196
-86 391 42 38 181
-719 11 66 55 126
3 367 44 36 150
524 304 36 46 171
514 187 52 54 193
171 273 58 66 151
140 167 52 50 122
808 347 66 45 165
502 124 65 53 155
655 260 38 43 147
-222 319 56 40 143
-112 379 44 48 150
810 40 56 60 109
-446 226 66 52 157
-784 248 64 46 179
