506
279 130 113 131 2
1000
-458 71 66 59 144
-949 273 59 47 195
-656 205 58 51 168
-195 299 43 36 195
-566 9 40 57 172
972 183 37 42 183
-157 180 48 50 177
601 373 51 64 134
673 81 65 58 114
-901 304 65 44 134
-774 263 35 48 185
-145 61 47 49 165
-87 230 50 51 117
622 78 60 52 179
130 319 43 59 133
-892 347 52 46 125
652 257 66 54 154
-346 281 35 63 122
-370 338 59 56 134
-53 191 57 61 107
942 391 56 66 110
-819 367 43 65 162
463 215 41 42 162
359 380 56 48 189
916 327 54 46 153
-536 394 63 63 175
228 30 61 49 104
-197 71 47 43 139
-180 393 40 57 124
-716 54 48 48 155
-539 350 47 51 143
-719 125 58 62 148
371 267 38 46 194
-394 244 42 56 193
130 58 41 63 183
-119 285 54 40 162
-497 379 51 42 180
-755 293 36 55 198
-43 139 51 46 178
392 286 41 57 101
717 325 40 63 112
251 373 43 40 129
-97 398 51 37 166
-396 138 47 48 116
-564 330 45 54 141
-343 108 35 55 154
463 244 53 52 192
311 293 58 36 169
983 87 51 42 149
-928 103 52 44 147
-702 306 51 58 141
796 384 58 54 186
748 325 61 46 147
179 74 61 34 106
105 310 53 51 141
594 162 54 50 117
-307 190 52 41 120
-227 101 55 56 179
398 162 46 36 170
501 247 56 62 101
-943 406 39 51 189
-384 116 46 65 195
-937 332 56 36 189
631 74 56 54 140
-702 333 53 59 135
482 303 50 34 135
-646 42 47 45 176
-722 182 55 53 182
13 363 47 54 191
-1 113 41 47 165
680 386 65 52 152
225 152 60 47 111
600 204 38 50 125
-550 369 66 49 144
133 102 66 60 150
579 311 48 38 137
295 153 34 63 148
-407 338 46 45 195
-699 151 47 43 143
952 312 62 49 149
897 129 64 42 129
-506 175 52 50 126
367 184 55 56 200
-292 52 58 48 156
-627 213 48 35 121
-794 248 66 50 102
148 58 47 42 143
-411 198 50 52 131
898 367 44 34 108
794 161 38 46 182
816 301 35 38 156
-244 136 35 61 127
186 369 56 59 160
159 33 56 37 110
613 18 63 53 133
-300 257 55 44 175
980 189 42 48 170
811 369 64 52 147
802 46 59 35 175
-249 387 53 46 106
819 323 55 34 117
-798 75 46 46 190
699 222 64 35 144
-445 59 38 48 189
421 359 59 40 141
-361 318 37 45 131
-836 315 58 36 105
217 194 49 62 168
384 280 65 52 136
700 265 42 63 166
-668 166 40 45 156
-688 208 41 66 174
-542 353 55 62 197
75 185 38 64 117
-915 48 46 44 155
-868 241 51 52 200
-363 239 48 65 156
-621 44 55 43 185
744 37 58 60 166
-724 40 57 45 122
-493 226 48 45 154
-501 347 37 43 154
406 291 39 42 116
712 222 37 46 172
984 397 57 59 189
-995 287 54 36 174
725 288 45 65 186
-691 385 50 54 191
-719 150 43 36 108
-761 338 38 43 158
818 295 44 58 139
924 105 48 47 116
-618 334 55 53 194
364 30 55 38 161
130 128 36 61 151
925 222 45 44 155
478 95 47 48 177
-395 62 41 58 166
-841 135 40 41 118
-526 355 42 65 158
109 95 55 63 103
-168 3 38 53 160
648 210 63 36 105
256 14 64 52 196
-914 39 59 40 153
-841 177 58 56 149
973 36 34 44 134
535 393 63 39 152
-557 167 49 49 116
196 220 55 43 123
441 32 36 66 130
143 340 58 45 107
-818 220 43 44 137
-623 92 41 50 165
24 173 57 40 196
891 230 54 47 130
212 20 40 51 148
739 123 37 62 187
-35 361 53 56 111
374 133 53 52 111
438 169 45 39 140
-859 345 60 50 128
501 357 59 38 144
-27 193 53 37 151
917 121 60 48 114
-542 321 49 47 184
825 16 56 61 116
224 192 37 63 188
269 143 49 50 137
-975 295 61 63 149
449 354 54 52 126
178 397 34 59 197
411 84 49 52 187
-772 204 50 47 128
62 202 49 48 173
-729 67 41 63 106
336 104 36 37 190
10 343 53 59 157
-119 150 61 37 176
-882 47 58 44 119
145 275 64 60 129
-214 10 42 56 169
-583 198 49 38 105
-932 324 37 65 185
327 251 47 40 169
-976 311 49 43 109
-549 254 51 60 196
628 300 49 63 148
992 282 36 64 104
-212 289 41 64 123
-487 143 58 51 130
1 2 42 50 113
-117 313 65 53 151
928 160 64 48 200
-619 1 66 53 168
-974 295 40 35 167
876 43 40 41 185
-299 122 60 53 185
245 75 49 46 178
613 129 62 41 165
479 402 37 60 119
918 366 66 48 131
884 326 52 37 188
-473 44 66 36 150
607 334 37 61 122
298 42 41 57 118
-10 115 41 65 120
460 205 45 49 165
750 371 62 50 155
467 99 51 66 151
473 315 64 39 125
-456 285 47 59 121
246 53 50 50 143
-394 336 38 51 182
872 222 62 65 176
-588 251 46 35 149
861 90 45 34 155
-120 16 66 40 194
-681 168 56 53 130
381 179 49 37 190
4 375 54 43 151
313 319 63 58 160
206 210 42 60 155
-537 76 49 35 185
-894 64 52 65 184
480 288 62 48 139
-871 294 46 51 181
617 262 37 59 192
-106 311 43 50 199
911 76 45 46 131
812 86 50 56 175
-242 195 47 43 165
286 379 64 48 181
62 128 38 51 129
-788 319 35 49 145
-396 165 55 39 185
678 299 41 61 197
561 373 39 62 143
525 323 40 62 118
-734 257 46 66 200
573 366 62 60 149
-202 298 50 49 129
-193 28 61 51 143
763 382 55 35 162
867 330 37 51 114
-105 236 43 44 190
517 133 57 34 200
585 98 41 56 107
929 18 39 44 195
770 385 34 63 182
786 316 58 46 152
329 123 48 57 108
-281 330 49 57 160
-171 80 37 53 101
302 360 59 45 180
-455 270 34 55 172
619 75 59 52 199
927 325 54 56 185
970 194 38 42 188
-462 335 46 58 134
161 103 60 58 191
485 317 35 41 162
173 272 56 45 151
-613 394 39 53 101
-998 389 64 48 151
-686 264 62 61 119
794 37 55 65 149
935 380 45 54 111
-816 221 47 66 180
706 330 37 41 110
-701 12 63 51 144
-833 226 54 62 148
-812 273 54 45 111
-745 4 40 54 132
787 65 40 64 160
953 224 47 34 150
-313 395 36 41 189
24 305 37 52 174
-194 243 41 53 116
-105 291 49 40 158
-133 107 53 47 119
-180 113 40 58 163
593 34 34 60 178
-49 390 49 50 137
-689 45 48 47 190
677 188 56 63 179
300 110 65 37 126
211 359 52 36 158
965 312 47 63 113
-799 83 37 59 102
-635 394 44 43 128
-385 160 61 36 145
-188 53 44 41 103
-364 272 42 41 115
-637 292 40 59 128
-954 154 55 52 164
-760 163 35 59 136
545 236 40 49 121
208 364 61 59 187
-723 99 61 66 174
280 152 39 57 159
126 68 42 56 163
564 121 36 62 180
-239 374 38 38 200
-247 203 50 45 181
709 240 34 58 195
-641 272 56 59 188
464 129 58 61 149
407 10 39 47 162
-397 311 51 55 144
-88 38 41 37 136
92 50 42 50 138
231 209 65 35 129
-148 177 52 51 182
92 3 43 57 153
-983 335 43 55 179
-494 217 37 66 194
132 328 61 38 152
-190 360 61 62 130
531 115 53 41 138
713 81 40 40 113
159 84 52 44 190
-831 129 36 56 114
894 397 65 64 153
757 316 38 58 185
798 111 63 40 181
-101 174 43 47 168
412 65 43 52 143
633 336 51 55 144
-996 318 60 56 166
-8 212 44 55 140
-215 379 65 40 184
-977 54 37 47 142
-322 283 57 51 146
932 181 61 64 140
-302 273 57 46 193
-108 107 62 66 196
-989 89 37 39 116
945 306 42 65 153
-687 330 38 43 183
39 405 55 46 175
258 157 44 61 138
-329 47 47 38 188
733 313 44 66 153
959 292 59 38 157
477 121 40 51 167
552 241 61 50 109
-117 235 39 53 189
335 95 36 66 189
-960 24 66 44 146
-538 12 55 49 171
-186 24 64 34 184
-165 300 64 51 131
-965 99 60 53 132
154 347 66 66 138
-23 138 50 46 166
69 129 62 56 159
289 78 55 40 172
-556 51 35 59 113
-871 27 59 57 169
-894 32 55 63 192
336 283 64 45 199
-847 0 66 52 168
-917 19 52 45 171
-224 369 45 35 200
258 63 37 46 196
994 354 36 42 191
-312 43 42 64 110
141 129 62 42 171
-922 177 50 36 101
592 290 57 43 125
227 64 62 59 132
-751 401 46 51 197
-501 247 57 64 112
-175 122 56 57 196
-746 109 66 34 136
-630 185 49 46 118
-121 101 66 60 150
190 319 34 34 138
-126 33 66 34 147
599 394 62 36 149
837 93 60 60 112
-445 101 39 57 133
-984 264 52 61 154
741 246 42 39 140
362 241 41 59 122
-310 84 43 42 171
311 181 35 55 124
-726 375 54 40 115
-515 160 42 64 120
-68 121 53 40 109
531 359 54 40 111
-876 347 45 48 123
-988 130 60 39 156
932 257 54 63 131
-194 28 34 49 189
-641 392 55 59 183
-726 305 46 57 163
-380 368 36 64 145
-97 382 61 47 192
897 207 42 58 151
260 389 42 57 115
806 271 45 64 137
921 307 61 40 112
336 307 47 41 197
594 217 48 57 140
-321 295 66 48 113
751 196 64 52 109
319 406 66 45 112
878 305 54 64 182
-932 28 59 34 119
-812 248 45 60 161
-200 348 52 47 127
452 20 59 66 191
847 353 58 44 160
-662 156 55 52 113
-885 378 66 51 176
535 336 64 42 118
-768 251 36 48 122
521 169 60 50 167
508 217 45 35 118
794 240 36 40 122
-386 302 59 65 195
-212 304 45 62 177
-289 267 50 63 178
-805 82 55 44 197
997 247 34 38 200
-270 73 55 59 196
-929 213 53 60 113
480 95 40 37 102
116 402 66 42 170
-100 143 63 45 167
-663 205 56 38 119
-119 400 62 39 106
-200 153 37 56 196
-972 93 58 66 107
898 366 49 45 141
531 166 38 35 136
734 80 45 59 129
-312 79 40 57 104
-953 193 58 48 164
660 268 60 40 156
-532 405 66 54 105
-451 368 47 38 171
883 248 44 65 155
-848 21 46 38 110
73 10 65 57 184
651 42 55 51 187
-886 284 40 42 113
194 304 51 59 164
748 74 34 38 191
-854 349 52 53 135
-291 153 54 35 156
-741 193 53 50 137
-196 360 66 54 195
592 384 62 41 142
797 27 61 43 160
-990 335 58 57 102
-663 26 50 35 147
710 113 52 53 126
792 221 44 34 160
-960 194 64 60 138
-41 5 50 48 142
-178 290 47 57 174
-38 350 52 60 155
969 382 49 36 190
-622 147 34 55 179
265 134 56 63 190
-401 70 43 57 142
432 337 42 35 155
495 351 45 40 150
-347 89 59 43 180
321 121 64 40 169
809 51 36 48 112
809 161 66 50 191
392 388 51 54 197
108 229 46 34 117
370 156 59 63 117
69 25 47 52 117
22 138 49 40 120
783 101 51 55 145
700 124 34 56 122
496 119 61 52 181
-137 290 65 37 157
-660 57 55 53 185
524 124 38 66 109
-48 224 37 46 182
730 281 45 53 190
-462 79 43 62 197
365 322 59 34 162
593 243 66 49 166
405 282 53 61 189
607 106 52 55 146
853 148 41 59 117
169 100 46 38 190
-759 332 36 59 153
213 318 44 37 108
236 382 40 39 198
-509 68 52 54 130
804 40 63 47 127
-152 68 59 37 168
-160 41 56 57 126
-304 250 60 52 131
143 172 64 64 118
-71 380 51 40 136
102 244 55 46 154
480 120 39 48 179
238 157 45 61 155
-22 402 59 39 177
-525 391 36 51 196
175 330 61 62 180
52 88 61 42 135
-387 392 56 61 184
-46 402 53 54 130
-588 7 64 64 113
875 280 52 63 155
-981 363 44 40 173
-479 76 58 35 163
329 115 49 59 158
-721 166 39 39 138
314 96 58 44 130
184 180 52 57 106
-158 239 57 60 131
719 259 42 65 123
100 60 39 35 120
-15 132 65 58 162
-183 270 50 66 108
-52 174 37 42 117
-64 350 65 48 121
934 275 62 41 200
-469 207 56 34 184
431 388 35 63 195
-663 232 56 58 115
551 324 43 49 175
177 0 52 39 152
-152 249 65 36 105
236 132 62 34 108
-190 262 65 34 102
-322 375 46 35 198
-407 158 42 65 142
617 320 64 62 182
-805 314 64 40 140
-105 25 36 40 148
-240 316 65 59 137
-102 207 56 57 177
-548 80 45 56 145
-690 112 43 65 187
143 327 62 53 142
144 32 64 60 200
-459 114 38 45 158
-735 51 45 44 189
-836 65 64 62 114
250 181 44 44 106
-817 338 50 61 110
-923 8 50 34 138
-519 388 45 62 114
-640 11 63 42 191
-294 173 53 61 181
389 2 47 34 138
-758 224 50 64 146
360 29 35 53 171
-33 264 52 66 138
-602 153 65 55 182
153 259 62 64 122
-264 153 50 39 198
-559 249 45 49 112
-970 61 47 48 181
-821 213 51 62 194
-784 351 53 39 117
-185 259 58 63 195
921 240 54 61 119
-725 181 66 44 200
-923 274 63 49 134
325 365 36 39 124
402 364 61 47 120
-730 80 65 61 141
420 34 52 58 108
10 30 51 65 119
-783 308 52 63 150
331 365 45 37 142
-475 115 41 37 186
683 127 53 43 118
876 311 62 64 161
-230 162 43 66 173
182 235 47 43 182
948 378 49 44 186
897 114 46 55 137
-520 342 64 52 164
116 327 48 56 189
-820 30 55 65 127
-280 359 42 37 107
549 311 35 46 111
44 64 51 50 149
-807 326 59 63 172
-678 6 36 62 191
786 367 61 58 125
-222 344 65 46 127
-262 272 49 59 173
-589 245 38 53 186
421 111 51 62 152
-901 328 57 39 200
738 120 36 37 198
565 130 54 47 152
250 165 46 54 150
-209 392 40 65 159
-823 41 64 58 172
-909 166 43 35 130
-487 88 64 36 160
841 328 35 66 146
-179 221 48 48 192
-454 94 54 61 175
-420 30 62 50 140
-316 255 39 52 194
-656 332 46 46 187
-201 121 40 45 152
895 191 35 61 171
499 389 57 44 121
-340 96 39 52 109
-675 349 55 47 182
306 249 48 61 192
-750 142 44 60 159
-904 116 45 46 191
-642 161 65 38 115
509 134 47 55 172
-102 32 66 39 176
111 41 66 43 152
-557 28 43 51 101
-219 184 61 46 198
751 187 62 58 129
159 371 41 34 112
966 133 59 49 148
-218 50 57 62 192
490 20 40 65 120
676 278 44 35 151
567 197 41 56 110
897 305 57 63 152
-176 331 54 59 127
117 137 63 58 197
-711 296 63 63 142
830 114 58 54 170
-459 289 37 46 190
526 85 56 43 167
167 164 39 61 117
462 206 46 61 114
377 229 59 59 106
884 351 60 39 182
178 4 52 43 161
-764 173 43 48 114
-29 90 46 58 179
-742 317 58 55 141
971 264 65 42 125
-654 356 63 56 118
-678 87 52 34 196
961 397 40 34 177
821 404 63 51 162
-170 221 49 65 107
-858 99 55 36 139
-602 300 59 43 188
599 323 54 59 106
818 88 45 63 186
-638 80 59 60 143
-614 51 49 40 171
-883 189 34 56 182
-265 360 46 59 174
320 382 34 63 110
-254 257 59 35 149
125 252 48 66 160
685 84 64 56 142
-503 29 43 43 200
-502 85 57 64 185
793 75 57 65 122
-319 362 64 38 154
-743 194 65 51 105
-153 253 65 55 114
-340 146 57 51 110
303 312 50 42 149
-99 43 50 66 112
655 305 59 50 194
-323 141 50 50 197
876 164 56 40 175
344 362 38 54 177
329 127 42 37 112
655 295 45 37 200
894 217 37 41 137
-73 278 38 55 190
869 1 44 51 189
-714 24 34 36 161
863 344 43 66 165
-517 6 53 40 170
265 349 60 38 161
647 15 35 62 146
-369 199 44 50 142
340 246 46 60 158
-25 28 34 34 121
-447 110 51 58 107
822 106 41 43 109
618 183 38 64 169
-119 352 41 64 110
-528 270 56 53 159
-737 313 46 51 177
39 9 41 38 179
6 391 41 46 127
915 397 62 36 139
964 265 36 45 108
-42 400 59 60 106
222 100 41 56 163
686 142 65 44 172
-314 217 50 65 126
66 15 56 52 190
-23 383 38 65 131
174 199 52 51 106
-610 201 41 53 144
-742 86 44 55 130
-221 57 53 58 159
-872 213 66 60 177
633 83 64 40 179
-396 23 60 53 108
740 98 47 41 116
-722 138 49 38 130
-200 82 38 54 140
-887 152 39 62 162
237 47 63 34 123
210 36 34 43 170
-71 238 42 45 104
423 165 47 62 143
694 5 42 64 195
670 392 34 54 157
-485 171 39 49 193
-896 402 37 42 141
880 369 37 36 188
-704 226 59 51 163
-467 342 62 63 179
-521 280 51 42 144
857 170 60 63 116
-544 12 65 63 130
625 384 47 38 177
-266 72 59 57 129
225 404 66 41 102
741 403 39 54 155
-544 81 47 50 143
951 66 48 44 134
941 327 59 35 198
-67 391 55 54 130
867 402 37 41 173
494 8 61 48 115
251 47 53 56 197
-720 209 58 35 108
-183 192 59 54 155
-508 276 34 57 153
-216 163 50 38 105
464 108 37 59 131
960 95 56 58 144
18 359 43 46 194
-140 148 46 63 186
865 284 42 39 146
-893 73 63 56 130
735 281 63 34 188
530 7 39 44 199
539 314 56 42 119
-886 284 48 53 155
-286 232 39 63 187
-943 379 42 54 180
124 183 44 57 148
562 325 58 44 129
708 344 39 44 131
861 101 55 63 110
-486 287 35 40 186
558 41 59 57 169
935 76 44 64 167
659 89 50 49 125
845 312 37 39 164
-132 114 40 65 118
-2 301 61 54 137
-88 68 52 66 186
-426 160 42 65 199
540 51 52 39 121
299 279 54 66 107
-368 109 64 48 164
662 28 59 58 158
132 298 37 50 185
-710 0 40 59 115
-334 114 44 46 148
782 67 40 56 143
326 83 61 63 116
-655 166 65 40 166
32 227 43 43 109
-388 142 56 42 162
951 63 52 47 150
791 347 55 61 158
464 78 60 35 107
518 119 42 44 198
-661 299 42 51 107
276 93 36 64 178
587 229 35 47 194
866 41 60 61 113
-411 35 38 34 152
205 251 44 34 104
-458 163 64 41 103
-219 291 66 51 187
-858 75 48 45 119
-808 299 65 42 167
98 294 34 50 146
-639 311 65 44 103
-404 371 44 39 165
876 231 41 53 167
546 360 41 39 139
-269 388 58 54 191
-334 164 50 48 193
-936 272 48 35 102
984 81 42 63 150
699 87 36 54 163
-408 367 44 55 117
749 73 39 62 132
802 150 37 66 118
109 141 60 63 110
90 68 57 59 157
-138 208 63 59 147
957 243 44 60 162
926 297 65 60 165
776 215 62 46 154
-238 41 64 62 117
900 202 37 34 187
714 270 41 45 176
-568 389 37 54 172
586 239 38 63 107
541 337 65 51 194
653 194 35 38 103
575 128 38 55 154
929 384 62 39 115
676 91 66 46 110
907 208 39 58 177
932 193 42 51 199
-729 77 57 45 162
886 250 46 56 102
-910 298 65 41 108
-219 308 45 44 114
-646 173 60 43 128
166 260 48 38 125
502 293 61 42 193
-865 153 56 42 173
409 150 63 39 109
338 376 45 40 184
907 399 42 61 175
-424 283 36 57 179
360 369 34 62 138
-784 358 62 45 194
-732 19 59 62 104
667 158 65 40 151
-869 257 34 47 168
152 321 34 58 151
858 98 35 38 196
704 204 59 44 120
922 371 56 36 193
-689 303 44 46 145
-817 89 38 54 171
-56 356 57 60 194
264 24 55 43 157
644 355 63 65 167
531 211 39 59 185
912 202 55 53 169
-546 349 49 62 160
575 2 39 49 120
228 19 54 46 196
-885 234 60 45 154
-213 301 48 58 111
-979 220 51 47 165
-494 216 51 52 134
130 156 55 51 143
-593 77 42 38 200
316 211 51 36 149
-271 372 58 50 169
-248 183 56 62 103
270 237 66 57 155
-857 28 65 62 169
14 265 65 60 197
-450 158 42 63 175
251 240 43 49 195
770 52 52 39 108
255 43 54 61 141
805 117 37 46 184
-224 215 49 38 130
-585 100 54 56 109
258 118 65 42 150
904 312 36 62 126
-185 193 65 43 174
-671 296 59 53 175
118 72 59 52 142
18 381 37 49 130
-298 173 54 49 185
-622 84 54 62 102
-695 302 45 56 180
908 118 37 46 183
-92 96 53 64 123
328 145 54 45 155
-997 254 58 60 165
674 334 35 35 128
519 321 43 62 110
-168 8 61 60 159
-864 378 61 55 154
309 355 53 35 150
758 367 37 47 195
235 269 48 38 158
-65 120 49 64 180
826 387 61 45 118
969 100 60 52 149
-981 133 64 58 187
-134 161 59 66 194
492 376 38 48 197
481 304 59 44 148
-272 223 40 60 108
-220 23 65 35 114
750 362 62 34 135
-417 42 38 44 120
-270 207 61 51 107
82 341 42 58 149
748 64 49 40 130
492 269 35 50 191
475 56 34 48 120
871 166 65 48 112
-179 157 35 56 128
-976 259 58 39 169
-88 55 43 56 111
-79 401 45 34 132
340 400 63 61 130
842 215 51 63 163
-990 96 62 51 138
483 214 66 62 142
534 362 45 60 192
851 277 61 63 180
-234 136 60 42 184
661 327 42 49 107
36 360 52 46 110
-470 43 43 55 176
507 102 42 49 136
527 328 47 60 168
303 314 42 47 200
-274 319 59 46 186
40 341 36 62 112
223 81 64 52 134
890 211 37 41 105
663 395 51 36 165
29 183 64 49 167
-621 231 35 61 186
151 158 64 58 194
-645 201 61 34 131
683 33 48 64 127
902 139 63 44 178
170 384 54 37 114
-107 244 43 60 190
-433 342 53 36 180
402 94 38 59 131
469 275 65 55 183
99 316 62 55 176
829 283 45 45 198
665 79 34 36 168
-893 108 44 64 112
227 326 48 46 150
858 252 55 58 141
-874 214 43 56 137
-468 380 49 61 195
-559 180 43 64 117
852 42 40 46 123
-305 351 50 48 138
914 147 45 55 198
138 380 45 45 125
294 164 41 36 156
681 69 64 53 191
-551 292 39 41 157
-300 150 60 40 151
450 25 44 40 121
132 401 59 44 132
109 93 61 34 159
545 38 36 41 194
-445 328 58 54 136
-270 202 43 47 140
150 163 58 39 101
-958 307 35 49 138
956 90 40 45 191
728 214 54 42 140
-179 356 59 50 185
-134 394 56 60 138
782 130 46 34 132
-82 38 42 44 175
-22 209 51 42 136
-69 32 61 55 127
907 3 54 55 126
-446 308 45 60 121
-394 392 40 52 191
-164 381 49 42 118
289 236 59 50 129
878 152 34 37 101
921 369 54 49 116
580 183 53 34 111
170 95 42 62 185
-599 155 58 42 103
-362 116 56 34 152
-380 354 64 57 156
748 157 36 49 164
-969 384 41 57 108
-947 250 35 35 182
