753
629 62 61 53 6
1000
-788 290 57 51 88
-836 495 56 45 89
-715 482 42 59 61
-826 451 36 49 56
-804 619 60 49 79
-704 500 41 52 72
-865 58 47 53 69
-739 533 60 37 76
-770 202 51 50 79
-887 37 59 42 90
-802 258 44 54 83
-860 133 46 41 88
-890 206 37 39 63
-837 12 48 37 86
-825 412 51 51 77
-709 205 57 56 86
-758 277 54 55 69
-824 641 54 38 56
-845 437 57 44 87
-835 351 54 40 77
-793 434 52 51 86
-841 523 57 47 55
-842 484 41 40 64
-842 240 58 47 72
-741 271 51 59 87
-745 302 47 60 76
-878 339 59 55 87
-848 21 43 60 87
-896 350 44 36 68
-781 560 55 58 54
-892 538 50 53 64
-874 148 60 47 85
-752 411 52 52 66
-790 630 46 48 67
-799 416 56 58 70
-750 591 49 59 65
-703 553 44 41 66
-757 469 48 55 74
-777 84 36 43 71
-761 399 41 58 58
-885 114 45 41 76
-771 188 40 51 76
-720 485 52 56 86
-753 605 49 37 58
-740 426 57 40 85
-788 454 58 41 74
-786 466 54 38 57
-873 227 36 37 60
-826 13 36 45 63
-884 76 56 48 72
-763 338 47 52 87
-865 423 59 51 57
-714 193 43 45 75
-878 374 57 52 80
-838 409 50 55 68
-880 144 51 53 76
-896 518 40 53 69
-826 102 36 55 66
-736 288 38 60 69
-851 623 39 59 86
-739 79 40 52 52
-767 87 58 38 88
-714 4 54 53 75
-765 108 52 40 76
-875 48 53 57 84
-865 639 54 55 71
-882 198 59 57 53
-782 537 57 48 85
-885 606 51 53 74
-737 466 41 42 79
-774 108 36 46 70
-857 609 45 51 81
-830 357 50 47 59
-764 159 50 55 68
-849 175 37 44 87
-751 558 51 37 83
-762 88 39 51 81
-817 63 49 49 78
-821 482 50 46 67
-861 301 38 54 80
-742 492 56 52 75
-803 479 60 52 60
-806 275 46 57 62
-857 584 47 45 73
-763 39 46 40 71
-804 378 37 59 79
-730 313 43 50 56
-852 205 47 40 74
-774 98 54 37 54
-820 93 45 56 57
-791 453 58 57 83
-713 358 53 44 86
-891 145 44 52 52
-808 506 38 57 84
-850 576 60 36 54
-721 188 43 40 82
-741 92 38 54 59
-767 622 45 46 88
-787 58 60 39 77
-796 485 40 52 62
-764 478 38 49 75
-762 333 50 55 69
-874 350 57 54 71
-741 562 44 50 67
-892 359 45 44 55
-810 407 46 44 55
-783 190 39 46 84
-759 623 52 47 79
-728 10 53 50 86
-718 7 52 38 56
-820 234 37 47 64
-847 526 36 45 61
-817 84 47 43 85
-817 416 48 45 56
-785 405 40 41 56
-805 223 40 59 72
-706 632 50 38 78
-762 10 51 38 64
-726 495 60 51 88
-718 515 55 54 71
-704 185 55 52 54
-840 564 42 39 53
-900 136 44 44 70
-723 437 46 46 90
-753 482 53 59 56
-796 606 48 50 72
-760 68 56 57 87
-892 618 54 38 75
-813 343 57 43 89
-830 102 38 36 67
-776 172 54 54 75
-703 130 40 54 73
-765 509 46 48 64
-775 31 47 47 62
-876 468 49 45 63
-808 158 49 58 87
-877 557 46 55 68
-856 447 58 37 80
-719 0 36 43 78
-719 9 47 53 82
-804 574 45 48 58
-847 61 54 39 67
-754 43 56 39 53
-870 561 56 55 79
-724 550 58 42 57
-795 574 58 45 63
-845 111 45 40 66
-797 124 60 44 76
-709 436 41 59 67
-720 506 49 58 71
-739 358 49 50 64
-747 109 56 45 54
-711 156 42 44 90
-748 380 52 47 89
-815 30 46 50 81
-776 150 40 46 80
-818 472 52 57 84
-848 605 36 41 87
-883 279 51 60 64
-770 484 40 39 84
-732 91 55 60 60
-786 337 41 48 67
-736 540 38 39 89
-844 617 54 58 90
-798 137 57 55 62
-883 582 59 45 56
-778 451 46 41 72
-714 647 49 43 70
-771 390 40 36 63
-791 272 40 42 68
-869 354 41 50 83
-862 411 48 45 63
-887 64 39 56 70
-850 109 53 46 51
-879 294 57 53 76
-771 4 46 47 83
-776 237 55 52 83
-816 634 39 50 53
-803 135 36 48 71
-876 78 40 60 63
-727 213 56 47 59
-868 339 57 50 88
-743 276 49 38 51
-865 154 43 53 67
-701 476 45 39 84
-829 53 41 42 81
-893 33 58 45 72
-709 219 55 57 66
-828 259 51 47 59
-816 299 52 36 61
-860 287 42 51 86
-852 5 52 47 64
-839 567 36 40 71
-813 480 60 41 53
-716 133 51 51 86
-897 288 54 52 53
-897 178 46 54 57
-724 94 37 55 54
-858 188 36 58 79
-779 482 39 59 62
-742 559 45 50 66
-828 53 52 58 87
-805 632 43 54 54
-801 31 38 45 75
-798 369 46 43 65
-722 132 51 50 59
-782 642 40 46 90
-802 629 57 57 84
-721 84 59 52 56
-746 545 55 59 80
-709 511 56 58 75
-876 30 36 45 78
-730 397 53 50 73
-823 327 50 41 63
-766 60 41 52 55
-869 64 52 39 82
-834 62 36 44 74
-886 254 57 57 58
-775 615 36 51 56
-832 144 59 58 85
-837 105 42 47 65
-730 175 41 41 85
-702 516 45 42 53
-815 624 49 45 75
-707 77 54 41 70
-764 335 37 58 68
-865 426 38 45 59
-856 16 54 44 77
-730 339 54 48 60
-837 595 60 38 83
-883 445 36 37 72
-714 605 39 51 90
-720 235 57 42 67
-882 29 44 45 51
-766 187 59 42 68
-755 390 55 36 74
-789 41 41 49 77
-804 220 45 60 81
-715 327 51 39 51
-789 250 41 41 78
-722 316 50 42 66
-798 508 59 38 65
-766 338 36 41 51
-795 272 59 59 77
-797 9 56 49 90
-832 571 56 58 57
-764 303 36 48 54
-853 139 54 40 72
-850 114 55 47 86
-788 594 60 46 80
-756 483 41 55 61
-898 203 60 43 85
-714 204 37 37 52
-896 73 57 55 69
-830 440 40 48 57
-792 628 55 58 81
-856 386 41 58 85
-771 247 53 37 69
-854 540 57 46 63
-868 484 44 42 63
-775 446 44 41 52
-702 257 49 38 85
-885 382 46 47 54
-822 546 36 39 62
-826 505 49 50 61
-751 76 51 49 79
-738 636 60 49 56
-809 351 57 54 72
-854 337 56 49 87
-799 78 39 60 64
-828 359 52 59 75
-839 239 49 40 54
-781 496 49 36 79
-791 497 40 52 54
-755 150 49 58 90
-733 41 47 41 87
-801 311 57 37 82
-775 19 42 57 80
-738 47 39 41 61
-740 406 45 46 64
-798 653 42 37 62
-891 570 54 60 86
-872 27 38 46 82
-831 256 57 43 86
-800 234 48 39 70
-873 517 36 50 72
-841 331 58 38 78
-716 91 45 53 87
-774 57 44 52 88
-736 277 56 47 83
-823 129 49 44 67
-842 612 54 39 55
-757 174 53 47 69
-790 57 49 38 87
-760 491 47 45 63
-876 318 41 43 87
-876 518 37 43 68
-897 483 37 49 53
-793 2 51 49 78
-704 22 55 39 57
-706 563 60 39 66
-889 155 54 58 76
-770 248 48 40 78
-735 73 48 59 62
-823 95 55 43 66
-745 99 52 57 75
-879 435 56 58 85
-772 220 50 59 82
-710 108 55 37 60
-767 384 42 45 65
-868 608 56 58 81
-786 271 52 59 86
-865 348 41 54 85
-799 213 47 37 65
-884 52 41 52 83
-847 559 37 60 83
-858 482 54 36 68
-821 113 47 51 82
-750 485 54 52 56
-752 411 52 39 63
-866 174 36 47 68
-791 75 51 58 67
-704 502 42 53 85
-717 467 39 43 57
-700 546 50 48 74
-731 217 49 38 69
-786 280 40 44 70
-770 299 53 45 88
-894 340 48 54 68
-713 639 59 37 57
-803 114 42 44 83
-872 24 41 52 56
-762 51 46 36 67
-719 121 36 57 57
-810 154 57 53 72
-780 584 52 42 68
-880 265 42 60 55
-878 579 46 59 83
-719 604 39 38 79
-717 409 59 49 72
-831 271 47 37 86
-877 257 46 55 56
-792 7 48 59 68
-786 268 50 38 54
-701 536 47 38 56
-712 397 51 36 76
-773 583 37 55 60
-866 248 41 47 73
-768 270 39 38 65
-770 567 36 54 55
-817 181 51 58 74
-802 76 50 38 88
-818 106 58 42 51
-702 388 50 36 81
-857 234 43 47 72
-751 282 50 51 80
-760 542 39 55 64
-740 65 46 46 59
-711 477 50 59 70
-700 205 38 43 61
-889 611 36 60 57
-859 613 45 40 80
-771 645 44 60 75
-834 62 59 44 82
-835 187 36 36 54
-773 358 37 39 67
-767 135 58 47 84
-831 43 51 47 52
-800 606 53 50 90
-827 161 40 51 75
-895 373 39 42 69
-888 579 38 49 86
-766 266 54 46 81
-717 308 52 52 58
-869 395 44 39 67
-702 419 57 47 61
-756 590 36 44 73
-711 587 37 37 84
-787 372 43 50 74
-879 173 39 41 52
-782 119 51 37 66
-797 291 55 46 59
-788 194 40 56 82
-754 80 49 36 67
-834 127 60 38 83
-736 465 52 38 88
-740 132 44 53 65
-873 485 48 57 82
-754 83 50 42 90
-715 285 39 56 77
-717 237 42 39 61
-810 149 53 53 90
-786 516 43 39 64
-823 446 42 60 78
-879 432 50 60 80
-713 147 59 43 83
-737 90 36 46 70
-828 149 36 48 54
-803 566 38 58 56
-727 424 41 38 72
-841 523 49 48 63
-834 526 47 59 86
-892 462 60 39 82
-814 263 52 50 63
-765 570 48 49 60
-823 73 50 59 57
-767 376 38 53 90
-795 216 42 42 78
-847 259 55 41 78
-769 366 48 56 52
-796 219 47 49 89
-702 380 39 49 56
-760 637 56 51 83
-842 575 56 56 82
-878 98 42 45 74
-745 612 41 60 62
-738 540 55 60 71
-770 397 58 36 77
-702 151 58 57 75
-744 647 51 58 57
-721 640 48 55 78
-841 459 39 60 62
-803 275 60 38 77
-769 321 48 55 68
-893 488 37 60 83
-748 16 40 48 54
-796 548 44 38 89
-799 115 42 38 78
-703 360 53 49 88
-842 382 50 55 78
-841 621 51 49 70
-815 355 36 60 78
-884 596 42 36 51
-705 530 56 40 73
-849 13 52 49 82
-826 195 44 55 65
-739 58 56 39 81
-849 509 53 45 67
-794 417 44 36 60
-877 354 47 59 69
-800 477 43 55 57
-713 189 43 37 89
-744 82 52 59 52
-742 193 52 59 65
-714 205 36 54 71
-875 550 57 54 56
-867 237 60 45 72
-777 381 55 51 68
-848 550 54 54 67
-873 95 56 54 51
-799 84 56 58 83
-704 379 55 56 90
-837 335 55 50 70
-712 20 37 53 76
-877 351 38 54 75
-724 423 37 51 54
-798 430 48 47 88
-701 248 57 49 52
-876 10 50 44 87
-872 280 38 48 57
-751 496 55 46 80
-878 235 37 42 63
-835 71 52 44 52
-758 293 55 42 65
-752 609 54 39 89
-823 204 55 37 71
-811 626 37 37 74
-714 342 53 45 62
-870 402 41 53 53
-739 290 38 39 82
-755 637 46 56 79
-714 298 57 53 87
-775 114 46 37 64
-859 383 49 56 70
-824 6 38 46 55
-789 525 39 59 82
-797 591 45 41 51
-852 318 47 49 89
-836 639 55 40 70
-787 115 53 51 89
-720 90 59 38 83
-820 16 59 55 70
-727 400 44 60 76
-756 170 54 56 64
-759 236 45 44 78
-866 30 45 54 58
-745 249 50 48 68
-777 65 55 42 84
-811 232 37 48 66
-837 596 45 43 62
-790 424 60 49 56
-746 11 57 49 78
-829 639 44 36 81
-849 430 52 38 77
-812 255 58 56 84
-755 272 60 39 78
-788 227 47 56 76
-839 388 40 37 61
-781 75 43 40 85
-825 35 52 53 59
-730 504 42 42 75
-738 8 46 36 52
-743 370 47 52 54
-760 303 58 48 71
-854 522 41 58 70
-888 222 36 58 64
-836 58 58 42 87
-775 152 48 45 72
-739 157 43 49 67
-721 619 48 49 89
-717 4 56 58 57
-826 102 39 42 58
-708 83 58 49 60
-738 223 42 47 51
-844 234 49 41 82
-889 62 47 38 81
-824 469 43 40 83
-783 21 46 40 68
-793 255 39 40 74
-831 597 60 41 59
-749 391 45 57 61
-813 30 60 51 85
-711 83 36 46 79
-856 170 39 56 66
-799 613 38 42 80
-815 105 56 38 76
-826 59 51 43 51
-785 534 49 41 88
-874 596 56 38 66
-725 33 58 58 63
-804 60 59 59 88
-768 369 60 42 52
-702 634 54 51 56
-710 217 43 40 51
-723 580 41 51 84
-833 397 60 45 73
-861 161 56 45 55
-760 25 43 59 83
-768 172 41 53 79
-863 40 41 45 55
-729 125 41 45 74
-821 119 37 56 85
-888 350 46 49 62
-742 30 39 40 82
-900 240 43 60 56
-776 436 51 38 86
-749 387 56 48 74
-798 38 59 41 63
-871 132 44 49 89
-700 637 39 50 86
-757 627 47 36 90
-822 320 57 58 85
-744 348 50 60 61
-759 456 45 38 79
-740 97 45 36 81
-817 573 43 50 73
-801 520 49 37 81
-844 246 58 54 72
-883 132 40 49 85
-810 619 38 47 83
-785 109 38 36 79
-805 536 43 44 88
-791 624 38 59 62
-829 93 38 51 84
-859 256 57 46 64
-795 275 48 43 53
-833 382 55 39 71
-863 268 48 47 74
-708 96 48 52 88
-760 418 53 39 58
-824 584 55 52 75
-748 234 60 44 67
-700 127 39 42 69
-826 164 57 60 55
-818 136 51 43 87
-724 251 47 46 61
-760 342 54 60 53
-702 568 43 38 82
-852 383 57 36 71
-743 137 40 52 79
-722 575 57 55 60
-838 220 57 52 68
-710 21 37 39 56
-811 397 37 59 65
-752 566 37 56 71
-782 466 55 56 72
-765 64 41 38 73
-884 536 53 39 86
-807 192 46 51 63
-765 83 39 56 70
-715 148 52 37 86
-808 597 39 47 51
-719 347 47 40 53
-826 455 45 57 68
-719 580 47 51 83
-824 523 42 37 89
-728 133 52 54 54
-841 380 39 55 68
-735 431 57 39 89
-754 390 43 57 60
-871 500 54 50 51
-726 137 41 42 89
-808 578 58 53 64
-737 295 38 46 79
-801 171 45 36 88
-782 421 52 55 76
-724 223 42 40 56
-896 214 42 49 71
-710 275 49 60 54
-899 106 56 51 76
-801 265 38 46 54
-795 199 60 39 69
-795 76 48 57 79
-887 448 54 60 75
-866 94 38 46 87
-768 592 43 45 80
-898 561 53 37 61
-879 23 49 44 59
-831 255 43 53 76
-830 650 57 42 63
-857 29 53 38 63
-702 423 44 44 56
-891 375 55 44 90
-865 279 56 38 84
-864 567 45 57 65
-732 619 48 58 80
-735 203 50 48 68
-822 559 55 45 69
-793 454 53 39 87
-862 194 53 46 78
-787 237 55 42 63
-861 346 54 56 53
-723 184 44 60 70
-775 252 36 37 85
-713 269 50 58 65
-849 71 49 53 72
-730 209 37 48 78
-846 130 46 43 88
-873 389 55 50 87
-863 545 58 36 69
-709 356 58 55 79
-704 306 53 43 87
-899 279 54 41 90
-718 185 48 45 76
-706 80 38 42 87
-866 418 37 49 61
-809 188 53 51 77
-715 569 37 46 80
-853 475 60 46 77
-793 149 57 60 53
-879 359 50 42 85
-869 248 60 50 70
-878 213 59 45 69
-893 44 51 57 75
-718 501 52 50 77
-894 392 58 50 83
-839 602 42 41 72
-723 641 40 40 88
-781 310 55 46 68
-757 362 44 36 61
-712 455 52 39 55
-713 98 54 48 77
-805 9 47 56 77
-759 533 44 58 65
-876 33 56 44 51
-802 103 55 46 82
-722 130 51 43 83
-881 183 57 48 82
-855 245 55 47 52
-861 227 38 42 87
-779 78 57 38 71
-884 548 55 58 58
-871 155 47 40 60
-876 195 36 39 80
-878 153 40 42 79
-711 54 41 44 81
-722 406 52 37 79
-739 154 40 45 71
-794 530 43 50 85
-855 538 48 36 60
-753 191 58 59 90
-726 193 58 52 82
-856 252 56 49 72
-755 93 51 36 64
-894 10 59 42 60
-881 508 56 47 51
-833 422 50 55 51
-864 328 50 56 60
-876 431 57 54 61
-702 328 50 58 87
-863 528 47 37 80
-751 551 38 60 68
-720 297 48 52 81
-814 450 59 41 79
-856 63 39 36 87
-707 100 54 38 74
-705 304 45 54 64
-873 311 48 48 75
-801 465 48 40 81
-855 126 60 60 65
-880 181 55 39 86
-783 614 57 51 86
-825 163 39 49 68
-718 264 51 48 82
-731 311 50 44 74
-736 621 57 46 90
-820 96 38 39 74
-709 186 59 54 56
-797 442 57 58 84
-900 500 46 51 53
-862 557 44 46 66
-717 97 39 46 64
-766 507 44 48 88
-887 552 43 39 60
-838 310 59 54 74
-730 517 44 36 56
-867 588 59 53 73
-856 314 56 52 85
-730 268 45 60 63
-754 289 54 48 73
-881 27 40 59 76
-880 143 39 50 73
-701 103 56 51 75
-889 337 44 47 56
-811 155 56 57 74
-820 460 38 51 63
-886 11 43 36 57
-745 549 55 60 78
-895 247 57 44 72
-845 222 55 50 53
-861 496 40 54 55
-829 111 60 37 89
-870 203 42 48 87
-854 460 57 51 87
-858 451 50 39 57
-865 199 48 51 66
-759 582 57 60 67
-896 133 54 44 90
-875 370 48 47 62
-863 626 48 53 61
-845 479 57 50 74
-711 472 37 55 51
-837 239 52 58 74
-788 243 55 43 72
-870 443 55 54 51
-896 88 40 37 90
-774 572 46 38 70
-831 647 37 49 84
-821 617 56 49 64
-712 353 39 53 59
-784 502 41 54 55
-775 287 58 54 80
-769 371 59 44 73
-849 586 47 58 52
-780 58 39 44 65
-888 541 38 44 75
-845 541 47 42 54
-746 43 57 45 81
-778 165 37 43 63
-770 506 45 60 88
-818 177 54 54 88
-889 363 38 38 83
-865 26 40 36 90
-786 619 58 60 85
-815 353 47 39 84
-860 1 37 40 71
-812 333 56 56 68
-821 20 55 46 61
-760 535 60 60 61
-760 47 47 58 84
-876 324 36 39 56
-867 423 40 42 60
-721 643 39 52 53
-723 166 60 47 77
-780 553 47 55 55
-852 305 54 54 89
-702 247 57 38 71
-887 122 52 49 54
-798 20 47 55 73
-857 552 55 42 70
-807 178 42 47 52
-749 109 45 38 67
-861 47 42 54 61
-857 172 51 59 76
-898 74 59 38 72
-770 448 57 41 89
-712 135 54 49 55
-836 573 41 58 90
-842 96 41 44 64
-795 258 44 45 88
-801 203 48 47 61
-815 259 39 49 85
-726 463 53 58 82
-872 533 36 55 65
-849 328 41 37 86
-839 638 55 40 82
-893 171 52 49 56
-744 28 43 55 59
-764 617 37 42 63
-880 587 45 42 63
-723 490 59 56 59
-708 499 48 36 59
-759 41 55 57 59
-719 155 45 45 88
-779 347 37 56 88
-841 83 38 50 72
-728 129 47 45 70
-874 12 37 41 78
-722 67 49 57 65
-758 305 48 44 84
-752 299 42 59 78
-803 574 55 43 75
-794 238 45 57 74
-897 593 40 47 71
-759 8 45 45 78
-750 71 37 52 81
-709 523 54 60 53
-790 606 59 52 54
-715 342 51 45 64
-818 301 44 42 65
-889 246 56 49 77
-735 161 49 51 82
-781 355 54 46 79
-854 383 60 60 80
-889 618 58 50 68
-755 594 51 39 69
-890 514 57 53 85
-758 536 37 52 68
-828 415 54 57 89
-868 364 47 48 61
-705 367 53 58 87
-855 134 45 39 68
-719 328 51 44 65
-864 534 46 41 75
-881 129 55 57 83
-839 165 47 38 87
-772 99 37 48 72
-713 599 42 56 86
-894 586 52 36 51
-788 606 52 58 67
-775 224 51 43 59
-817 330 50 43 81
-741 25 36 58 65
-742 474 48 44 87
-708 251 39 47 77
-730 251 47 37 52
-709 369 54 50 55
-767 532 60 57 59
-731 401 54 50 85
-701 621 46 48 63
-898 390 36 56 89
-855 96 51 40 60
-896 127 50 57 64
-828 315 46 52 58
-864 283 52 60 88
-799 480 55 54 84
-871 266 59 49 88
-799 249 38 50 64
-733 232 56 45 85
-778 342 54 49 63
-853 376 47 59 65
-798 248 43 59 75
-806 428 37 50 65
-740 295 60 39 57
-732 51 51 60 59
-775 586 53 46 73
-881 560 56 49 85
-793 602 45 47 67
-847 648 53 36 64
-836 468 57 36 52
-840 637 57 45 58
-783 327 53 42 53
-786 500 58 36 67
-778 526 50 42 57
-738 88 50 46 87
-822 451 55 49 53
-743 114 44 60 75
-714 318 45 49 63
-796 420 56 45 66
-808 115 38 45 71
-835 407 53 58 75
-850 422 53 46 63
-758 363 52 58 53
-888 340 40 47 54
-812 40 47 42 63
-755 170 57 41 60
-711 399 48 38 86
-827 354 45 43 64
-838 398 59 43 60
-830 387 48 57 73
-728 454 58 53 66
-861 240 59 42 54
-711 618 41 44 76
-868 577 50 36 87
-837 15 41 49 55
-897 122 47 42 65
-845 448 44 51 61
-704 307 42 45 65
-846 478 44 36 84
-804 321 42 38 81
-786 280 60 49 85
-767 508 43 51 63
-723 406 52 59 79
-890 147 53 40 71
-749 3 47 52 68
-755 78 53 60 55
-875 555 46 43 67
-768 383 46 53 59
-761 433 50 59 78
-834 166 44 37 74
-729 185 53 58 60
-892 149 44 47 64
-744 48 43 50 82
-881 292 58 53 59
-852 290 39 41 88
-721 143 42 50 60
-734 335 55 57 60
-760 226 50 40 52
-877 343 52 57 75
-861 434 56 57 77
-882 232 54 58 67
-818 635 60 58 65
-863 133 44 38 71
-800 18 55 42 54
-863 392 45 54 63
-853 217 42 37 71
-742 626 41 59 54
-718 612 52 37 56
-762 562 55 42 75
-707 576 54 37 70
-725 596 57 55 85
-859 128 37 38 68
-876 493 53 47 67
-803 163 45 48 89
-867 11 57 50 70
-761 179 60 54 61
-749 164 42 60 90
-707 97 56 53 71
-832 444 55 45 58
-807 83 47 47 67
-831 321 54 57 82
-746 592 58 58 59
-898 179 60 41 65
-722 100 50 44 59
-860 248 42 36 57
-820 238 40 59 55
-851 320 49 52 63
-717 459 39 51 90
-837 313 49 50 83
-768 138 46 54 62
-712 606 59 50 69
-764 64 51 55 57
-865 641 48 36 57
-816 148 40 37 79
-854 388 43 36 56
-779 250 57 53 59
-883 11 36 48 62
-819 163 40 48 77
-815 128 50 57 66
-891 11 54 39 51
-734 220 40 57 90
-788 634 53 58 68
-788 395 47 58 51
-740 392 51 60 89
-831 3 36 48 85
-875 271 49 60 56
-786 323 60 49 67
-768 508 40 42 52
-725 547 52 46 81
-875 115 59 59 86
-715 32 47 47 63
-825 238 57 51 82
-804 522 57 51 84
-831 181 58 41 52
-723 179 39 51 77
-849 227 36 56 58
-883 272 56 53 89
-715 482 51 36 69
-788 628 49 48 61
-792 79 50 37 84
-729 114 56 43 65
-732 10 39 41 62
-773 306 45 41 86
-747 374 49 55 79
-712 278 53 59 75
-808 483 51 45 77
-704 261 54 38 90
-864 127 47 56 57
-811 127 38 60 61
-843 257 41 36 63
-769 145 36 59 78
-813 210 39 44 61
-768 197 36 57 85
-887 87 46 53 72
-844 155 41 52 90
-874 294 47 40 61
-748 16 50 37 56
-801 291 37 56 70
-859 433 60 48 90
-871 357 36 49 86
