863
712 99 74 78 4
1000
624 522 43 48 53
658 248 41 43 53
606 408 43 49 76
577 494 44 60 64
680 439 50 42 63
638 226 51 46 58
681 81 45 54 69
627 731 43 42 57
694 713 45 49 65
574 165 41 54 63
543 329 47 55 47
542 10 43 50 56
530 565 57 50 48
592 79 56 60 63
576 199 59 44 46
632 651 45 57 55
685 242 43 48 42
654 486 44 44 44
690 690 44 43 47
569 482 47 51 73
671 320 50 56 70
676 510 48 59 76
506 555 44 43 77
622 268 60 49 47
518 394 50 45 77
525 475 56 56 72
690 536 44 48 73
663 425 47 41 52
646 516 49 55 50
700 580 50 46 42
524 128 44 44 58
656 171 58 49 55
615 203 44 41 77
545 607 42 41 49
675 216 50 52 53
560 564 53 51 61
500 186 52 44 54
552 469 59 45 76
541 302 50 51 71
680 584 60 56 48
556 46 45 42 53
603 693 56 56 41
648 337 52 56 54
688 94 50 52 48
528 742 45 55 64
561 701 47 41 65
548 519 59 45 55
507 196 52 58 44
526 293 54 47 68
511 625 53 41 57
506 731 54 43 48
667 287 43 53 61
553 486 53 42 69
653 160 46 58 47
688 419 58 49 70
583 109 45 57 79
604 742 46 53 58
574 46 59 43 63
573 189 50 55 50
656 351 43 45 44
587 5 48 46 56
661 60 47 50 57
629 132 55 48 46
588 39 48 54 47
513 242 59 43 79
564 99 48 46 57
588 674 43 43 60
627 257 50 57 73
669 336 50 55 74
619 47 52 52 42
658 130 41 46 62
552 319 59 47 67
575 747 59 46 64
576 224 52 42 72
690 180 60 56 48
643 110 50 42 73
673 136 41 48 57
547 483 43 52 64
561 40 49 47 57
568 577 56 44 55
550 430 48 41 67
548 720 47 42 69
611 271 44 44 50
643 314 58 43 74
569 441 57 56 43
526 296 58 59 65
626 264 59 55 47
569 19 54 48 45
627 273 54 54 80
588 526 53 44 62
532 532 54 54 49
547 203 58 42 70
676 132 58 49 73
533 6 47 49 72
635 182 42 45 69
563 560 48 59 77
565 405 42 54 55
550 169 56 45 49
649 522 52 47 78
615 91 59 50 80
510 233 58 60 78
623 721 53 41 41
605 296 42 53 69
698 328 59 43 54
678 528 42 56 62
647 497 48 51 63
537 586 57 44 73
636 587 53 51 45
625 98 50 55 79
638 395 56 41 80
562 32 50 45 50
638 600 47 53 58
523 623 49 51 42
651 666 51 52 75
562 472 60 45 64
690 730 56 43 44
500 218 59 49 51
618 42 44 44 46
548 237 44 59 74
698 188 50 51 77
603 745 46 43 59
561 410 53 58 64
661 531 56 55 42
644 698 41 49 47
697 245 46 53 66
504 352 55 57 59
570 413 46 60 44
687 227 44 44 53
571 234 41 59 58
501 576 53 51 61
529 528 55 46 45
560 639 58 45 71
688 750 42 59 55
625 87 45 43 44
698 730 48 50 65
538 122 53 45 60
687 273 43 45 59
641 469 41 60 60
565 7 53 59 62
521 565 54 56 42
578 352 54 45 71
666 191 47 56 70
612 407 42 54 52
636 27 57 56 49
610 698 57 43 69
620 379 41 55 62
612 73 56 50 79
615 760 56 51 72
541 200 42 51 65
670 365 48 56 48
545 747 60 51 44
566 357 58 56 58
570 63 49 51 63
571 114 60 50 56
671 403 60 53 63
672 159 48 53 49
688 509 49 42 46
553 256 41 45 77
591 38 58 53 70
567 446 48 42 53
620 111 46 48 50
563 624 41 43 41
552 541 46 51 79
552 344 46 43 80
642 82 49 60 64
583 221 46 42 47
640 754 60 46 53
659 379 59 44 41
560 494 46 55 43
612 275 43 48 73
646 152 58 42 73
554 123 44 49 43
698 623 60 57 45
606 392 58 45 61
530 422 60 44 76
649 544 57 57 65
627 473 43 43 80
565 383 41 50 59
685 118 42 44 58
619 584 56 56 73
584 375 46 59 58
624 118 59 51 77
558 26 60 52 56
609 346 41 53 57
565 724 53 56 72
646 334 50 47 76
663 757 46 53 62
541 267 43 60 65
694 520 53 55 66
602 682 55 48 58
648 541 59 56 65
529 371 48 60 47
651 138 55 59 77
538 658 49 50 57
540 475 44 59 48
583 339 47 60 41
692 294 48 46 62
681 435 47 42 47
520 452 57 53 63
583 398 56 52 75
683 166 51 60 74
520 611 45 55 52
594 240 46 48 80
700 290 45 46 68
505 66 49 45 68
535 70 55 49 57
610 97 49 53 78
541 292 55 57 46
624 601 49 54 47
641 583 42 50 79
585 99 57 51 44
563 489 55 58 74
506 736 56 48 58
611 581 56 49 65
613 65 52 54 68
617 172 48 58 70
603 538 48 58 50
524 175 50 50 62
680 724 54 58 58
521 454 42 48 44
652 737 56 41 57
542 20 56 56 63
582 665 44 41 71
539 384 49 50 48
530 688 46 59 45
602 633 44 52 73
518 212 52 49 58
649 690 52 44 45
500 237 45 50 77
641 624 52 43 63
519 718 56 47 65
533 519 53 45 68
664 743 53 58 52
533 421 48 54 71
697 10 51 45 63
616 605 59 47 58
563 313 54 54 57
580 384 49 54 71
634 248 48 47 78
553 224 60 43 68
662 630 45 51 70
546 534 49 50 68
675 760 52 42 52
568 659 56 53 73
661 486 46 52 76
584 206 50 50 47
685 161 47 41 74
621 497 45 41 52
638 326 59 55 41
589 20 49 59 75
543 292 48 57 80
535 711 45 42 77
557 404 50 44 72
514 232 56 60 79
590 15 46 59 53
661 467 51 49 75
507 381 60 44 72
544 213 44 59 76
694 511 52 49 67
648 593 47 51 56
609 696 46 55 79
690 550 58 52 60
511 53 44 56 72
661 270 48 60 64
638 99 42 55 54
503 433 60 45 71
595 712 43 54 48
684 669 60 47 71
643 745 52 47 79
527 15 60 45 51
661 318 54 52 63
625 50 55 59 54
510 456 59 41 41
571 8 41 47 79
631 753 49 57 67
612 15 44 56 73
515 462 51 44 45
632 649 43 50 75
515 674 57 56 63
590 335 51 44 48
573 311 49 48 41
551 125 58 41 72
614 1 44 41 67
618 230 48 41 80
517 393 53 51 75
554 311 51 44 71
515 522 45 44 55
523 394 52 56 77
648 569 56 50 72
622 666 54 46 56
529 272 47 60 46
632 360 54 48 78
580 497 42 42 67
613 626 55 43 41
580 540 54 47 56
653 523 49 60 69
625 63 56 50 50
658 96 52 59 65
502 106 44 50 41
695 21 50 59 65
550 69 42 42 66
528 435 60 46 48
608 32 42 53 78
556 12 60 54 65
500 215 49 41 52
502 698 55 44 44
523 131 47 56 71
598 45 48 52 55
595 627 48 59 64
574 217 46 57 50
509 508 47 53 55
601 340 59 42 78
507 543 44 58 70
657 546 58 44 63
698 703 50 54 55
505 733 58 55 41
685 605 59 51 45
500 701 41 56 66
601 71 60 51 48
519 655 50 43 50
627 336 41 53 51
635 505 41 55 79
500 23 44 58 72
652 5 54 60 43
504 487 54 51 59
557 179 49 51 42
627 121 53 42 69
678 82 47 58 53
639 236 48 60 53
576 641 45 41 63
578 674 60 53 53
690 522 42 47 42
693 246 45 52 80
656 608 50 54 74
606 373 45 42 47
609 5 56 42 80
547 331 57 48 43
577 526 59 54 71
527 745 58 44 51
676 364 42 49 69
680 693 59 50 58
584 627 52 43 71
681 582 49 43 61
511 662 56 48 57
635 625 42 56 52
585 600 49 41 45
511 151 46 57 56
674 365 41 54 76
579 588 55 56 66
526 510 59 59 76
579 306 56 51 62
519 432 49 50 53
665 250 42 46 59
656 565 59 50 63
594 277 49 41 52
507 67 43 43 76
681 263 41 45 67
627 216 55 44 44
690 753 50 52 42
590 503 58 52 76
508 312 49 55 67
629 689 55 42 77
525 578 49 60 65
515 548 60 51 80
643 579 48 60 66
664 670 44 59 77
552 211 50 59 46
529 752 46 57 49
621 628 45 51 42
600 430 45 48 52
546 47 46 49 68
637 33 43 47 80
547 225 58 41 46
557 639 51 48 79
585 708 46 49 47
659 695 51 53 46
520 144 56 58 48
631 650 43 44 46
658 659 60 53 74
567 424 59 43 70
578 729 41 45 55
518 706 51 43 74
670 35 60 53 59
608 267 44 54 59
518 494 60 59 46
693 274 45 53 74
540 44 49 59 62
595 504 45 57 67
693 535 55 57 72
578 204 57 54 67
661 180 48 60 61
686 490 43 44 56
542 28 53 53 48
646 314 49 47 41
558 736 42 43 55
620 494 52 58 54
588 449 43 47 47
544 524 52 43 62
636 423 50 60 55
664 275 55 47 53
645 633 51 56 61
504 550 48 51 78
524 177 42 54 60
657 127 51 46 53
524 286 48 47 41
692 77 53 60 53
647 528 43 53 47
569 181 46 57 41
688 258 50 60 76
573 196 59 60 77
553 701 57 58 42
570 310 46 50 58
615 608 54 51 56
629 320 51 55 79
562 613 52 54 44
640 703 55 54 48
559 386 43 50 62
504 525 54 49 61
589 374 44 52 50
603 480 44 57 54
574 171 52 43 78
545 540 59 58 49
511 421 48 59 64
509 279 53 53 75
665 276 54 52 65
548 450 60 52 62
588 266 43 60 61
521 588 58 49 48
547 211 54 49 48
641 719 41 56 41
606 532 45 60 45
505 621 54 58 67
586 256 59 41 72
679 308 48 58 51
626 431 60 47 57
567 607 58 57 63
531 533 54 53 54
569 660 53 55 45
669 636 51 57 58
531 274 48 56 53
678 577 59 54 45
576 171 41 53 48
564 40 55 49 75
673 138 60 55 75
680 478 49 53 56
642 665 42 55 64
656 701 58 52 69
575 307 43 46 71
516 84 50 50 65
592 112 47 56 52
563 229 54 59 69
659 104 52 60 72
566 390 49 46 64
685 272 49 42 52
519 293 54 54 79
513 226 56 44 73
690 363 41 54 72
620 317 48 44 64
576 363 59 50 55
563 535 57 60 67
554 173 58 41 60
559 83 59 44 41
522 132 42 49 69
525 593 48 52 61
528 203 59 49 71
682 578 51 54 53
591 205 59 57 46
566 56 44 49 66
691 501 58 43 74
660 282 42 41 52
646 308 59 54 75
686 700 42 43 47
672 43 53 41 79
680 506 51 53 66
597 712 55 54 50
635 301 42 57 71
634 218 58 41 59
550 757 48 59 72
538 346 47 48 41
570 377 51 43 45
553 142 43 55 42
549 405 48 58 59
563 447 59 56 57
525 656 45 42 77
600 556 41 43 43
587 700 48 59 56
647 415 45 47 64
524 347 57 51 47
612 171 57 42 66
583 749 52 43 50
561 139 52 46 55
595 179 47 59 65
668 348 57 44 69
626 584 42 49 58
536 244 57 53 59
584 273 47 60 72
633 448 57 44 55
527 204 59 54 74
669 108 51 59 72
668 731 53 50 50
673 379 43 56 48
511 313 50 42 61
606 186 46 52 80
632 565 51 48 67
636 606 42 55 47
570 65 51 41 46
548 289 49 51 58
530 58 52 41 65
679 208 58 57 46
593 479 57 47 59
673 193 58 58 61
612 204 44 52 78
603 594 60 45 61
638 340 44 58 62
544 80 47 48 77
642 575 55 55 65
593 302 60 58 58
511 543 47 41 80
572 480 53 47 77
654 674 48 60 73
644 567 56 52 60
560 572 45 42 58
692 2 57 58 43
594 383 43 58 64
595 211 54 42 79
607 185 42 53 48
613 79 47 42 59
584 744 54 43 79
684 541 42 47 66
513 184 49 59 52
626 559 44 45 74
692 303 52 44 68
508 722 49 49 69
614 157 57 46 61
551 112 49 51 59
545 63 52 58 76
678 743 55 46 55
596 745 46 43 42
510 623 50 51 55
600 402 54 55 46
685 37 43 41 45
616 489 57 47 78
614 314 60 54 45
647 424 41 53 61
643 93 58 57 69
569 3 60 53 49
649 498 58 58 66
626 589 41 58 49
506 707 58 46 73
584 446 41 48 72
580 104 43 54 59
621 219 51 43 67
566 674 56 56 64
550 525 54 52 50
649 677 50 41 54
651 171 48 52 43
694 363 54 54 47
567 120 52 54 72
584 370 48 54 56
648 650 42 44 79
572 311 46 56 69
664 552 44 41 48
624 129 58 56 56
627 681 47 50 66
690 30 45 54 45
662 524 57 49 55
635 494 47 51 57
516 581 60 54 55
625 270 47 41 53
502 728 59 51 48
528 523 48 55 77
632 289 44 43 48
526 424 44 46 43
530 417 45 55 60
543 541 48 56 53
610 696 54 50 47
682 107 53 45 56
667 616 44 58 63
508 542 52 43 70
508 423 57 53 55
670 491 60 48 46
570 41 48 56 61
596 211 43 52 78
670 310 57 58 80
628 94 54 51 67
688 508 49 42 55
570 326 47 44 53
502 100 55 42 46
687 331 43 45 48
538 331 46 50 54
534 185 59 58 79
584 762 42 55 60
664 662 41 41 76
558 191 57 51 59
635 496 45 51 70
549 204 52 57 66
532 576 50 58 59
529 272 60 52 47
682 262 57 44 70
542 166 59 42 47
618 19 48 56 51
570 492 51 48 45
576 756 57 53 48
502 469 46 53 44
629 198 42 56 61
557 736 44 60 74
632 245 47 47 49
547 574 52 56 64
577 668 52 47 65
627 199 51 58 70
648 369 45 46 60
584 465 45 42 49
516 203 45 44 42
674 344 43 58 66
687 360 44 57 58
644 424 51 55 53
598 405 58 52 58
608 518 48 48 70
700 175 52 42 42
683 274 53 52 45
500 251 56 47 55
535 307 50 47 53
528 216 52 47 44
590 170 51 44 74
555 30 42 52 44
589 1 48 53 79
566 568 49 43 49
660 309 41 57 70
683 315 56 42 67
546 323 56 53 50
645 586 58 42 69
604 348 50 53 50
524 734 44 47 79
676 617 46 51 69
568 177 43 41 45
592 377 44 60 79
668 262 50 43 62
658 498 53 48 75
515 338 60 45 68
684 497 59 50 43
672 424 49 58 60
515 290 42 48 65
565 566 53 47 56
549 46 47 42 50
639 567 53 49 76
635 19 55 48 67
598 516 50 52 42
609 627 55 41 46
633 657 52 50 63
558 422 55 53 57
555 679 57 56 67
566 552 52 54 68
581 264 57 43 72
572 211 59 47 73
613 494 60 43 67
581 117 55 56 60
510 743 42 43 71
551 287 60 57 65
621 419 46 47 44
676 283 44 58 76
634 59 59 50 42
590 375 59 49 75
618 618 47 44 76
533 666 48 51 73
612 58 60 54 51
594 481 55 60 76
504 596 56 41 79
562 631 41 45 76
627 53 41 58 67
601 394 58 60 43
551 718 45 48 67
590 761 53 56 61
510 735 46 58 77
663 711 49 41 51
565 264 56 47 55
548 59 49 52 70
500 553 53 56 53
627 337 46 55 53
611 470 58 51 60
637 260 44 57 70
639 312 47 51 72
606 196 43 54 69
619 82 50 53 68
578 611 45 56 80
614 237 42 46 54
577 625 53 41 63
563 179 51 55 80
611 447 45 42 71
595 341 41 50 67
700 4 58 60 60
585 290 57 51 67
542 475 58 44 80
635 61 60 57 60
674 80 44 41 79
509 700 59 48 77
619 380 53 49 59
602 653 56 50 53
681 142 55 42 70
545 689 58 60 67
658 303 55 60 79
626 134 59 50 79
633 437 47 56 79
538 427 54 50 58
696 122 56 43 41
666 541 60 55 72
694 121 55 52 57
506 541 50 53 67
659 603 48 42 41
520 179 52 57 76
692 195 46 52 44
643 63 52 56 58
630 75 51 53 42
539 459 48 58 79
695 617 56 50 70
687 200 55 53 71
551 262 60 41 59
682 307 44 48 46
621 423 60 45 50
555 269 60 58 54
672 424 58 42 70
684 124 51 43 74
552 392 50 56 62
631 310 48 52 66
700 417 55 50 60
612 309 54 48 68
652 220 47 51 41
694 502 43 45 69
508 746 50 42 66
629 226 51 45 63
649 167 50 49 71
562 494 43 59 51
518 666 60 41 44
584 109 46 42 47
513 755 54 60 58
521 406 44 41 53
649 732 52 45 53
612 85 54 45 41
654 708 53 54 71
665 341 43 58 43
691 55 48 42 80
665 689 54 59 43
674 493 41 41 74
550 563 51 45 64
609 657 47 59 69
659 26 43 60 66
502 548 42 45 55
602 698 52 45 66
697 662 45 46 51
632 621 46 44 43
626 230 57 58 46
680 58 60 42 42
572 648 49 44 54
663 591 56 47 66
556 668 59 53 74
549 406 60 54 46
561 236 51 49 77
529 341 46 54 78
679 285 49 48 45
669 288 59 58 79
537 127 51 46 75
673 604 43 57 47
620 473 60 42 43
685 92 41 52 69
670 140 50 47 56
565 119 60 59 63
508 20 48 57 65
653 18 59 54 64
614 215 44 56 50
693 41 54 53 60
624 69 43 51 50
511 294 44 53 72
669 670 49 57 53
604 154 51 51 46
500 415 45 43 77
594 61 44 52 60
697 576 49 47 52
644 725 56 51 76
637 165 52 41 70
689 414 57 41 48
518 518 44 51 43
520 327 49 51 65
697 13 42 42 56
587 126 50 42 56
569 135 59 53 43
662 140 47 51 61
648 118 58 54 67
516 718 45 43 50
514 400 58 49 48
514 443 50 41 56
521 740 44 57 64
584 475 50 56 73
670 733 59 41 42
654 200 46 57 47
573 718 48 56 78
509 404 46 55 61
521 220 43 51 61
661 523 60 49 50
612 364 46 57 71
688 748 54 45 54
531 7 60 48 79
539 363 50 53 61
633 115 56 46 44
690 278 55 46 72
628 461 51 43 70
645 714 52 56 74
650 244 49 47 65
599 226 50 50 72
655 306 48 43 51
555 136 47 45 48
645 152 51 47 54
625 174 58 59 77
604 467 52 47 47
669 34 47 57 46
531 94 45 52 67
568 107 51 54 60
508 289 55 56 64
631 461 57 49 73
675 268 43 48 63
568 266 55 49 51
568 747 48 54 56
524 335 60 58 59
536 161 50 56 45
633 759 48 43 53
550 327 50 44 50
657 711 49 41 53
613 732 42 52 59
609 13 56 54 61
643 586 52 49 41
599 541 42 51 68
613 618 47 57 73
595 752 57 55 60
658 300 56 59 46
696 81 59 55 48
698 522 45 51 50
627 235 53 50 54
699 195 54 60 70
555 714 48 52 42
573 165 57 55 73
569 466 42 44 74
528 385 52 45 62
603 430 51 48 68
700 134 58 46 66
666 553 51 57 70
541 744 59 60 67
653 413 50 45 67
656 747 49 52 76
667 459 46 53 73
616 218 53 45 58
645 15 58 55 48
517 90 53 42 80
666 702 51 52 43
573 270 53 55 56
520 92 43 48 62
596 380 41 59 57
512 740 46 55 80
528 97 56 46 80
603 579 43 46 68
538 386 60 54 48
605 683 49 52 51
598 380 49 49 55
644 70 47 54 66
641 320 51 50 73
543 493 57 41 78
566 370 58 43 52
624 221 45 46 65
524 38 42 55 47
584 131 54 60 62
650 665 57 47 41
575 233 47 44 43
550 390 42 49 65
663 33 56 44 52
637 675 58 60 48
598 433 53 58 43
558 401 50 51 56
600 547 56 55 46
676 370 59 56 51
700 53 58 60 71
541 93 46 46 46
531 287 56 52 68
563 338 42 41 77
696 495 50 44 56
521 362 41 53 60
576 187 47 47 64
501 111 60 45 54
642 498 60 53 66
679 124 47 48 79
697 509 60 48 62
591 739 50 43 79
663 221 58 50 63
591 441 47 49 79
539 170 52 46 50
609 431 42 55 74
673 410 58 42 55
562 168 42 46 70
508 756 50 54 56
677 657 51 56 53
530 84 51 58 52
584 668 54 46 73
693 429 47 57 52
519 431 46 57 43
529 456 50 55 41
606 55 54 43 78
556 526 50 51 50
618 106 41 45 54
543 535 49 42 80
695 324 47 41 50
567 500 54 55 73
538 237 58 56 52
566 149 57 54 51
531 652 60 46 53
646 734 45 48 50
631 509 53 46 60
677 551 44 57 67
519 502 42 44 77
537 119 48 58 69
636 602 47 48 78
584 278 49 42 62
564 34 59 41 51
525 583 57 46 51
562 137 60 52 76
662 353 44 51 60
584 416 54 54 69
564 250 57 58 46
523 205 43 54 41
587 123 51 47 41
552 482 56 47 65
553 61 43 53 53
604 701 41 56 76
671 606 55 56 53
540 211 58 55 67
585 577 50 60 45
662 684 47 46 72
508 346 56 47 47
651 588 55 47 51
580 249 47 48 66
533 216 42 46 67
648 698 55 48 41
650 268 45 42 45
545 224 59 44 68
559 384 46 60 41
678 533 45 54 54
614 608 55 56 54
503 21 59 59 52
530 392 47 47 76
645 92 49 52 63
527 577 42 44 64
530 152 51 50 47
624 74 56 56 74
624 223 60 47 51
582 354 50 52 66
614 313 54 41 74
620 423 45 47 75
677 391 50 47 54
575 759 59 48 63
571 691 51 44 68
669 682 56 47 61
506 191 46 56 41
622 664 45 43 57
677 367 53 54 58
678 491 59 41 46
667 391 55 58 56
512 667 42 51 56
547 760 57 45 76
625 384 46 58 52
509 463 41 45 74
634 344 56 48 69
540 560 45 45 62
608 323 44 53 44
578 248 54 53 73
666 611 47 58 70
558 572 44 55 58
567 547 48 43 62
648 566 53 41 57
655 80 52 52 61
554 76 49 58 57
641 673 43 53 73
577 598 49 46 79
677 244 55 49 57
608 85 58 54 56
690 448 48 57 72
700 646 41 47 56
525 244 42 47 72
519 545 46 41 64
577 545 57 58 79
579 431 52 60 65
670 190 51 47 71
544 486 52 55 55
655 17 44 42 59
601 474 48 49 61
660 56 46 52 71
590 399 51 56 59
533 97 42 54 62
615 547 52 42 73
636 141 41 41 62
681 440 58 45 54
643 228 41 56 52
551 312 41 52 53
632 452 53 41 47
659 25 48 49 43
648 181 44 41 53
