733
272 85 56 44 5
1000
-839 231 52 51 62
-795 185 51 50 81
-720 292 50 58 78
-839 615 49 52 80
-725 175 54 36 53
-865 371 56 57 72
-721 200 43 50 80
-718 146 40 43 67
-701 222 59 37 77
-856 511 41 48 83
-876 342 48 47 78
-790 616 53 56 88
-796 357 58 54 86
-865 423 57 56 74
-858 136 45 54 73
-787 102 37 41 71
-885 131 48 54 54
-737 349 38 44 80
-733 143 45 43 68
-881 382 48 53 67
-708 240 46 58 76
-869 580 52 59 80
-894 86 45 47 52
-724 451 48 44 81
-879 274 43 44 52
-801 497 55 36 86
-805 478 46 36 52
-817 227 44 57 78
-824 141 43 58 79
-874 190 40 49 83
-870 19 58 51 51
-851 457 44 58 64
-713 354 59 49 70
-710 443 40 46 72
-734 456 42 53 60
-719 416 37 50 84
-815 332 44 57 90
-778 210 43 50 77
-769 193 50 48 58
-722 284 56 55 53
-747 462 55 38 59
-823 608 44 56 66
-880 521 42 43 54
-815 599 51 40 61
-882 280 53 37 51
-722 582 55 36 67
-857 224 47 48 54
-850 19 45 48 60
-823 561 58 55 54
-757 401 55 45 90
-788 489 59 43 52
-739 471 45 45 87
-791 188 53 38 65
-787 546 57 51 85
-804 31 39 38 63
-813 346 48 53 83
-780 447 48 44 83
-708 215 46 37 78
-741 67 52 43 74
-893 261 39 56 71
-820 572 57 58 60
-797 613 57 36 82
-723 479 60 50 71
-793 260 46 42 79
-875 88 49 51 80
-709 85 36 48 66
-889 262 51 49 62
-836 485 55 60 53
-864 437 50 40 87
-880 276 60 50 54
-816 82 38 55 64
-712 119 58 46 84
-757 304 60 37 85
-860 267 42 44 65
-731 16 57 52 59
-892 487 40 44 53
-832 38 37 36 73
-797 500 47 37 53
-845 401 53 57 57
-889 435 53 58 51
-752 109 39 38 67
-717 415 54 47 88
-766 204 57 40 81
-891 280 48 36 59
-871 486 47 39 71
-712 193 55 53 71
-855 85 59 36 57
-875 96 55 54 51
-856 103 53 52 88
-775 95 40 36 88
-878 99 58 49 78
-832 626 40 50 60
-835 412 53 45 51
-836 260 43 56 52
-804 46 38 39 74
-725 518 44 45 51
-899 44 44 48 57
-744 351 36 42 66
-772 520 37 42 80
-714 590 46 57 89
-848 578 60 42 79
-832 59 39 44 56
-786 191 56 52 70
-823 18 40 45 68
-867 562 56 43 54
-835 521 46 60 74
-823 564 48 39 64
-799 28 41 50 61
-824 65 46 50 90
-810 214 44 54 77
-710 149 59 57 77
-851 163 41 53 64
-797 270 42 47 65
-793 421 48 60 78
-738 182 51 54 65
-846 576 58 52 75
-798 558 57 38 90
-738 567 36 56 53
-861 99 47 36 53
-864 570 37 48 55
-778 530 36 44 79
-839 422 38 57 70
-785 195 38 38 78
-716 410 59 44 51
-871 104 39 46 56
-762 235 48 44 55
-736 173 38 46 72
-855 198 57 43 86
-734 440 60 37 53
-755 612 47 41 60
-869 446 60 60 78
-769 601 54 38 51
-844 80 51 39 71
-792 434 60 44 70
-862 451 50 51 89
-746 348 57 58 56
-843 380 45 38 75
-794 250 57 36 66
-840 438 52 60 67
-898 105 52 37 72
-829 536 39 44 76
-863 320 38 46 63
-783 449 38 60 55
-761 168 39 57 87
-879 374 51 38 68
-725 97 39 48 56
-718 30 54 54 86
-747 376 42 50 76
-842 208 60 46 86
-900 5 48 55 81
-727 593 59 37 64
-730 521 38 46 57
-854 167 50 56 75
-873 628 42 42 62
-785 126 51 44 84
-830 493 60 56 63
-828 263 44 47 63
-897 209 58 38 60
-733 52 51 52 86
-838 516 38 60 53
-846 297 60 55 55
-853 299 39 59 83
-801 288 60 48 84
-832 108 60 36 64
-710 550 53 44 89
-795 438 44 59 84
-804 279 53 38 77
-784 51 42 36 53
-897 216 47 40 87
-821 343 60 39 54
-816 110 47 54 54
-824 348 45 39 74
-808 323 40 47 82
-809 498 52 39 78
-851 168 50 57 58
-828 78 56 36 67
-722 476 60 38 87
-792 472 48 52 59
-802 400 42 39 85
-850 15 43 60 57
-896 356 60 36 64
-778 316 58 59 71
-876 134 58 39 85
-799 129 56 47 54
-763 585 38 41 65
-813 154 44 54 58
-736 373 54 37 61
-758 264 57 42 68
-850 556 37 38 60
-826 171 40 37 89
-817 107 56 42 87
-811 248 59 37 76
-770 151 41 56 68
-744 208 43 59 53
-808 238 39 60 54
-857 292 38 52 75
-780 417 42 50 59
-851 501 49 60 88
-771 405 42 41 76
-779 399 52 42 71
-742 584 39 54 80
-747 351 42 39 80
-856 284 50 55 54
-767 473 49 48 79
-709 625 53 36 72
-879 439 37 43 54
-827 246 44 48 90
-760 156 39 48 66
-711 458 57 38 63
-898 322 37 37 81
-866 273 36 51 58
-808 125 54 54 70
-797 417 55 57 74
-895 171 46 48 52
-845 392 38 37 80
-805 95 53 46 90
-700 44 50 51 60
-773 326 36 48 55
-836 146 36 39 70
-828 375 57 39 70
-819 558 50 54 84
-816 548 51 44 58
-756 347 49 45 80
-826 507 46 52 71
-825 554 42 59 71
-810 140 57 56 61
-703 432 37 55 71
-716 555 39 36 55
-739 585 57 55 87
-900 374 50 38 67
-847 275 42 40 52
-767 95 51 59 90
-859 479 47 43 72
-895 491 47 46 86
-799 95 53 44 72
-777 440 60 54 84
-802 418 36 48 58
-708 95 54 43 84
-766 319 56 36 84
-749 223 39 51 62
-877 201 39 48 71
-822 253 50 36 71
-745 16 44 38 65
-761 154 38 52 56
-870 551 52 55 74
-710 595 36 42 60
-799 59 49 57 62
-738 504 54 50 72
-783 321 57 58 90
-735 281 42 51 58
-841 401 59 47 73
-787 456 51 52 82
-769 384 41 58 82
-765 381 41 37 58
-819 6 44 41 52
-889 563 46 47 73
-772 161 60 42 70
-885 121 49 46 79
-875 584 53 51 69
-880 351 50 54 51
-729 271 40 36 51
-729 394 40 60 68
-723 523 49 43 73
-845 223 51 49 73
-892 83 47 56 75
-879 172 51 41 66
-894 482 59 57 70
-752 191 50 58 68
-708 225 38 55 60
-780 26 47 45 68
-877 209 59 54 67
-871 514 45 58 68
-742 1 46 59 84
-791 459 53 50 58
-724 143 48 59 62
-723 470 60 55 66
-712 332 42 45 67
-766 313 60 53 90
-716 314 49 46 82
-900 132 43 51 54
-854 490 38 45 85
-784 601 48 47 61
-841 568 48 36 59
-782 608 57 38 67
-894 297 43 41 89
-704 613 38 55 86
-732 507 59 57 87
-898 532 48 58 55
-728 332 41 38 75
-843 597 51 40 79
-854 262 49 54 66
-793 321 39 36 56
-724 19 45 49 90
-853 394 56 39 76
-739 202 37 45 70
-720 27 59 37 89
-708 163 37 46 86
-841 16 41 36 58
-815 115 54 48 61
-806 163 38 50 75
-881 587 36 48 58
-749 45 46 48 65
-733 347 45 43 84
-897 125 40 58 79
-842 622 57 42 58
-849 332 38 41 52
-860 374 42 55 53
-863 268 52 36 56
-871 39 55 42 89
-779 546 56 55 82
-782 365 36 43 65
-820 130 59 54 54
-868 458 52 38 89
-758 535 51 46 78
-709 104 37 36 80
-878 517 39 48 86
-767 379 45 45 88
-876 477 47 60 82
-749 387 49 53 86
-790 108 39 43 77
-843 504 46 37 90
-824 627 39 53 89
-882 565 47 50 52
-876 101 48 60 68
-877 208 53 48 64
-847 159 42 47 82
-768 589 47 36 71
-723 109 60 41 54
-850 334 50 45 77
-894 74 52 59 88
-896 533 48 37 65
-773 410 37 36 62
-772 201 42 54 89
-852 67 47 36 87
-889 48 41 50 90
-827 619 42 53 60
-744 298 60 48 76
-856 338 56 51 67
-757 100 38 42 74
-794 603 43 43 87
-750 150 50 48 88
-829 70 39 40 57
-711 491 37 52 62
-823 267 36 39 53
-870 619 56 50 51
-849 274 42 41 63
-811 440 39 58 76
-762 384 37 41 85
-873 101 57 41 88
-774 317 60 44 72
-889 109 51 44 84
-840 436 36 53 87
-858 299 53 52 72
-826 363 59 53 81
-705 401 46 57 77
-823 399 47 55 58
-806 231 47 58 90
-750 118 59 59 80
-776 234 59 52 73
-897 328 49 48 68
-877 398 41 53 60
-841 492 57 52 90
-793 200 57 53 85
-835 263 40 45 88
-899 462 58 40 52
-841 492 36 44 51
-892 304 39 47 89
-784 537 42 58 64
-806 485 45 59 63
-892 332 51 50 73
-891 236 53 38 57
-855 632 40 57 81
-815 290 50 44 85
-701 124 58 48 59
-831 77 40 54 85
-720 174 51 59 87
-888 474 46 58 87
-771 164 39 39 86
-878 517 42 43 74
-818 103 58 49 62
-785 609 52 49 78
-810 174 37 56 55
-777 500 50 49 78
-704 291 58 46 65
-748 23 41 46 89
-882 583 40 59 59
-749 507 38 54 82
-884 57 40 36 63
-742 71 49 50 82
-724 590 38 55 90
-713 263 60 37 87
-900 219 43 44 87
-816 334 57 39 70
-765 92 46 43 59
-830 430 36 54 79
-735 628 40 39 85
-703 393 49 55 71
-899 516 43 43 65
-785 37 43 60 86
-722 85 41 44 68
-777 489 50 59 71
-782 20 45 53 60
-719 214 42 53 77
-802 93 44 48 85
-829 243 52 47 82
-721 391 42 39 67
-832 256 49 48 83
-743 65 45 50 55
-885 525 46 41 81
-829 353 37 60 62
-847 382 45 47 88
-756 154 42 41 69
-861 394 59 44 55
-731 519 58 53 73
-858 31 48 50 71
-731 358 40 47 54
-742 230 50 59 73
-804 189 51 45 67
-830 100 39 47 63
-831 48 50 40 53
-760 311 46 51 78
-777 515 53 37 85
-783 357 57 57 78
-748 39 44 58 90
-850 363 52 47 80
-736 242 53 54 86
-717 283 59 48 66
-722 327 60 41 57
-702 577 54 48 54
-882 346 50 48 76
-828 463 40 59 77
-855 468 47 37 87
-791 102 56 40 55
-876 350 41 55 70
-799 99 44 59 52
-786 52 53 36 52
-879 422 50 42 77
-741 329 40 45 62
-844 325 40 39 83
-850 524 59 58 90
-880 488 49 46 60
-794 320 47 53 74
-767 158 46 56 81
-772 215 43 55 52
-738 594 39 58 69
-870 322 55 43 58
-753 0 41 48 67
-758 199 59 42 83
-762 14 58 45 83
-870 495 46 37 69
-799 244 56 49 72
-770 319 36 49 74
-833 41 42 47 81
-734 388 60 60 60
-899 145 50 45 57
-708 542 38 58 90
-865 629 58 41 61
-740 519 47 53 81
-890 271 38 49 57
-876 533 49 46 65
-844 291 36 47 77
-745 388 57 39 73
-893 483 54 52 88
-847 87 42 55 52
-745 36 58 57 76
-700 31 50 37 77
-842 31 41 59 88
-841 551 58 54 59
-890 533 47 51 65
-723 165 44 48 87
-720 581 58 38 74
-882 273 58 45 84
-712 423 36 40 53
-741 168 37 46 88
-863 164 49 41 64
-823 352 50 43 65
-739 452 55 59 70
-900 98 50 55 55
-803 197 57 49 55
-827 91 58 45 84
-806 203 56 56 60
-761 445 49 40 61
-723 249 53 45 89
-831 226 38 49 58
-864 570 49 45 87
-845 292 39 59 52
-705 485 42 53 52
-725 313 38 55 51
-881 286 44 60 82
-778 77 55 39 87
-839 582 46 38 74
-758 604 39 59 64
-884 78 41 59 88
-749 338 49 53 83
-781 128 57 52 77
-769 88 51 59 54
-827 631 47 44 58
-717 466 56 56 83
-714 135 47 57 78
-768 449 43 43 63
-777 353 49 57 90
-772 381 39 41 67
-895 2 60 48 51
-737 379 46 47 81
-884 384 50 38 79
-743 285 54 36 67
-824 255 39 39 51
-717 338 49 41 63
-732 625 51 58 77
-769 595 52 48 84
-797 466 50 54 63
-893 177 39 54 84
-894 372 58 55 63
-804 5 40 39 55
-894 434 43 51 53
-747 405 39 56 55
-885 248 50 45 52
-874 10 41 38 57
-756 255 42 52 76
-818 547 37 54 65
-742 570 54 42 75
-732 479 45 45 67
-858 93 36 46 79
-705 2 51 49 58
-890 228 45 40 84
-886 505 38 57 71
-724 400 47 49 88
-876 418 39 46 90
-881 325 43 48 52
-706 101 53 47 78
-898 510 50 50 58
-872 552 38 45 51
-738 377 43 57 60
-811 627 41 52 77
-756 470 44 59 75
-845 336 36 39 69
-893 325 50 42 71
-718 422 47 55 55
-897 385 60 39 60
-729 340 39 41 58
-744 560 57 37 78
-789 363 44 58 76
-736 583 47 43 61
-890 497 51 44 73
-709 119 54 51 58
-766 592 60 40 87
-768 466 55 42 82
-883 166 44 45 55
-852 160 54 50 68
-771 571 39 38 62
-892 3 60 44 60
-898 466 49 60 79
-847 123 37 57 76
-813 344 48 49 59
-721 615 51 39 69
-793 531 36 45 67
-808 308 50 53 52
-746 555 52 58 80
-744 489 47 36 60
-834 178 47 39 52
-859 346 44 58 79
-847 199 41 53 89
-771 80 49 42 89
-788 16 38 53 60
-728 596 40 38 60
-769 252 41 41 58
-742 369 36 38 76
-808 62 43 46 51
-797 204 48 55 73
-793 306 51 46 87
-703 617 51 43 88
-725 242 49 59 79
-747 440 36 40 77
-750 47 43 56 67
-786 158 57 37 55
-745 520 53 38 53
-705 633 44 42 54
-843 90 38 52 89
-754 77 41 60 59
-724 587 49 42 77
-834 51 44 40 52
-843 267 45 43 71
-869 468 47 53 88
-854 575 46 55 75
-779 541 54 39 56
-706 235 52 42 90
-835 9 36 51 65
-886 432 43 40 88
-799 208 58 49 75
-810 363 57 54 59
-799 274 38 40 61
-835 234 45 40 71
-875 461 44 49 63
-730 252 42 41 79
-713 309 50 53 77
-726 352 42 36 53
-832 533 49 36 84
-898 431 55 37 69
-747 309 53 40 53
-842 172 44 49 64
-869 227 53 59 80
-864 359 60 41 57
-763 44 60 41 67
-868 584 39 43 73
-778 598 55 49 71
-746 52 47 47 86
-816 521 47 42 89
-805 91 60 58 85
-744 136 44 60 82
-714 209 47 51 65
-769 152 46 58 67
-739 14 58 47 61
-713 14 40 50 70
-740 119 48 59 66
-813 535 56 43 53
-719 493 48 39 87
-837 478 45 49 59
-713 323 50 54 84
-874 155 41 44 53
-814 149 42 57 60
-797 205 58 60 63
-819 611 38 60 52
-899 316 44 41 88
-708 143 36 42 81
-789 84 56 40 79
-870 36 48 50 78
-733 568 39 50 59
-797 338 43 44 82
-810 169 41 54 66
-851 494 45 53 83
-744 254 45 54 79
-891 451 51 49 72
-827 192 52 48 81
-773 542 48 45 56
-788 470 54 49 81
-878 338 37 55 76
-783 429 52 45 78
-775 632 50 56 73
-872 87 50 54 78
-852 442 36 53 61
-818 336 53 54 64
-828 207 38 60 52
-780 596 39 55 63
-895 56 36 52 84
-780 67 45 51 72
-748 178 41 58 64
-700 486 37 38 79
-700 400 48 38 56
-805 547 59 60 75
-842 112 58 47 61
-834 101 50 41 78
-739 588 57 48 60
-782 11 38 44 60
-824 580 49 37 77
-893 211 37 54 72
-860 184 39 49 68
-790 76 54 45 84
-891 118 52 54 89
-711 152 38 46 62
-746 560 57 60 79
-701 519 39 38 65
-809 111 40 46 56
-741 50 52 49 80
-886 448 55 36 55
-860 357 36 37 64
-841 589 40 55 64
-737 1 48 38 78
-873 278 60 36 77
-762 12 50 58 80
-896 368 56 54 87
-789 398 37 36 90
-785 216 36 53 88
-846 254 37 60 77
-707 359 56 58 60
-788 243 42 50 60
-832 572 36 37 53
-724 123 47 41 69
-802 437 44 42 71
-870 131 36 57 89
-733 5 37 58 81
-730 127 41 46 66
-733 401 44 36 56
-723 434 51 51 55
-844 536 45 44 90
-834 67 36 36 52
-871 353 56 49 53
-838 605 38 58 73
-814 223 59 55 77
-764 266 54 51 74
-816 370 52 56 60
-766 543 40 54 60
-792 180 43 54 81
-897 428 36 53 69
-747 48 48 39 54
-885 430 48 54 68
-822 184 55 52 89
-879 319 53 57 81
-752 149 57 49 53
-790 508 53 38 78
-771 373 49 48 86
-872 310 45 52 80
-862 161 40 46 69
-791 564 48 44 66
-799 278 42 36 68
-751 124 41 46 68
-797 145 55 36 62
-835 239 44 50 52
-718 210 52 50 60
-841 519 54 52 89
-745 529 53 56 67
-722 623 36 48 79
-704 211 57 43 88
-792 10 54 51 69
-744 38 41 51 75
-771 554 37 38 62
-704 235 38 59 60
-785 611 51 49 68
-703 630 51 42 70
-884 226 59 37 56
-837 49 36 43 88
-761 314 59 47 60
-787 97 60 53 58
-893 376 39 58 72
-704 455 59 43 82
-713 339 50 56 82
-757 616 36 44 60
-847 548 45 59 54
-741 615 60 53 81
-713 556 60 59 71
-754 368 45 46 51
-730 98 56 53 77
-866 101 46 57 85
-731 606 43 55 90
-764 104 59 54 86
-869 434 46 44 73
-763 119 43 42 51
-714 115 55 44 58
-713 299 42 41 79
-755 61 51 51 52
-841 164 54 45 86
-766 330 57 48 72
-715 62 44 42 63
-887 180 47 45 85
-808 220 57 45 79
-765 345 39 36 55
-865 211 39 47 57
-723 608 37 49 62
-744 260 54 53 53
-867 59 53 50 89
-710 320 38 47 52
-782 501 42 60 81
-812 481 42 49 88
-743 403 48 46 55
-725 436 41 41 81
-875 322 56 53 53
-839 13 59 57 81
-796 433 60 37 84
-763 452 54 49 84
-815 544 46 42 66
-827 517 48 51 84
-780 613 36 41 62
-710 24 46 41 78
-799 266 41 60 62
-712 19 37 47 70
-892 393 54 57 66
-802 186 60 36 87
-759 114 39 59 76
-858 463 56 42 74
-707 76 56 51 83
-798 337 52 37 73
-893 358 43 59 64
-886 458 56 57 61
-888 452 55 45 54
-876 567 40 58 64
-832 510 51 41 64
-804 621 37 39 59
-791 225 50 42 53
-888 539 45 46 86
-799 171 36 40 59
-823 197 37 50 66
-804 420 38 59 54
-738 496 40 38 84
-730 231 52 51 78
-839 401 49 49 82
-735 130 53 48 63
-830 600 49 54 68
-758 513 52 44 65
-870 60 43 51 87
-766 553 40 58 64
-739 624 52 55 58
-721 353 54 50 69
-752 507 40 60 62
-853 464 57 36 60
-711 478 47 52 66
-804 362 37 36 79
-792 525 49 46 59
-856 519 44 58 69
-702 502 55 60 75
-795 490 54 47 54
-865 284 37 38 84
-807 487 41 45 67
-720 575 51 59 65
-777 620 44 51 68
-756 380 56 37 56
-780 501 53 60 56
-820 349 43 47 81
-742 347 50 44 60
-869 597 55 54 56
-887 234 53 48 67
-871 396 50 60 78
-850 453 57 39 56
-895 77 57 60 85
-844 576 44 60 71
-894 29 57 57 74
-722 96 46 38 86
-889 86 36 48 74
-705 449 57 60 87
-871 184 45 56 71
-755 561 53 41 54
-719 245 41 45 82
-805 501 58 48 88
-723 416 41 50 76
-712 143 44 54 66
-747 378 45 43 66
-745 176 60 39 75
-748 632 45 59 67
-858 280 49 48 82
-740 445 40 58 74
-759 137 60 44 53
-727 114 48 48 63
-705 214 44 57 51
-855 440 48 40 63
-783 416 50 46 85
-732 546 53 48 52
-855 152 58 55 84
-872 535 45 58 64
-770 118 49 54 57
-882 239 49 49 71
-793 623 40 36 84
-749 248 55 49 57
-704 411 41 45 84
-744 385 52 51 77
-816 361 40 48 66
-864 337 60 50 61
-793 105 40 49 72
-715 178 59 37 57
-741 504 55 59 74
-790 73 45 52 60
-797 376 46 56 52
-860 620 58 43 62
-864 187 42 59 57
-851 188 43 58 53
-825 436 57 45 58
-779 495 36 58 67
-762 282 51 47 62
-762 217 46 51 78
-755 349 38 53 56
-732 516 60 40 77
-816 493 39 52 77
-743 248 51 59 63
-706 9 60 43 56
-730 85 40 39 54
-790 218 52 56 56
-883 562 60 56 85
-774 417 46 58 85
-775 73 57 44 76
-829 385 52 55 51
-870 238 43 36 90
-817 164 48 37 69
-854 350 40 38 54
-887 304 51 54 76
-756 427 57 41 59
-891 132 53 36 53
-713 57 57 55 88
-736 523 39 57 86
-709 144 50 36 51
-887 238 60 45 85
-790 566 55 40 70
-861 568 59 46 64
-762 213 45 47 60
-844 241 58 48 81
-722 197 39 53 61
-862 194 40 37 78
-735 436 55 44 68
-723 332 60 55 65
-760 321 37 55 53
-734 336 58 53 83
-802 547 55 58 52
-721 444 44 44 78
-736 366 48 57 52
-788 104 37 44 58
-751 353 52 43 84
-766 48 60 52 73
-795 430 49 45 61
-893 234 50 45 56
-782 180 58 41 83
-777 306 41 47 89
-736 4 42 41 79
-711 63 46 57 87
-823 621 37 40 83
-832 180 57 46 63
-719 56 60 52 81
-885 132 59 59 81
-712 155 41 56 66
-842 565 60 42 74
-806 514 45 55 73
-870 486 48 58 62
-743 314 45 38 76
-708 216 57 46 59
-780 424 44 44 60
-830 231 44 55 51
-779 302 59 47 77
-733 574 37 51 76
-898 35 54 42 56
-767 536 58 48 58
-895 307 43 52 83
-792 282 58 41 89
-861 330 42 57 86
-875 493 45 38 80
-714 608 45 59 81
-774 80 59 38 82
-882 440 38 41 76
-709 551 41 48 86
-819 561 51 41 63
-712 48 54 38 84
-779 214 57 45 80
-798 32 46 41 71
-873 104 53 46 69
-836 91 58 50 75
-860 558 51 57 87
-778 302 48 48 75
-815 536 38 41 63
-763 3 39 56 54
-799 114 50 38 52
-755 21 60 43 78
-785 14 48 55 58
-853 50 55 42 86
-815 362 48 54 61
-846 520 52 43 71
-751 383 38 43 85
-854 339 38 38 76
-850 42 47 39 79
-729 399 43 36 88
-836 385 53 56 61
-803 277 47 49 79
-790 110 37 60 75
-826 294 48 44 63
-779 419 54 55 71
-840 144 37 49 70
-784 318 47 44 57
-711 383 40 37 55
-835 497 54 44 81
-877 459 44 59 56
-845 60 55 60 73
-736 292 52 38 85
-798 207 43 37 75
-796 300 49 52 85
-832 322 54 47 58
-776 153 45 43 66
-799 301 51 58 71
-733 218 57 37 71
-804 126 50 38 66
-791 441 43 40 82
-837 139 54 54 72
-811 13 42 38 83
-897 43 49 47 52
-767 37 36 45 87
-884 575 53 43 71
-872 515 50 53 54
-788 358 39 45 72
-800 68 48 46 53
-869 38 59 44 81
-785 415 56 52 70
-900 55 56 41 61
-804 52 52 45 82
-896 343 36 55 62
-837 56 48 60 54
-792 72 56 46 66
-760 382 47 50 57
-851 604 36 39 67
-874 153 49 47 53
-789 412 58 38 51
-884 567 47 58 60
-899 359 52 40 79
-841 11 59 36 75
-805 337 50 59 79
-789 498 55 44 83
-722 608 56 52 76
-845 498 36 56 88
-772 439 39 47 63
-858 446 56 50 85
-851 394 53 60 60
-790 69 42 53 83
-706 614 42 48 82
-711 541 46 51 65
-735 320 43 58 84
-766 288 49 51 59
-773 416 60 44 76
-752 400 58 56 81
-830 481 51 49 76
