865
624 11 12 73 2
1000
455 617 54 41 55
112 266 58 49 9
-766 181 44 56 59
-819 398 41 60 48
-381 209 60 60 68
-222 83 54 49 14
613 544 59 53 98
-550 586 44 45 51
993 535 58 47 19
-582 149 42 41 97
714 336 42 43 87
-523 57 58 43 6
-623 696 56 48 18
932 444 41 44 73
223 8 50 46 23
-78 613 41 48 97
-471 547 55 47 27
-378 430 45 51 44
618 674 42 45 89
-884 186 59 53 19
-891 707 43 60 30
491 258 42 60 34
-980 531 57 43 62
544 304 54 51 96
-779 748 47 59 24
-166 588 59 49 20
-903 755 41 56 39
39 279 50 57 38
123 226 41 41 1
0 259 54 42 92
-359 400 59 53 48
-763 309 53 54 2
46 311 59 55 86
798 434 43 46 96
143 503 45 55 88
-218 338 44 58 59
148 136 44 46 36
697 621 47 48 49
-294 466 46 42 66
907 437 52 60 58
-776 682 57 50 20
275 393 42 43 91
-644 595 47 42 74
611 763 48 44 64
442 99 55 47 78
853 254 56 55 56
394 560 52 50 3
-598 646 45 55 33
518 758 57 59 14
-20 216 44 59 18
200 404 42 58 37
-76 658 47 41 48
32 93 50 42 43
-476 80 44 43 29
716 177 57 55 49
630 138 60 59 65
579 141 45 48 43
624 383 46 60 22
837 719 44 46 44
-155 577 43 50 92
570 582 43 53 80
98 572 47 48 6
-792 748 44 60 61
224 285 60 48 96
-86 122 46 42 37
-103 685 54 48 27
-96 216 54 60 53
39 338 58 45 4
-90 134 53 56 85
-107 238 47 57 1
249 527 52 42 17
474 638 50 55 17
-785 589 55 42 17
-356 123 46 53 33
-742 760 45 47 87
451 571 60 41 22
51 621 55 45 2
361 231 44 54 39
88 726 58 53 61
186 54 55 58 85
-337 743 47 42 6
308 343 45 42 74
91 339 49 56 51
142 431 50 52 7
334 402 41 54 47
14 315 52 43 94
954 693 43 60 21
800 600 57 44 23
140 303 48 41 9
585 2 60 43 41
-699 652 54 41 13
-59 88 43 58 91
491 260 56 57 53
-622 64 47 56 59
495 543 56 52 59
911 79 47 52 52
-265 513 44 58 83
-858 310 45 53 29
735 175 43 46 37
222 562 50 60 53
-50 301 50 48 57
-336 26 59 48 5
-718 457 53 45 59
905 468 48 59 15
795 207 60 52 40
867 223 47 60 31
613 670 53 60 93
-557 183 44 53 88
-778 73 42 53 52
-390 604 52 44 87
-163 381 48 52 3
73 567 43 49 41
686 101 45 59 7
-741 368 43 47 43
-376 737 54 41 15
123 325 55 56 18
974 414 42 42 87
889 656 58 59 17
-936 467 45 53 9
487 566 42 42 30
213 687 53 49 61
837 311 60 52 12
12 153 56 53 24
416 33 58 53 92
-541 344 49 49 34
949 563 41 49 31
-821 37 53 42 94
186 628 45 54 54
726 716 60 46 77
-799 182 43 54 2
658 121 53 43 97
377 615 49 59 99
-143 537 48 49 3
-718 224 59 46 88
643 129 53 41 82
967 90 47 59 92
352 663 41 52 35
42 672 55 52 6
-159 578 58 56 95
300 508 59 53 57
910 276 43 43 26
-539 209 58 58 92
-274 155 58 42 88
-529 615 53 55 26
-180 219 44 55 78
43 427 58 45 66
-625 699 50 42 48
-964 496 42 55 50
-471 211 42 41 96
-178 162 53 55 54
-942 397 44 43 41
-386 171 53 49 58
-657 322 51 58 3
783 476 58 48 36
-12 252 41 53 23
398 392 48 51 46
-167 241 50 42 97
198 659 58 60 70
215 518 53 45 74
524 344 52 42 38
873 472 42 55 66
-62 226 48 43 47
-422 461 55 53 69
597 45 49 59 17
-911 716 59 47 31
395 399 58 42 7
791 393 52 49 80
726 373 51 50 32
490 90 49 50 90
822 661 60 50 82
-556 206 41 58 38
-46 406 55 55 86
-453 94 53 47 6
-696 566 59 43 34
654 284 52 55 21
1 285 53 50 90
549 172 54 42 91
141 118 54 50 62
276 598 48 50 55
-502 538 60 52 42
-781 583 41 52 20
-6 757 53 60 25
-940 182 52 44 21
-156 255 43 52 75
169 508 54 50 84
-859 222 46 52 79
-306 153 58 55 11
354 331 42 53 3
-198 749 50 42 80
-386 725 42 48 64
-236 696 42 54 64
-815 354 54 60 56
-296 732 43 52 15
437 525 45 44 19
16 109 54 54 1
192 0 50 42 1
860 39 54 47 81
420 1 49 49 98
-253 135 42 50 16
482 688 60 47 27
-492 415 52 45 86
288 682 56 48 21
-765 405 49 44 42
-734 24 60 58 2
357 100 45 57 86
-273 742 58 47 61
574 672 42 44 77
-620 526 55 60 63
718 231 49 59 49
517 166 52 41 95
21 476 57 59 9
-967 641 60 52 67
-24 501 50 53 45
-361 549 47 42 97
-378 475 41 43 90
-139 343 56 44 41
-268 56 46 53 16
634 35 48 58 61
-567 500 47 53 11
-810 693 60 54 24
170 580 51 59 17
-718 162 48 42 37
-604 370 50 44 75
125 120 57 43 88
55 77 53 58 68
-416 469 60 42 11
-322 174 58 48 93
-346 430 47 50 92
-168 372 43 47 33
-876 125 60 58 42
829 282 55 46 98
-946 602 42 51 94
-705 171 58 54 70
-228 593 53 48 90
-244 478 42 52 42
-277 655 46 42 98
334 132 54 45 4
142 602 45 60 68
-365 384 60 52 56
-141 631 43 42 100
357 570 41 59 61
408 555 58 54 14
-736 343 52 56 36
289 639 46 53 81
-43 333 43 42 9
-588 757 59 60 60
309 610 51 41 71
823 319 60 41 97
-747 113 55 60 26
475 457 49 55 77
84 109 55 48 18
-155 208 52 51 76
722 334 51 44 59
483 122 45 58 8
235 504 43 47 99
679 561 51 45 3
31 712 42 57 51
-268 364 55 43 10
-410 635 46 52 48
-709 153 48 55 90
856 283 60 53 15
304 738 58 58 21
-25 618 44 57 47
822 266 49 42 100
-706 518 52 45 67
99 161 58 44 58
863 660 46 55 8
122 353 42 56 66
553 335 58 60 50
-997 391 57 43 45
521 207 58 56 26
710 611 53 43 41
-563 144 56 45 82
-816 316 50 44 39
188 573 58 49 40
-380 530 59 53 35
-870 99 54 57 34
-557 728 57 51 32
-401 45 47 53 61
-580 222 47 43 54
-300 9 46 51 59
105 52 55 44 47
-605 273 46 53 55
-311 499 49 51 57
-998 75 59 41 1
77 469 45 43 95
701 504 47 44 100
-156 265 45 52 83
-478 242 54 45 83
252 321 41 48 28
-586 444 54 58 71
651 369 46 51 42
-737 14 54 56 31
-34 390 56 45 32
-152 161 43 53 22
762 653 49 59 12
-699 469 41 57 5
-222 177 47 46 15
254 201 51 57 10
-2 512 52 50 86
812 119 47 57 99
326 643 53 55 79
-546 5 48 59 32
-406 598 44 57 50
771 126 56 47 97
675 361 51 53 40
-455 526 54 49 99
-234 134 59 60 78
-56 501 56 44 34
435 392 44 58 91
-471 650 55 52 98
-679 261 44 45 88
-975 695 58 42 10
492 110 44 59 15
627 239 41 54 43
-360 434 56 46 48
-197 508 58 55 25
221 135 59 53 60
-32 321 45 58 31
249 323 51 44 6
683 134 43 53 74
-263 205 46 42 74
-803 138 47 46 50
181 182 56 52 81
-234 495 57 55 89
971 232 50 42 10
-911 696 49 49 83
496 324 49 56 100
791 171 41 59 31
52 531 49 44 96
744 52 41 50 25
-735 526 47 51 77
-167 523 58 52 30
-974 440 55 41 13
862 456 46 41 61
212 538 58 42 40
-51 519 57 59 29
-335 476 45 48 51
84 172 41 57 71
-425 25 57 52 46
510 387 52 42 47
227 26 57 50 91
57 328 48 48 84
222 191 57 57 23
985 621 52 52 100
227 363 51 42 39
734 659 44 56 62
-143 263 43 56 40
603 81 42 44 30
428 266 56 45 61
-87 521 60 50 7
-979 726 53 55 71
763 138 59 57 64
536 558 54 47 68
756 30 49 60 72
-561 121 50 50 66
924 621 56 45 1
381 682 59 42 49
135 649 47 42 75
761 755 55 43 55
-478 447 57 54 37
905 477 42 48 10
137 160 45 54 80
-929 355 59 52 24
685 452 55 41 61
-560 655 56 44 36
471 694 49 59 53
-287 342 49 43 57
-881 688 41 41 39
-903 89 52 45 68
-901 73 46 42 29
-425 201 57 51 10
7 34 48 47 87
-278 375 48 55 33
-910 715 43 44 26
-58 312 52 41 23
-605 345 59 58 88
-586 323 52 47 76
-415 314 54 59 23
-518 718 46 49 87
-954 340 57 42 83
740 408 56 59 48
123 296 46 47 17
-967 79 55 43 94
884 379 57 51 70
816 52 41 49 72
826 550 43 52 67
-219 556 49 47 2
-470 700 57 59 87
-724 682 52 48 28
164 4 51 54 37
226 461 41 45 66
889 476 52 56 28
359 373 52 48 76
730 565 58 53 41
-944 145 56 43 58
865 510 46 60 51
454 751 51 42 5
-816 53 55 57 41
-715 308 47 56 55
-226 159 46 50 2
982 446 52 48 38
29 17 58 58 21
-938 510 51 44 19
592 256 42 44 16
-156 441 60 59 85
-440 141 50 57 25
804 368 59 49 28
654 292 47 52 79
-85 484 55 52 68
-391 56 56 54 44
973 565 47 46 46
610 655 52 43 26
-110 462 58 54 6
-185 743 54 49 27
826 57 53 42 51
286 452 46 49 72
965 749 51 46 68
295 727 50 49 97
484 198 52 45 97
-295 588 54 54 96
613 34 57 52 46
634 259 50 53 81
-163 688 41 57 11
553 530 58 50 60
-145 746 42 54 27
756 414 57 55 42
59 378 47 47 60
275 7 54 49 12
-874 482 54 47 94
492 311 45 45 15
943 194 50 60 45
52 365 47 50 23
25 698 58 49 41
-808 644 41 42 2
-976 565 60 52 33
-942 427 47 43 57
757 687 54 41 51
-968 265 54 46 7
-55 536 44 47 47
361 661 60 41 12
-851 152 49 56 70
454 556 41 43 15
-424 106 53 42 80
82 382 43 45 14
820 62 59 47 43
-725 372 44 45 43
438 485 46 41 79
81 70 52 44 85
-256 410 41 56 24
976 382 41 53 71
657 365 60 47 91
548 743 44 47 22
416 558 49 59 5
-961 349 53 46 67
403 511 45 45 64
-185 404 47 51 56
470 321 48 52 94
567 654 58 48 96
-988 344 60 52 70
-808 440 45 49 100
-830 248 46 48 4
216 283 52 49 77
-275 671 47 60 63
613 304 52 41 73
69 178 41 44 6
-885 508 42 54 30
125 96 48 57 47
-521 349 55 46 9
-120 439 54 43 95
834 685 56 48 74
-314 553 56 45 82
180 360 50 58 44
938 511 44 50 11
769 259 50 53 41
523 288 57 42 55
995 203 46 59 39
-818 403 59 57 39
2 421 55 54 40
390 560 60 51 72
-211 758 57 51 2
110 210 46 41 83
-873 651 57 46 53
-713 531 48 53 83
502 675 55 45 66
-280 674 49 53 51
-960 122 58 45 16
-720 16 46 43 47
-608 529 52 49 44
768 628 58 44 33
975 189 52 47 15
828 187 46 42 75
-755 550 49 58 15
-310 353 54 48 27
467 366 42 41 79
966 609 54 52 69
793 174 54 50 25
150 219 52 41 64
-991 227 49 58 43
989 28 50 53 38
924 244 45 52 54
-286 367 43 49 1
143 317 42 46 22
-165 86 44 41 83
611 519 54 50 71
341 619 42 56 26
-132 638 50 55 18
907 381 45 52 96
-889 593 60 42 37
-805 678 49 53 70
105 377 53 45 63
-997 173 45 59 16
-146 324 45 51 46
-320 613 49 47 77
73 711 57 42 90
-717 701 45 44 86
-825 97 46 51 68
-631 277 56 45 17
-284 142 51 55 95
929 354 60 44 30
586 604 56 41 30
395 751 44 41 33
-771 160 55 50 55
41 158 49 50 52
-731 223 50 54 24
323 509 43 48 71
371 270 44 44 19
93 35 51 48 83
-652 415 56 46 63
906 441 41 52 99
47 621 59 42 98
211 247 58 51 26
142 583 47 49 15
-847 469 46 52 57
932 131 46 60 57
-847 290 50 44 65
207 56 47 46 88
-260 105 46 41 99
-581 38 42 59 17
-946 662 53 42 94
-808 388 42 60 60
260 389 54 50 56
445 22 53 45 7
653 545 59 52 34
257 69 54 44 10
-471 47 48 60 67
-658 617 46 51 96
969 573 42 47 15
324 561 42 48 77
-877 224 48 52 20
-831 610 50 43 24
-512 459 43 48 40
648 404 47 50 39
181 369 47 58 89
262 34 44 51 3
987 326 58 59 77
837 430 46 60 93
-448 296 57 56 48
-540 725 55 42 15
-930 744 50 60 26
-319 335 42 48 26
-279 381 59 53 20
-868 760 56 46 99
425 36 60 60 98
683 374 55 41 72
811 65 50 56 14
321 406 54 43 45
-341 567 59 49 56
-626 726 58 46 87
-165 305 60 60 35
122 663 45 51 83
-732 249 56 59 10
-638 394 44 47 52
270 533 49 49 37
908 120 47 47 40
126 717 52 59 18
221 102 42 57 53
745 259 59 58 72
29 637 51 42 53
-395 372 55 58 59
935 574 43 53 71
971 277 58 41 18
-291 508 53 57 15
553 440 43 51 90
637 623 50 41 98
873 620 45 45 38
-449 539 47 59 64
187 205 52 50 49
669 292 59 52 97
514 529 55 51 29
267 317 45 48 51
-653 581 51 59 100
-993 437 53 58 74
683 44 47 52 95
-531 309 55 45 29
115 83 45 59 27
737 289 50 48 9
718 293 56 60 6
672 17 56 42 5
965 621 54 43 73
168 632 53 49 5
84 515 52 51 94
841 319 56 56 64
-173 372 58 56 92
533 81 58 49 25
-328 41 44 49 1
-146 77 47 58 26
155 96 49 60 56
-869 113 52 43 16
650 484 56 44 41
-443 570 53 47 46
-550 415 49 49 38
380 395 49 51 95
298 500 45 57 8
498 552 42 46 33
55 471 60 56 14
-301 272 51 46 20
-57 160 56 41 91
172 594 59 43 38
-286 702 47 53 86
-616 513 50 54 92
198 443 58 45 88
695 201 56 49 9
-771 86 45 55 11
-233 447 59 49 72
803 361 43 50 42
-160 605 52 57 17
151 52 49 52 89
-146 648 52 46 77
720 500 60 52 79
-682 137 47 50 26
-977 423 41 53 62
13 516 54 53 86
289 722 58 53 2
748 369 58 59 68
798 420 44 44 83
346 495 51 48 47
-445 729 44 55 23
-943 112 49 58 94
375 290 59 58 77
99 619 57 58 78
109 522 56 49 45
-235 629 47 50 54
85 324 51 41 91
558 275 48 59 6
-523 495 43 52 94
-228 277 47 45 81
-506 627 58 60 66
-603 758 57 45 96
800 240 47 54 28
-334 374 53 45 21
985 715 56 46 73
-650 656 55 51 50
-946 35 58 55 35
-393 305 46 53 43
660 649 58 42 22
545 268 46 60 8
391 616 41 53 52
-416 606 49 52 11
-383 147 47 47 11
191 189 44 60 98
-320 489 50 45 51
-639 104 50 58 94
238 526 59 52 29
739 744 41 59 13
-812 66 59 54 21
-523 675 48 54 11
0 247 41 51 92
-750 189 57 59 70
954 673 44 58 81
457 111 49 56 39
336 586 52 59 71
74 468 55 49 100
724 269 60 43 52
633 172 54 47 95
378 403 57 57 51
763 401 59 55 74
210 52 41 60 43
755 199 47 59 8
250 555 49 43 88
-208 136 41 41 79
68 137 42 44 62
-453 243 56 46 17
419 281 46 48 41
659 752 58 45 71
-40 167 47 45 80
-931 377 57 57 64
194 525 56 48 33
-105 593 42 53 81
-292 323 43 54 94
-407 719 59 48 3
813 145 47 45 46
607 571 59 53 11
933 144 57 43 80
-563 667 59 46 27
-485 655 47 52 69
-893 115 52 50 58
-934 655 49 54 11
709 29 58 42 64
563 712 49 45 11
-233 91 50 50 94
-739 754 42 47 37
420 334 51 47 81
-472 168 52 49 52
-728 137 52 57 77
-205 303 47 53 19
-451 758 50 58 79
489 132 52 53 6
-900 629 47 45 5
70 589 42 60 65
247 0 57 47 48
459 498 56 53 22
-199 317 57 43 88
-498 113 49 51 32
-700 546 44 42 81
641 272 46 44 44
-695 197 59 50 7
945 455 48 50 33
28 174 43 41 28
-843 17 53 43 64
791 126 41 53 59
-906 696 55 57 26
371 110 52 55 33
-687 327 42 57 57
-926 26 41 49 80
766 533 54 49 47
120 391 57 59 37
-57 636 55 48 5
216 89 45 48 30
717 509 58 49 75
669 129 47 42 17
-263 714 45 51 31
134 397 51 54 95
-343 743 59 53 8
-185 282 55 51 4
763 121 53 49 3
920 506 44 57 26
-179 537 45 50 17
-899 252 50 55 87
-245 515 52 50 36
191 336 48 52 73
-873 743 56 42 27
689 513 43 58 83
-114 59 60 41 3
640 315 48 54 37
-695 156 45 47 35
333 190 55 44 62
889 541 47 49 18
-505 45 45 41 99
401 539 53 59 3
203 10 42 59 88
449 370 47 57 12
-917 254 41 59 67
-851 201 44 47 23
-790 194 48 54 60
-331 411 43 59 34
-277 394 42 60 45
-392 503 44 56 64
608 54 43 44 30
-506 52 53 58 20
-516 84 55 50 57
-916 4 41 55 65
298 504 47 48 28
203 745 44 52 33
-885 19 47 49 93
-812 418 55 49 34
255 401 45 41 9
-536 47 54 47 32
981 746 57 47 70
-235 460 46 52 22
853 635 42 45 87
374 328 55 43 36
-799 132 46 60 100
322 549 52 46 28
-648 218 48 42 76
16 285 50 49 3
867 593 50 43 38
65 13 44 59 86
-893 387 50 54 68
-834 748 54 55 45
-65 524 41 46 93
-430 630 44 55 50
537 409 52 53 35
-370 501 59 43 31
-307 673 45 48 21
622 93 51 50 58
198 308 59 49 74
-967 139 42 52 66
-704 405 46 50 62
-867 511 60 59 87
943 706 43 46 100
684 426 55 48 23
-468 227 54 51 14
146 358 46 52 26
-141 677 43 51 45
612 157 47 44 37
989 25 48 45 48
87 311 45 51 48
-514 317 45 56 35
989 31 43 50 87
-230 652 49 49 26
-231 524 54 42 55
319 258 51 54 75
-805 401 56 48 86
-525 709 60 54 16
383 493 49 57 34
-563 757 48 58 88
803 57 48 43 91
523 398 55 58 4
-776 129 44 41 18
-228 444 52 51 39
956 11 53 54 23
23 674 59 45 58
-6 335 47 43 62
512 93 55 55 25
-450 330 49 49 67
-501 257 42 44 20
-774 312 58 43 70
247 603 55 56 41
436 282 48 58 64
-852 523 44 55 59
52 592 54 59 56
77 524 56 56 50
170 561 55 47 51
526 754 59 48 38
703 732 53 48 77
787 167 47 59 26
414 252 41 43 58
-990 508 52 53 92
-463 721 46 58 40
-157 487 60 49 46
-588 24 51 43 24
875 368 43 43 26
277 655 54 52 64
-83 151 41 52 66
-910 4 44 57 32
79 124 52 60 67
-413 489 49 43 67
80 538 46 51 6
187 701 59 52 97
426 209 48 58 35
-508 612 56 52 45
631 256 47 42 58
-108 324 51 59 28
257 604 58 59 42
450 27 50 46 31
692 721 46 48 78
-509 105 53 55 35
599 294 59 51 1
853 449 58 47 8
606 255 51 55 65
-6 353 56 47 66
861 496 57 60 29
-613 526 46 51 99
-313 561 42 54 65
-712 123 42 55 81
-138 68 53 41 28
513 106 43 55 99
-689 636 50 59 37
-734 392 51 54 69
397 270 60 48 74
-909 595 45 47 22
956 513 60 55 99
-105 519 60 54 32
-943 27 51 50 93
387 330 52 58 12
459 616 47 57 57
885 765 49 51 68
-191 561 48 48 91
521 72 49 51 32
-164 98 48 60 66
961 700 55 47 63
554 517 60 60 78
-213 140 48 48 86
787 462 47 41 46
764 577 41 60 66
519 580 48 58 69
-490 26 47 45 45
-82 283 60 48 63
282 737 43 52 31
502 82 56 48 59
-92 192 44 56 91
184 23 57 42 40
-475 34 59 51 45
66 213 53 52 22
7 275 43 48 44
54 616 60 53 11
-588 282 44 47 23
200 109 48 53 33
-214 760 46 49 15
-902 527 53 60 3
475 195 44 44 94
-199 715 48 49 100
-767 635 47 41 92
-931 313 50 59 13
-604 166 44 43 61
825 36 58 46 11
411 526 54 56 71
383 740 42 47 88
174 45 43 45 94
-867 147 49 52 46
790 417 44 53 21
-732 125 57 54 84
-953 452 60 46 7
-854 575 47 48 77
-974 472 48 50 94
409 203 49 58 55
269 226 46 56 47
-727 622 59 48 36
-393 12 52 59 44
-951 235 51 44 71
154 221 59 50 47
926 452 45 55 99
955 561 59 52 11
356 288 45 45 44
-880 270 52 56 76
-986 562 60 54 43
-384 666 49 57 14
-87 210 52 56 26
-627 477 45 49 35
625 440 49 53 44
-766 454 44 54 9
-564 197 47 55 60
594 133 56 45 40
953 747 51 41 55
248 14 48 44 37
-482 680 50 56 76
539 463 60 50 9
416 124 51 43 85
-582 384 51 50 9
434 732 53 47 63
950 417 56 47 20
801 293 58 54 71
-831 163 59 47 59
-85 129 49 51 68
29 406 54 55 67
-444 221 50 41 29
-689 594 56 56 39
-168 335 56 43 45
980 287 47 52 31
410 26 56 44 33
-865 709 57 45 24
-406 144 54 43 2
-326 142 45 43 23
397 298 42 42 85
-87 341 51 45 41
678 716 52 59 34
-449 380 48 48 25
-440 757 50 56 92
909 448 58 55 71
387 10 45 48 45
-296 31 45 43 12
812 320 42 49 10
-62 761 60 50 38
447 516 44 42 4
-53 206 52 42 96
-757 164 51 41 39
209 327 47 53 97
-853 550 49 54 52
-625 193 53 58 11
-225 476 46 48 7
549 639 59 44 39
74 479 53 53 41
-336 739 59 58 24
166 635 45 57 17
-62 322 58 54 95
-288 117 48 46 11
-257 180 53 59 30
-621 692 60 48 86
-463 244 53 43 1
-840 476 57 54 12
832 344 54 54 35
306 18 59 54 33
-127 651 47 51 60
662 230 49 54 1
768 338 48 51 92
-985 325 44 51 51
122 198 60 45 48
988 196 57 54 42
-917 602 50 46 49
-220 642 42 42 53
507 143 60 50 45
424 699 59 60 73
718 425 59 58 10
771 291 49 60 91
-466 208 58 53 9
509 471 42 42 2
-928 478 59 50 54
-642 753 42 54 1
-898 624 50 56 63
97 581 49 42 34
-155 173 57 41 39
405 98 44 42 52
872 582 46 42 97
222 448 53 41 24
87 730 57 41 34
868 269 60 46 46
-475 66 60 60 20
763 487 54 48 49
-858 735 57 58 1
