986
64 108 64 85 8
1000
586 573 59 49 50
540 787 44 43 75
664 259 57 50 57
655 329 60 55 80
528 113 58 43 46
603 346 47 44 76
680 321 56 55 56
628 768 58 58 73
545 536 41 58 53
614 11 56 57 66
520 353 45 45 41
531 617 44 59 77
622 459 46 49 60
690 297 59 43 48
632 349 42 58 49
575 46 49 46 70
595 519 60 51 58
506 855 41 54 66
699 480 57 51 75
552 381 56 55 65
527 710 44 48 48
561 401 54 58 47
640 454 51 50 49
607 546 57 57 57
686 497 55 60 49
533 87 46 56 57
541 99 57 57 49
502 666 43 44 71
522 514 53 44 75
609 866 58 42 76
660 228 48 58 50
570 20 50 44 47
656 608 49 56 58
576 824 56 57 51
588 344 56 49 41
550 830 47 59 68
612 493 43 60 52
508 191 54 46 73
672 383 50 47 77
696 696 59 43 68
672 705 59 46 55
578 724 60 49 59
622 824 55 41 75
671 403 53 41 79
675 459 52 49 67
583 835 41 47 60
613 860 45 47 62
538 796 50 58 49
610 241 57 48 60
522 614 59 49 65
608 66 60 46 46
564 27 51 52 56
538 186 47 60 64
556 760 52 54 51
607 187 53 50 67
534 676 42 49 64
559 89 57 59 42
614 346 49 57 52
669 50 44 42 55
606 693 45 48 66
685 851 45 54 56
608 463 54 44 49
578 597 44 47 77
527 149 52 44 44
517 419 60 50 63
573 350 60 50 70
680 414 41 55 66
673 276 59 51 50
575 114 49 43 64
502 193 51 60 80
600 560 50 45 46
580 213 52 43 43
648 588 46 50 70
698 646 56 53 53
633 75 48 42 62
531 11 55 60 47
571 558 48 49 48
616 164 48 55 70
609 413 55 44 65
632 427 54 50 61
650 10 49 45 69
694 371 51 46 61
602 494 52 44 52
665 401 49 54 42
539 491 57 55 73
513 181 50 55 75
515 258 56 59 44
688 815 44 54 68
516 693 50 58 74
500 161 56 41 41
612 224 48 45 72
671 237 55 58 61
623 698 45 57 70
677 494 52 41 78
689 871 50 41 64
651 772 52 46 75
678 435 51 44 69
518 223 45 59 65
508 172 48 56 70
622 867 59 56 53
541 624 48 52 62
638 462 59 46 45
691 379 48 57 71
657 317 59 58 42
546 828 47 51 80
670 460 54 57 50
684 37 60 44 46
675 444 54 46 50
693 337 57 52 80
505 395 42 49 60
554 76 48 56 69
675 552 50 47 78
634 551 56 45 57
536 636 49 52 59
679 479 59 47 56
644 677 52 45 75
684 344 42 51 77
549 520 57 58 74
612 593 47 44 72
627 730 58 56 66
693 94 52 46 78
511 544 41 43 52
528 329 45 59 64
523 227 41 53 45
507 853 57 49 48
683 774 51 60 49
635 845 44 48 63
673 625 53 54 50
535 716 42 46 71
549 622 49 48 71
647 827 49 58 42
667 612 55 57 74
577 147 56 51 41
603 105 42 48 60
510 559 45 48 46
510 760 46 60 44
677 650 57 41 64
546 766 60 54 72
580 687 59 47 47
632 351 58 56 59
525 187 45 50 61
623 667 59 51 64
664 551 57 51 55
520 346 46 51 56
530 566 50 41 52
672 371 41 59 70
518 473 51 52 54
561 36 46 44 73
631 113 54 58 56
664 838 56 48 53
520 604 54 45 50
500 626 53 47 70
629 217 60 54 50
590 84 42 47 57
518 541 59 59 67
671 546 41 46 53
700 87 54 49 59
569 328 60 46 60
700 473 52 60 53
531 303 45 44 68
615 716 55 51 75
625 81 50 59 76
551 482 48 44 51
674 625 60 60 45
658 175 57 60 53
674 805 43 50 72
542 341 52 53 60
544 882 42 41 71
692 850 57 51 41
684 355 56 47 74
626 776 53 46 77
562 35 48 57 47
596 618 44 42 46
518 559 56 58 47
637 383 58 53 75
573 20 42 60 79
677 295 42 44 73
563 544 59 44 43
589 95 50 47 50
546 118 54 48 53
541 585 57 42 54
590 792 60 43 72
697 166 58 54 78
673 137 53 47 53
572 6 57 47 50
610 700 49 54 53
647 494 42 43 45
591 451 53 49 50
563 521 51 55 58
526 161 42 59 52
560 120 50 54 64
666 241 58 48 53
627 844 48 43 76
611 840 42 58 60
691 823 45 41 76
620 746 56 42 49
500 618 47 47 47
587 89 43 55 71
506 851 53 52 48
562 808 50 50 62
691 91 55 46 73
581 6 57 45 45
695 199 50 43 68
560 451 51 46 66
567 704 56 54 68
597 669 60 50 53
614 847 53 47 68
507 317 46 57 55
646 850 53 56 62
578 283 59 54 44
602 862 45 48 48
606 242 57 49 54
605 351 52 50 44
575 192 45 56 71
577 883 58 60 42
593 750 49 49 57
686 8 45 52 42
525 150 44 43 59
675 873 58 41 43
505 631 48 46 55
511 65 48 54 49
657 756 53 56 45
653 168 53 45 41
684 834 49 51 41
545 847 46 51 77
548 264 43 41 52
594 10 51 54 73
661 110 49 50 58
587 202 51 60 66
560 581 49 49 75
513 25 41 45 76
650 331 57 49 45
640 835 55 57 66
574 691 42 51 43
682 334 58 44 49
518 97 43 43 47
692 741 54 41 78
533 624 48 43 46
567 788 52 56 71
569 178 41 58 44
582 765 59 53 54
540 91 53 46 55
551 419 48 54 45
692 814 53 58 62
617 758 57 53 69
619 337 50 55 53
674 732 50 46 48
668 655 59 48 56
682 806 49 47 78
547 847 54 47 80
582 422 50 46 64
695 301 50 60 73
665 33 57 42 77
655 154 43 43 58
688 453 49 57 55
678 567 57 43 44
514 445 48 55 44
618 192 51 59 63
638 135 56 43 54
689 636 51 54 62
546 344 56 60 59
533 268 50 54 65
650 93 43 49 69
626 26 46 52 80
578 322 44 60 73
576 781 41 49 66
549 830 56 50 63
588 325 57 56 67
575 751 59 51 61
676 54 51 57 53
531 350 47 41 64
677 225 48 43 42
643 340 47 48 76
550 806 53 59 55
562 768 55 58 52
516 468 52 56 49
522 403 42 53 62
649 317 47 51 63
521 799 55 60 69
677 610 41 59 68
564 35 52 48 42
522 705 50 45 78
646 516 48 41 55
551 718 60 56 59
681 884 50 51 50
635 187 49 49 73
667 714 51 58 76
600 182 60 54 67
572 599 51 50 51
651 138 48 52 50
652 808 58 47 47
590 706 56 55 78
529 427 58 57 45
608 102 57 47 52
591 134 44 51 55
545 689 50 50 59
648 775 55 49 75
574 593 57 60 46
597 75 58 60 42
594 505 59 52 65
690 759 42 56 63
686 482 54 44 79
577 605 49 60 66
656 563 51 44 45
603 346 46 56 53
602 517 55 58 73
663 310 54 56 56
695 185 57 43 52
573 110 50 41 58
656 785 57 42 41
512 390 45 59 52
694 370 60 60 67
599 115 52 48 73
635 823 50 50 43
561 66 54 48 70
628 18 53 57 42
651 420 43 45 42
659 209 41 49 52
551 805 46 49 60
633 430 44 51 72
604 143 47 57 47
531 872 60 57 71
623 647 46 47 48
693 321 42 52 64
594 508 53 44 44
556 416 43 60 74
562 863 51 55 69
677 657 49 59 50
660 661 51 49 66
620 54 41 55 57
587 466 50 48 70
602 539 43 47 69
504 636 55 48 63
687 772 57 60 56
624 83 46 47 58
581 465 50 42 73
566 370 51 54 77
516 156 51 58 79
616 690 44 56 79
569 148 49 42 58
603 455 53 41 78
513 384 48 43 71
633 299 55 50 50
549 541 52 46 79
583 47 58 51 73
557 119 41 53 74
520 409 42 41 56
662 383 45 52 73
629 41 45 60 51
526 705 47 49 56
590 89 42 53 53
533 700 46 42 64
557 404 55 47 44
545 779 49 49 52
561 502 53 56 70
664 514 52 43 64
585 572 45 45 45
535 859 55 58 53
618 425 56 53 76
679 799 54 59 57
680 63 41 50 75
522 686 59 59 49
536 749 49 48 79
532 439 53 59 45
612 262 50 51 58
578 470 43 41 68
588 497 47 41 68
592 214 56 47 42
595 511 43 42 72
519 560 45 59 79
584 632 59 41 53
522 48 59 42 48
560 194 44 57 69
655 703 47 49 53
697 39 41 53 67
700 429 56 58 54
501 383 53 60 52
530 267 51 54 72
529 4 42 45 58
605 193 53 57 77
507 512 47 51 73
508 258 55 48 56
537 675 44 54 49
604 703 58 59 71
546 685 48 49 78
618 574 42 41 52
661 725 49 59 68
502 198 47 41 65
564 538 50 45 75
510 232 46 51 74
619 647 60 42 55
540 14 47 55 68
556 43 49 56 50
642 257 46 47 57
662 134 52 41 49
635 113 51 42 42
675 828 59 41 43
664 208 49 46 55
679 278 47 55 75
518 873 54 53 68
537 873 42 51 66
693 272 45 50 69
643 759 46 49 52
621 610 59 51 74
556 16 41 53 67
587 413 42 54 70
520 209 51 44 66
632 715 53 46 66
580 289 59 59 47
639 682 51 50 71
637 120 59 56 78
578 178 43 55 74
539 502 48 48 79
592 308 47 45 50
539 679 55 57 76
700 737 55 58 73
659 255 58 42 65
551 467 42 55 76
583 153 51 59 62
625 679 50 49 64
696 604 45 42 59
638 281 51 43 44
680 615 54 45 44
690 382 50 57 79
610 78 51 51 66
687 555 54 51 69
553 881 49 58 65
506 49 43 53 75
614 485 47 54 71
651 457 46 49 60
679 358 54 56 76
586 75 60 59 68
677 648 52 57 63
611 325 59 58 75
534 548 48 54 65
532 18 45 56 67
527 579 46 44 69
515 516 58 44 71
548 405 42 60 52
537 591 47 56 65
625 76 41 53 47
519 800 51 48 62
604 137 41 46 74
524 640 42 59 59
657 641 54 43 73
621 91 42 42 72
502 245 52 49 68
664 489 47 56 42
657 122 52 55 41
655 451 59 46 54
676 809 51 51 80
649 855 45 48 80
583 838 60 50 80
611 281 59 44 41
614 196 55 55 68
656 73 56 47 70
672 402 46 57 41
550 71 59 60 50
688 431 49 45 50
667 198 41 59 73
672 255 60 50 57
507 558 46 48 48
617 23 45 56 59
668 32 46 57 52
687 762 48 57 43
504 457 60 52 55
664 560 50 56 73
547 180 42 50 47
664 596 49 44 54
599 266 47 56 60
524 567 50 60 45
663 202 58 43 78
610 59 42 54 78
606 543 42 48 70
577 845 52 50 41
699 25 59 45 68
525 316 49 42 75
550 435 50 57 63
541 611 42 50 42
588 336 56 48 55
634 575 55 59 42
612 740 52 60 72
668 438 52 50 46
523 320 48 42 70
646 194 45 43 54
660 415 49 57 75
647 564 58 58 46
691 862 53 52 77
581 856 50 49 74
512 581 60 49 75
628 365 52 56 72
678 872 47 53 75
567 617 44 45 53
551 814 46 45 63
580 171 51 43 51
533 696 60 52 49
546 37 50 47 50
562 12 54 46 60
691 625 49 57 55
656 566 49 48 51
539 332 48 60 43
617 415 52 47 73
556 405 45 52 80
626 862 58 46 68
646 606 43 57 73
566 285 52 43 76
507 299 56 45 71
548 458 60 52 75
558 299 59 50 67
589 673 59 43 51
599 89 46 41 45
510 124 59 53 74
654 687 43 59 47
557 86 41 41 62
599 753 52 57 76
595 503 55 50 69
667 613 43 59 74
616 384 46 54 63
629 427 52 56 60
663 672 52 60 65
531 214 53 45 64
679 9 43 47 68
508 198 42 48 79
628 676 47 43 67
617 358 54 59 64
626 198 50 42 77
516 882 57 49 65
681 640 45 58 80
562 176 52 58 79
506 629 54 47 55
517 647 47 59 55
638 60 42 60 75
526 310 54 48 71
572 674 46 59 41
632 22 46 45 42
515 94 42 44 41
554 864 44 55 44
574 70 49 57 61
625 389 41 43 80
573 500 51 57 57
608 13 45 43 66
614 353 42 53 79
647 590 47 60 47
685 614 44 41 48
659 4 55 51 78
524 536 49 41 74
677 264 42 52 55
590 325 43 57 74
671 432 58 44 79
532 196 50 54 73
573 637 56 48 51
649 445 50 47 68
629 308 49 57 73
629 469 43 49 50
659 804 42 53 67
603 818 48 48 77
610 669 58 52 61
629 384 41 60 61
624 137 42 47 65
520 305 58 41 67
612 126 60 47 72
509 835 41 53 58
609 671 49 56 77
555 671 54 52 58
550 191 51 44 62
652 548 60 41 58
525 324 58 58 47
608 244 51 54 80
618 720 52 47 43
620 867 41 56 44
601 305 59 60 72
697 33 59 48 52
619 72 52 57 62
621 566 43 57 49
566 779 53 49 69
692 32 50 52 62
502 826 56 50 50
664 388 58 41 58
520 631 53 50 49
614 844 59 55 49
518 704 51 48 58
666 496 56 43 61
524 428 42 47 54
595 296 52 57 75
692 79 47 46 47
556 589 44 55 64
618 23 50 43 80
573 350 42 45 46
692 784 52 48 41
572 101 48 47 76
640 561 47 52 54
645 8 47 51 71
534 270 43 49 71
528 54 49 52 43
519 575 47 42 45
507 15 43 48 69
627 761 48 52 77
621 402 43 44 54
555 369 43 47 42
564 622 41 49 76
639 234 60 57 42
660 831 60 54 46
529 473 45 56 75
545 152 53 52 64
510 498 43 44 74
589 601 57 44 43
650 542 41 56 51
513 167 42 44 54
603 164 53 52 54
530 816 59 41 41
575 831 43 57 48
677 39 52 43 53
690 326 56 45 46
669 404 48 43 78
620 419 59 52 58
539 452 59 47 58
570 307 46 44 47
568 536 42 54 74
625 180 52 41 66
517 780 46 42 41
501 702 60 47 47
584 696 58 55 46
653 176 55 53 53
590 22 60 58 41
590 715 52 53 58
687 488 43 56 70
549 652 41 53 51
541 53 55 45 71
551 122 43 57 55
631 767 50 46 58
683 595 49 52 72
589 857 48 54 51
674 418 60 47 52
542 149 58 55 62
633 700 45 46 78
653 274 51 50 64
567 581 42 48 67
597 496 48 46 50
636 233 46 51 52
655 529 49 50 62
525 441 48 58 55
534 201 48 55 60
517 564 50 55 71
535 365 53 50 42
582 669 47 53 71
591 336 47 47 66
532 796 46 47 43
589 383 42 55 70
654 563 55 58 77
625 767 53 57 68
559 523 42 45 78
514 812 59 46 59
677 309 59 54 67
606 580 60 60 47
628 856 54 41 57
551 395 52 53 43
627 852 44 50 59
671 701 52 42 69
611 236 47 51 60
618 2 42 47 45
555 583 50 57 73
607 881 50 54 49
615 395 59 58 53
577 188 56 43 64
672 788 47 54 63
649 839 51 58 64
540 838 53 51 76
567 804 56 58 65
514 633 57 58 68
636 502 53 42 73
671 783 56 48 53
682 558 52 59 64
524 74 51 44 73
522 306 41 42 53
681 155 59 41 58
655 478 45 60 61
693 185 50 51 42
684 435 45 43 75
584 260 47 48 61
563 382 51 55 57
649 36 46 56 53
643 18 57 41 59
655 514 50 41 63
571 406 45 46 64
598 366 60 59 74
678 458 42 58 43
697 760 49 52 56
519 102 44 60 43
609 279 59 45 71
678 104 50 46 62
618 119 44 58 59
648 309 50 58 42
674 264 48 53 46
600 584 50 52 57
645 487 49 44 68
572 702 44 46 63
642 130 58 53 45
536 65 59 51 48
700 250 46 59 57
682 236 60 55 78
543 235 44 48 42
685 547 48 46 70
545 238 60 46 58
648 619 58 42 73
577 532 50 49 80
663 264 46 47 74
576 576 43 50 70
600 790 43 52 42
516 835 55 54 74
529 35 53 47 45
671 173 43 43 59
551 566 60 54 56
696 814 50 43 43
632 74 46 57 66
668 393 50 41 65
516 777 44 54 43
610 507 43 59 63
513 314 47 48 53
609 133 43 54 75
635 218 44 44 75
602 877 60 45 66
673 72 47 59 68
589 685 50 43 68
665 349 53 53 51
637 246 57 57 43
566 769 55 51 60
697 355 43 42 74
558 355 41 50 68
531 159 41 42 60
648 451 46 43 58
598 40 49 50 65
573 451 44 42 68
679 279 56 51 47
587 730 52 45 75
558 612 58 42 54
545 284 45 43 62
670 861 46 53 80
614 657 51 44 70
575 209 52 48 45
530 66 44 51 60
638 882 53 52 52
510 117 60 47 70
588 338 58 49 41
520 227 51 44 80
501 608 60 47 59
697 313 53 50 77
610 652 48 59 80
633 210 41 49 64
582 204 60 51 79
664 825 47 44 58
509 299 49 44 49
611 8 60 43 41
527 843 60 55 56
596 184 49 57 76
574 434 60 58 75
628 883 46 53 75
554 30 45 41 58
665 321 49 49 71
507 10 54 56 42
616 699 55 47 51
672 16 55 49 62
694 366 48 49 43
523 56 60 59 80
609 377 43 43 54
696 202 47 48 74
621 765 46 42 45
515 187 60 50 54
590 114 43 46 42
576 869 47 53 77
600 126 52 45 54
543 718 43 53 53
534 800 58 49 79
624 678 49 48 59
558 590 41 51 64
669 775 42 41 69
697 14 48 57 51
615 425 56 59 57
579 826 56 43 56
593 311 57 45 64
605 612 43 44 60
696 713 47 57 69
685 492 43 56 46
665 86 42 52 60
617 664 52 55 63
663 49 55 55 69
638 415 42 48 48
642 789 45 43 52
670 300 42 41 47
537 863 48 46 58
685 289 51 60 69
666 721 54 55 66
662 797 46 42 72
535 639 49 43 64
679 330 57 46 62
538 671 44 59 66
617 563 53 49 41
572 831 43 57 77
691 815 53 47 80
594 840 49 48 77
683 446 46 55 80
540 231 45 49 75
514 349 57 45 45
534 505 55 54 64
516 692 48 53 72
519 327 45 41 75
593 387 41 43 56
635 731 42 56 41
597 636 41 58 71
624 4 45 44 65
556 491 56 60 64
633 203 53 48 62
554 354 54 42 67
615 124 48 46 77
673 5 46 54 61
622 153 46 52 49
592 555 47 43 51
669 738 60 51 61
660 830 44 57 78
694 825 42 57 75
505 739 60 58 50
665 210 47 46 68
633 73 49 53 52
584 434 42 54 43
601 334 57 53 79
522 327 55 43 54
508 866 42 49 72
637 824 45 54 68
665 310 50 49 41
546 377 59 43 60
650 71 54 50 63
695 595 54 48 80
503 662 46 46 46
603 59 51 52 62
587 675 46 52 47
532 390 58 51 76
575 167 55 52 51
697 585 55 41 73
638 549 55 47 42
649 190 47 57 58
686 598 48 49 70
634 527 52 49 54
635 800 53 46 80
622 809 52 48 76
539 802 43 57 72
587 26 43 51 52
515 463 49 52 50
664 652 58 44 44
614 740 54 51 71
513 555 44 58 67
525 775 41 60 49
639 363 48 46 45
699 274 44 52 73
522 541 48 46 46
604 761 48 60 62
587 865 54 58 44
666 150 49 46 76
550 58 48 50 44
649 74 53 50 67
514 406 43 44 56
517 459 43 50 57
611 98 47 43 43
651 232 60 44 80
666 786 57 48 67
633 786 45 60 62
524 143 42 55 58
574 448 51 42 56
512 376 51 56 68
677 722 53 50 67
544 242 49 43 64
582 608 56 50 42
629 296 55 48 67
522 658 46 44 62
518 295 45 55 54
601 431 43 52 60
655 124 58 41 56
698 514 57 46 80
637 769 41 42 45
514 559 52 47 75
500 253 53 55 80
588 260 49 43 65
616 836 55 58 77
691 735 60 60 78
547 845 45 48 76
590 116 42 54 80
654 797 45 50 76
566 153 48 57 48
570 651 43 57 79
660 328 46 56 59
568 4 57 60 62
699 713 43 58 69
530 346 53 49 52
639 681 59 53 53
660 403 55 51 47
576 105 56 41 77
508 737 46 42 66
557 721 49 48 46
611 666 41 49 58
661 827 52 44 45
541 655 54 56 77
572 751 52 42 53
676 410 49 47 61
665 841 43 42 76
676 281 57 45 41
591 310 47 58 65
615 872 51 41 75
510 305 47 42 65
672 381 50 50 69
695 91 48 52 62
675 436 45 49 69
611 695 58 51 66
604 26 48 41 65
560 446 44 47 60
590 93 44 51 53
647 179 56 57 64
602 553 46 47 78
525 826 47 41 74
575 230 57 59 41
673 538 52 52 46
525 535 48 49 57
553 661 44 51 72
532 478 50 52 64
579 430 57 44 42
573 760 57 44 67
677 299 42 58 58
520 527 59 53 76
693 883 41 45 67
503 863 47 49 72
695 388 43 50 65
535 616 57 51 60
591 215 42 54 41
547 555 42 44 49
620 882 43 41 76
618 442 46 41 43
600 670 57 53 59
652 475 58 52 48
627 221 59 51 69
531 220 43 44 74
595 587 43 53 50
564 390 54 57 79
522 382 44 49 71
500 387 47 54 71
693 678 60 60 67
626 635 42 58 77
541 813 42 48 68
663 504 48 59 41
572 613 59 44 67
696 392 59 49 78
606 18 45 45 67
502 772 52 51 57
543 639 44 45 76
655 578 45 45 78
518 761 59 51 47
558 163 42 58 54
636 7 49 49 52
669 588 58 50 57
596 408 41 53 75
539 714 56 43 52
637 486 56 44 70
626 202 43 53 58
569 71 55 42 75
600 820 42 44 58
557 762 59 55 48
635 721 53 56 77
688 531 51 55 53
670 526 48 49 55
640 339 49 52 52
571 695 49 46 51
611 680 57 51 76
645 382 44 51 63
648 404 48 44 67
639 396 44 44 42
656 577 54 50 78
687 134 59 55 72
654 260 49 58 44
618 32 51 50 46
595 274 41 48 76
689 117 47 59 43
537 507 48 44 67
669 460 60 44 56
525 579 47 42 80
642 658 47 60 65
671 568 50 44 61
635 536 43 50 49
618 872 42 44 76
623 20 42 56 68
695 39 48 52 41
650 329 43 59 74
696 250 43 45 78
502 827 48 43 77
583 306 44 54 57
624 287 59 43 67
589 341 49 56 55
513 733 56 45 41
622 744 60 55 55
566 529 49 48 78
567 227 51 47 75
595 344 56 55 68
614 794 48 48 51
655 803 59 54 79
622 596 47 46 60
