858
253 63 92 43 4
1000
-776 661 38 45 74
-772 716 51 42 79
-856 308 56 52 71
-765 333 51 48 59
-775 456 50 39 72
-854 0 50 44 77
-721 127 55 49 55
-869 262 45 45 89
-735 158 47 60 57
-836 519 50 53 53
-701 89 59 58 51
-736 353 51 44 78
-760 8 40 39 87
-881 737 37 52 61
-809 255 59 55 53
-886 640 50 46 69
-872 233 55 48 88
-822 307 46 55 62
-786 476 48 46 85
-859 283 47 53 72
-760 737 36 42 73
-713 494 37 44 90
-754 692 56 40 69
-802 429 59 49 53
-717 686 60 38 72
-804 348 41 39 72
-722 540 43 38 62
-898 586 57 43 83
-782 83 49 57 87
-877 442 55 43 79
-748 593 51 58 64
-890 306 39 52 67
-726 709 57 53 60
-771 76 57 52 53
-806 478 60 54 64
-900 224 43 38 68
-718 738 36 58 70
-780 32 59 53 67
-779 190 50 36 51
-711 218 47 44 71
-735 441 50 46 59
-864 437 43 59 55
-754 264 41 53 55
-776 308 48 51 67
-831 729 43 53 77
-729 716 55 51 53
-712 311 45 39 89
-843 516 38 49 85
-717 205 59 44 60
-861 600 57 47 58
-705 378 39 42 90
-822 334 51 51 88
-720 13 52 37 53
-838 682 37 57 86
-877 280 54 58 51
-713 644 39 56 85
-782 66 48 39 65
-788 166 58 38 85
-722 320 43 39 72
-759 499 52 47 79
-786 60 48 51 57
-813 97 47 38 82
-773 720 47 39 81
-773 2 40 41 86
-725 168 48 48 61
-729 272 36 44 89
-852 623 44 58 69
-785 296 60 49 61
-882 243 37 59 69
-858 241 38 42 79
-863 96 60 37 56
-755 19 60 38 57
-714 182 36 60 56
-800 287 42 53 79
-846 62 55 42 52
-855 153 55 52 57
-815 413 53 42 57
-820 377 42 58 83
-811 223 42 52 68
-811 705 38 59 76
-751 493 48 37 88
-782 111 38 48 77
-897 39 42 40 51
-765 330 46 55 59
-894 108 50 46 85
-842 740 57 44 58
-768 45 56 46 68
-730 122 58 38 52
-769 429 38 48 71
-880 239 52 44 66
-704 729 53 45 84
-756 640 45 45 79
-783 133 38 49 76
-885 349 37 59 85
-839 634 49 54 59
-754 249 47 57 65
-736 208 43 56 90
-801 641 45 58 61
-725 416 56 41 80
-750 261 38 37 74
-741 235 53 44 90
-737 60 46 41 83
-882 476 51 59 75
-810 330 49 44 69
-756 401 53 46 69
-876 60 55 52 57
-705 116 56 60 60
-829 512 41 41 59
-863 344 48 45 63
-899 456 50 60 84
-825 395 43 37 81
-713 260 47 58 84
-783 104 48 44 74
-704 318 55 44 51
-878 512 60 50 54
-898 186 50 54 60
-809 700 48 39 60
-849 315 47 36 73
-815 525 39 38 54
-790 682 41 45 69
-741 294 49 43 72
-889 112 50 45 58
-808 284 58 54 54
-793 59 56 38 86
-741 495 49 37 59
-721 736 49 57 77
-791 289 41 40 82
-816 111 47 59 63
-739 15 44 44 77
-888 420 40 46 70
-791 126 39 59 79
-721 57 46 47 64
-824 465 55 53 81
-717 748 56 55 62
-900 536 52 56 88
-753 87 41 56 85
-740 63 51 47 87
-829 654 37 48 65
-862 117 43 39 85
-701 750 44 48 63
-711 680 38 59 52
-866 576 60 37 67
-867 716 54 57 86
-840 355 42 57 58
-702 335 46 43 60
-759 434 48 39 56
-871 98 43 46 62
-897 163 53 47 86
-738 657 52 53 87
-731 429 60 52 79
-802 704 44 40 67
-725 703 60 59 69
-857 258 47 53 71
-829 285 52 45 75
-801 609 59 55 75
-746 440 48 44 64
-714 311 57 47 67
-836 721 45 47 69
-803 681 49 54 73
-809 454 49 47 53
-727 518 42 59 68
-740 215 52 55 72
-717 493 43 40 78
-873 8 49 38 65
-749 73 42 39 53
-742 96 60 59 89
-805 438 42 40 90
-729 418 60 45 62
-723 443 38 45 72
-762 547 47 53 51
-725 303 52 37 82
-876 630 41 56 80
-841 77 45 56 68
-796 517 57 52 77
-819 35 59 41 69
-753 353 38 45 66
-840 554 39 58 60
-824 61 37 49 64
-837 15 46 57 88
-708 328 58 43 71
-731 359 59 54 73
-801 259 39 59 73
-855 413 47 41 64
-871 362 45 58 88
-799 0 54 45 56
-801 477 55 53 79
-881 715 60 36 54
-791 665 58 55 81
-739 429 37 37 87
-784 416 49 46 57
-787 399 55 45 85
-739 603 44 60 79
-795 244 36 39 57
-868 134 47 42 55
-841 75 57 36 79
-836 595 40 47 83
-884 557 59 57 74
-736 694 53 53 82
-800 418 49 60 55
-705 311 36 52 75
-896 630 39 56 70
-801 270 59 37 83
-739 408 54 56 56
-804 504 45 60 51
-764 255 56 51 82
-799 190 47 44 53
-762 451 53 55 51
-899 578 57 38 63
-868 43 52 60 52
-860 642 60 53 63
-788 166 47 49 86
-856 675 46 51 51
-713 529 53 57 55
-783 96 57 36 90
-900 34 48 38 89
-813 9 48 56 57
-829 393 40 56 63
-723 735 58 57 59
-784 67 58 60 75
-872 19 50 60 62
-889 195 46 41 76
-704 622 46 50 86
-847 673 59 45 74
-741 224 37 51 57
-779 235 60 48 58
-742 587 41 48 79
-846 723 51 51 80
-736 352 38 43 64
-735 722 36 41 85
-807 218 56 39 77
-745 277 40 53 89
-806 255 54 51 73
-784 70 40 57 51
-842 712 41 60 76
-861 459 52 55 58
-861 306 38 36 74
-878 108 46 55 75
-777 45 39 50 55
-861 360 42 39 84
-888 69 56 48 78
-884 11 57 42 66
-719 67 39 53 65
-704 264 44 60 62
-702 398 45 57 60
-755 386 54 54 60
-789 581 59 48 71
-862 718 55 40 81
-804 446 57 49 61
-814 758 46 49 80
-788 696 38 58 83
-820 296 39 38 54
-774 753 41 37 73
-738 508 44 47 85
-796 41 38 39 79
-785 434 43 46 59
-760 484 58 55 70
-891 678 47 49 74
-809 429 58 39 59
-789 494 50 56 76
-894 614 58 39 78
-725 178 48 56 66
-877 516 57 43 85
-786 473 49 55 85
-900 578 49 37 84
-888 101 57 54 77
-702 356 56 50 68
-812 298 40 38 52
-720 118 45 55 59
-853 140 38 47 74
-762 447 38 54 64
-867 596 44 55 59
-871 26 46 41 82
-770 426 50 42 80
-767 661 49 53 74
-734 59 37 51 51
-825 159 39 52 71
-748 591 47 48 61
-705 716 50 56 67
-785 302 54 49 78
-712 214 44 55 87
-733 123 55 47 63
-708 510 47 43 51
-801 706 47 59 84
-743 222 37 53 64
-748 629 60 41 71
-815 240 56 56 72
-900 286 51 57 54
-773 149 46 43 59
-887 19 58 51 52
-752 356 38 41 89
-794 105 58 58 79
-796 381 56 60 80
-790 470 49 37 52
-784 55 54 53 78
-826 156 43 58 54
-718 91 47 44 63
-866 115 58 51 78
-814 267 51 47 69
-763 179 37 36 82
-756 445 37 44 88
-777 250 60 57 60
-869 144 36 57 67
-722 159 52 49 77
-746 286 37 44 64
-843 563 42 39 84
-815 368 40 51 69
-806 546 53 39 66
-895 57 46 51 57
-864 211 54 47 54
-790 42 58 43 82
-883 198 59 44 66
-700 704 57 55 84
-815 718 52 37 80
-885 330 55 37 63
-898 588 60 42 72
-868 187 44 40 85
-890 658 52 37 86
-862 106 51 48 70
-833 648 36 36 61
-811 755 41 42 67
-701 713 57 58 62
-705 723 53 43 67
-789 262 39 56 86
-739 660 44 42 59
-706 751 48 41 88
-762 445 40 59 69
-830 755 51 51 58
-723 40 50 37 79
-891 311 40 54 68
-858 92 45 60 77
-781 100 58 51 73
-744 21 45 60 63
-843 254 55 47 60
-862 427 54 53 77
-829 234 56 54 62
-751 327 37 49 52
-784 33 60 42 65
-768 539 51 55 88
-753 737 55 57 62
-858 597 50 49 85
-808 231 56 56 58
-738 721 46 45 65
-813 148 54 44 66
-786 337 48 36 88
-786 274 36 51 79
-722 279 51 37 67
-747 647 47 38 54
-842 531 46 53 86
-705 442 58 40 53
-891 0 43 38 77
-759 263 60 58 61
-828 38 40 39 67
-755 592 36 45 51
-822 305 46 45 55
-711 310 42 44 84
-742 254 40 40 65
-707 630 37 38 81
-736 535 54 59 53
-736 10 44 40 59
-859 121 39 51 88
-717 169 36 48 57
-806 532 56 39 62
-813 376 50 54 83
-841 417 39 51 59
-838 571 40 36 87
-796 727 47 50 81
-870 74 44 57 90
-738 542 40 38 58
-797 134 58 59 58
-798 22 57 54 77
-770 463 59 43 75
-784 123 42 54 79
-769 756 52 44 77
-800 446 50 47 68
-885 41 58 55 65
-868 363 44 52 71
-764 660 40 50 88
-821 194 36 48 83
-835 367 58 36 67
-848 545 55 53 87
-811 381 50 53 56
-857 306 47 44 63
-783 358 57 44 65
-770 682 42 45 71
-874 574 38 52 86
-890 435 36 44 55
-705 336 46 38 77
-719 613 53 55 87
-866 336 58 53 52
-752 300 57 46 90
-833 88 58 53 78
-801 638 50 55 61
-720 556 36 50 51
-847 292 38 49 61
-832 280 44 50 71
-706 3 36 39 57
-882 611 54 50 56
-771 238 44 48 60
-850 674 39 52 53
-840 709 52 49 53
-708 228 55 49 77
-811 123 40 39 89
-725 688 46 36 69
-857 721 36 39 51
-857 456 49 44 52
-770 95 37 58 69
-891 89 40 39 61
-747 412 47 55 76
-765 351 42 51 87
-751 227 56 60 66
-825 298 60 56 74
-826 127 44 40 74
-718 254 47 49 76
-886 288 56 60 59
-867 319 48 56 87
-784 84 59 44 83
-842 758 46 48 85
-854 50 38 60 88
-794 439 39 36 54
-889 123 41 52 66
-717 468 45 47 84
-824 304 38 43 57
-806 305 54 55 87
-792 247 42 52 51
-731 646 43 59 60
-766 606 53 42 70
-772 607 47 53 70
-868 593 50 43 75
-809 262 45 48 60
-851 241 60 59 57
-785 137 45 52 66
-714 416 39 52 66
-888 143 46 50 77
-853 509 60 38 73
-852 325 42 53 57
-841 719 47 60 85
-828 73 47 52 67
-874 296 49 43 82
-820 293 57 46 88
-718 686 37 49 76
-896 436 41 50 89
-809 574 56 47 78
-763 619 56 52 79
-806 628 40 52 68
-815 611 51 36 77
-829 723 42 56 74
-719 445 48 40 81
-888 143 59 49 90
-759 650 52 38 51
-841 603 49 58 55
-786 13 37 46 65
-783 306 59 39 69
-755 168 58 58 86
-810 325 41 60 53
-897 74 48 43 74
-822 293 41 59 86
-759 223 44 58 74
-867 430 60 43 77
-776 363 60 55 62
-810 261 49 38 62
-799 334 60 49 62
-811 83 41 44 84
-858 277 45 52 54
-778 143 52 46 76
-815 76 54 37 78
-808 174 47 49 71
-900 507 55 47 90
-784 732 53 38 82
-865 757 57 44 61
-837 466 55 55 71
-897 26 36 40 63
-891 213 43 41 58
-759 539 57 37 64
-767 377 60 37 57
-789 68 51 58 78
-778 141 47 50 74
-754 4 53 52 78
-749 436 58 58 74
-821 434 43 45 84
-816 525 54 58 81
-883 749 45 49 76
-732 259 36 50 70
-859 673 41 46 61
-897 25 54 45 68
-862 259 48 38 62
-802 721 51 42 75
-772 197 42 48 58
-848 340 57 60 73
-804 255 56 41 80
-788 64 55 46 54
-828 140 55 39 58
-718 433 45 50 63
-767 738 46 43 67
-740 147 39 53 58
-880 466 40 44 69
-769 246 39 37 88
-865 692 37 43 52
-729 621 54 41 72
-705 57 60 60 60
-747 509 47 48 52
-783 44 58 55 79
-740 123 41 48 79
-894 127 36 59 54
-785 415 58 52 51
-754 600 39 40 89
-842 542 58 50 57
-860 14 36 37 76
-723 317 39 42 63
-859 178 60 41 76
-734 644 51 45 87
-706 231 39 59 68
-843 567 52 43 59
-777 340 42 59 68
-894 315 51 38 82
-727 445 53 44 67
-732 93 57 51 67
-860 515 59 53 78
-859 274 47 37 86
-825 541 47 54 76
-754 365 39 40 73
-704 100 36 53 82
-873 163 51 56 61
-747 552 41 38 54
-850 501 45 48 57
-830 461 57 41 62
-725 191 45 54 78
-709 673 43 53 75
-808 355 49 39 74
-891 116 42 51 83
-771 222 41 52 88
-745 2 54 52 76
-870 299 46 37 89
-895 551 48 54 68
-764 724 42 53 86
-733 391 40 56 64
-869 88 48 49 75
-835 417 37 58 72
-761 350 38 42 64
-785 194 43 47 68
-837 455 59 45 79
-786 523 51 53 74
-889 348 48 40 67
-831 564 59 51 85
-769 157 38 40 85
-899 113 42 45 79
-750 595 47 41 71
-794 106 57 56 72
-887 103 46 42 86
-856 53 49 49 77
-838 50 44 58 59
-722 455 52 39 84
-756 729 45 54 66
-734 725 59 54 67
-773 233 57 36 70
-775 628 40 45 79
-844 474 48 50 56
-797 594 38 45 52
-884 297 53 48 68
-791 450 54 47 68
-875 29 48 42 77
-822 431 44 51 78
-846 566 48 39 51
-833 567 55 37 52
-713 533 51 57 84
-748 539 38 36 72
-766 569 48 37 73
-857 143 50 42 74
-704 671 57 39 78
-811 159 48 52 66
-900 169 38 43 83
-727 614 47 41 58
-763 255 49 40 86
-795 314 57 44 84
-864 283 48 52 85
-794 115 52 56 90
-739 336 54 58 67
-728 721 45 50 65
-725 46 47 37 64
-725 606 45 47 81
-742 587 57 40 66
-800 177 39 49 69
-724 114 43 54 69
-778 215 54 56 62
-845 57 53 46 79
-717 86 39 50 65
-712 282 60 56 61
-818 587 57 58 55
-776 168 56 43 64
-884 478 39 59 89
-738 99 51 58 65
-885 355 36 38 67
-839 600 48 54 70
-865 494 50 49 59
-787 670 37 58 68
-808 34 41 60 90
-846 281 52 56 65
-880 650 42 53 73
-845 532 42 60 67
-822 380 46 58 81
-799 563 55 42 87
-809 315 41 42 65
-860 490 52 60 86
-814 3 48 52 58
-715 732 46 56 80
-738 337 47 38 80
-757 541 42 60 70
-704 717 60 59 80
-726 250 40 45 88
-702 102 55 59 62
-815 558 42 37 67
-862 520 37 41 74
-887 27 51 59 58
-838 584 37 36 66
-721 83 41 38 72
-740 475 44 53 53
-868 569 45 47 53
-760 96 46 54 63
-833 93 51 60 77
-782 137 36 45 61
-892 543 45 43 85
-747 268 53 55 72
-835 169 50 43 80
-873 244 52 44 53
-709 345 51 50 73
-767 393 36 45 53
-836 24 59 59 73
-778 582 41 37 90
-740 537 54 60 68
-883 690 37 38 56
-745 581 58 39 81
-790 390 41 54 78
-752 674 39 60 66
-726 600 46 54 82
-779 567 52 41 61
-759 350 57 48 89
-714 532 39 57 73
-800 240 42 51 55
-805 412 39 51 76
-896 260 37 41 67
-792 484 59 45 65
-836 655 40 57 66
-834 319 37 53 75
-814 254 44 36 69
-839 479 58 45 57
-728 45 60 42 57
-816 344 60 56 57
-845 556 49 53 63
-710 38 60 51 88
-896 192 52 57 81
-848 312 60 48 84
-768 220 49 40 82
-839 46 48 47 76
-747 754 52 42 53
-752 723 55 53 62
-815 354 46 57 62
-783 708 52 56 73
-729 50 58 46 88
-730 0 49 59 61
-791 750 44 37 86
-777 688 48 44 90
-792 274 57 56 52
-748 376 55 47 53
-874 661 44 60 88
-766 357 36 59 61
-896 326 47 47 58
-725 140 39 39 76
-899 150 48 37 66
-758 464 56 52 62
-708 497 56 42 72
-790 263 59 42 67
-729 617 46 50 87
-866 145 38 54 82
-784 501 59 45 89
-845 159 44 55 75
-827 300 37 59 64
-817 534 53 56 85
-855 639 36 59 86
-720 562 60 39 83
-727 144 46 47 86
-809 297 43 51 75
-784 701 56 37 75
-779 724 39 39 60
-802 342 58 48 60
-825 191 44 57 71
-829 401 44 38 69
-704 117 36 55 70
-816 165 58 54 73
-816 457 44 41 51
-836 691 47 45 64
-876 529 53 45 59
-710 590 46 44 76
-861 327 52 44 69
-844 583 60 50 87
-790 182 57 37 86
-830 353 44 57 58
-856 177 45 37 90
-892 746 54 45 59
-720 156 45 59 71
-842 215 44 53 57
-813 478 36 36 57
-744 274 49 58 69
-795 236 37 46 85
-860 65 58 44 56
-850 224 52 57 70
-771 675 39 51 63
-804 203 50 50 73
-741 76 56 44 54
-899 200 59 47 65
-756 625 53 52 76
-741 117 47 45 51
-816 746 47 55 78
-762 434 57 54 83
-844 319 39 45 81
-757 180 58 51 74
-832 314 60 42 54
-826 584 42 60 68
-878 702 54 44 60
-733 138 55 42 69
-801 403 44 54 84
-792 289 37 56 59
-834 315 59 50 58
-760 464 40 50 88
-779 112 46 60 71
-877 757 54 53 83
-738 754 55 51 61
-728 385 51 37 78
-764 210 49 58 79
-858 241 58 41 54
-797 529 40 43 83
-703 82 49 47 82
-826 239 48 39 83
-734 214 54 43 88
-729 404 45 39 90
-823 539 41 49 81
-730 580 59 37 73
-745 551 58 43 90
-834 113 44 39 72
-700 554 51 42 63
-775 445 56 58 51
-721 611 59 37 90
-841 712 56 49 72
-861 610 37 39 51
-816 193 60 42 69
-728 221 51 59 83
-829 290 45 43 79
-796 57 51 54 58
-809 498 57 50 52
-723 310 57 54 54
-800 224 54 49 61
-756 607 53 48 62
-859 34 50 58 73
-708 458 47 38 85
-731 96 56 46 80
-805 529 47 59 65
-733 308 46 38 68
-778 435 38 36 55
-737 386 59 51 59
-842 727 50 60 89
-728 50 49 59 68
-753 22 47 58 76
-864 302 56 48 68
-868 221 51 36 64
-745 70 57 43 51
-708 686 47 40 54
-752 579 52 57 76
-857 443 39 49 56
-830 609 53 54 71
-850 247 45 46 66
-835 320 46 60 72
-707 734 55 43 82
-787 398 39 52 60
-741 387 47 48 90
-878 758 49 47 61
-861 719 51 47 90
-840 548 45 49 78
-720 275 47 45 89
-731 215 39 47 89
-785 728 60 47 88
-734 580 56 58 83
-885 752 47 40 73
-729 681 42 49 53
-734 266 44 43 77
-873 527 36 53 61
-721 220 59 42 60
-786 680 42 37 71
-860 112 38 36 88
-749 757 40 47 70
-804 742 44 51 77
-858 221 54 51 52
-710 92 43 55 67
-883 75 58 45 69
-733 338 40 45 81
-880 632 54 43 84
-897 680 38 54 79
-730 510 44 57 61
-824 686 59 46 87
-776 654 58 37 62
-846 127 36 60 80
-880 721 59 49 70
-732 107 36 40 73
-757 635 42 58 59
-865 290 58 46 78
-875 461 59 52 84
-819 421 58 39 71
-772 584 41 42 80
-701 353 41 54 90
-720 220 38 59 84
-732 657 48 36 62
-893 71 48 55 67
-758 411 38 36 64
-886 45 46 53 77
-727 332 60 52 89
-893 435 38 43 63
-808 313 43 50 79
-740 139 48 54 60
-850 341 53 36 84
-768 454 45 47 51
-833 499 37 43 66
-797 640 40 51 81
-782 299 45 39 57
-852 319 49 48 69
-839 721 45 43 73
-897 317 56 37 77
-882 737 40 39 57
-734 159 36 58 61
-713 130 48 56 65
-700 726 41 59 54
-865 486 54 56 64
-742 105 39 52 69
-772 622 41 56 61
-789 367 43 47 57
-719 60 50 56 60
-802 461 41 41 69
-796 82 56 42 63
-706 514 46 46 79
-764 672 49 54 75
-767 739 49 50 52
-887 370 55 50 55
-769 232 54 60 60
-869 165 51 52 81
-882 123 52 50 57
-773 103 41 54 70
-868 377 41 55 88
-830 221 38 53 75
-872 24 38 56 80
-802 232 42 59 87
-874 110 46 55 57
-840 534 41 37 82
-720 666 36 37 64
-862 369 54 58 51
-872 727 44 51 81
-860 698 38 38 87
-842 309 50 57 90
-866 673 59 50 55
-821 513 41 55 90
-741 737 37 56 55
-738 401 58 46 61
-835 402 40 57 76
-719 506 39 42 88
-884 398 41 53 67
-745 607 53 58 61
-850 551 49 43 58
-731 689 45 39 86
-872 570 36 59 79
-724 614 49 56 58
-893 703 51 49 89
-771 29 44 37 73
-812 726 38 60 76
-773 58 55 36 69
-848 714 48 37 85
-826 13 45 57 65
-752 304 37 55 68
-730 680 52 37 71
-828 247 54 52 78
-838 633 60 44 56
-766 306 57 54 73
-866 436 60 53 51
-747 123 49 53 57
-834 445 50 54 90
-837 339 41 49 74
-734 393 49 60 58
-879 584 39 60 79
-735 182 43 41 74
-865 434 37 36 84
-778 490 59 39 78
-756 669 49 36 63
-892 661 36 39 62
-809 192 56 37 88
-789 251 57 52 86
-889 329 52 52 58
-868 644 57 43 73
-795 7 42 39 54
-711 97 52 39 89
-800 405 43 37 59
-893 57 46 37 63
-809 227 46 43 85
-771 676 58 59 63
-778 558 55 57 88
-777 487 60 56 79
-706 225 42 48 85
-881 408 40 45 89
-856 15 42 40 81
-891 604 56 56 73
-837 675 46 51 84
-900 281 46 44 57
-778 301 47 48 52
-704 116 55 52 79
-846 440 60 39 81
-745 665 59 38 53
-823 653 51 46 82
-900 450 56 41 73
-873 190 43 38 64
-872 521 40 50 54
-706 395 47 55 58
-839 135 47 58 81
-708 196 39 56 58
-806 382 45 37 69
-830 694 39 42 56
-757 235 54 45 70
-711 608 50 42 72
-798 612 37 54 70
-880 752 51 42 88
-829 226 41 43 69
-752 262 60 59 52
-791 249 36 43 53
-809 584 52 46 53
-798 179 53 50 65
-836 557 42 43 51
-807 193 37 56 86
-710 275 53 55 72
-766 594 55 40 68
-767 205 45 60 74
-900 560 46 55 82
-749 106 57 56 87
-712 572 56 36 62
-800 727 42 36 68
-830 46 53 46 75
-897 646 60 43 59
-702 2 39 39 51
-722 743 39 39 78
-711 753 51 54 65
-759 334 43 57 70
-770 751 49 59 83
-706 611 59 51 71
-759 42 39 45 70
-855 266 38 46 87
-747 756 37 54 81
-706 464 53 60 55
-766 317 59 51 68
-838 618 48 44 83
-741 677 38 40 69
-801 150 48 46 90
-704 566 41 39 72
-731 28 40 53 90
-786 252 56 53 70
-891 149 59 36 73
-807 460 40 38 54
-820 305 37 50 59
-793 673 51 53 80
-763 601 53 54 85
-744 259 49 36 84
-785 698 59 43 60
-870 178 52 49 68
-858 731 36 39 56
-881 375 55 51 68
-900 279 49 49 74
-844 451 51 45 85
-834 254 37 49 90
-844 359 47 37 57
-883 322 38 36 89
-743 672 51 41 72
-714 187 55 57 52
-899 495 57 39 52
-716 336 42 49 72
-809 343 54 55 51
-881 567 45 41 84
-724 83 42 39 63
-896 476 39 57 76
-746 345 38 55 55
-746 603 58 41 86
-788 57 51 37 79
-703 590 56 59 54
-822 667 38 45 65
-846 115 37 60 67
-755 321 49 41 63
-763 110 46 57 76
-724 431 40 49 90
-753 542 44 53 89
-879 169 40 52 64
-746 308 59 50 73
-869 391 38 37 79
-869 352 52 43 78
-856 596 43 44 78
-802 730 43 44 90
-890 241 46 40 68
-894 57 36 51 73
-713 680 55 36 68
-784 419 43 45 62
-868 741 44 50 82
-871 46 57 37 79
