742
588 89 63 76 10
1000
511 135 45 41 62
615 74 42 39 87
654 475 60 45 74
695 517 53 55 64
685 185 43 57 85
517 555 49 58 60
682 96 47 40 71
623 429 51 46 63
506 355 42 37 51
614 277 47 37 62
513 194 50 40 85
517 509 53 60 73
584 625 46 39 66
530 312 53 43 49
512 316 41 39 84
647 589 57 49 61
627 150 48 41 47
613 399 56 56 46
618 403 42 39 81
623 409 42 59 87
504 250 44 38 45
510 366 56 46 82
629 477 45 57 58
674 412 44 60 78
594 449 37 39 88
657 443 44 41 79
668 640 45 42 50
502 273 53 37 72
633 637 57 37 84
529 398 41 53 73
576 3 54 39 73
639 632 51 53 75
569 149 59 56 73
521 136 46 46 78
676 373 48 49 80
650 332 44 52 56
624 627 41 37 66
687 269 36 46 53
622 286 58 58 81
660 514 55 53 59
586 331 58 51 82
511 520 55 45 84
524 444 48 52 74
512 279 55 54 82
637 216 38 58 59
660 357 56 44 61
563 548 41 36 51
652 642 42 50 88
665 340 46 37 50
536 246 41 54 75
635 223 56 50 55
688 619 41 59 74
554 427 37 54 59
545 357 60 52 81
575 177 52 54 88
579 565 48 47 88
591 182 44 55 75
567 564 56 41 81
600 292 37 49 80
537 65 40 38 74
677 31 41 42 68
599 435 40 46 46
681 59 56 45 45
681 79 47 38 83
654 215 38 58 65
627 474 47 48 82
542 199 57 46 83
588 423 59 39 80
689 126 37 49 75
522 55 43 47 83
675 327 43 38 69
652 529 46 40 73
622 29 53 45 63
594 177 49 47 60
538 353 37 44 62
503 201 53 38 76
543 293 44 59 86
538 526 44 38 88
649 118 60 47 54
518 379 52 54 83
502 474 41 43 80
544 539 52 59 82
700 484 56 47 73
675 437 39 51 59
655 463 51 50 57
624 398 45 37 73
533 344 46 52 80
524 38 58 54 88
687 198 57 50 67
560 606 57 56 75
594 33 54 47 83
526 578 60 42 53
585 113 54 40 52
548 333 37 54 69
693 510 40 46 71
560 441 53 45 85
655 379 45 58 50
556 510 45 52 81
627 266 58 40 65
566 93 45 58 68
656 122 51 42 70
537 573 45 43 52
586 27 54 60 48
591 268 47 50 71
600 318 58 40 66
560 94 53 56 77
561 56 39 37 80
529 149 46 38 51
552 21 59 36 48
665 259 47 46 75
512 55 55 56 48
501 537 50 42 49
617 364 45 50 60
619 193 46 47 87
591 550 40 43 79
678 105 38 49 75
621 92 59 49 86
595 156 60 60 65
515 631 47 36 87
662 598 47 42 60
560 517 47 51 57
661 111 36 47 71
502 283 38 57 74
558 223 58 45 82
654 296 36 57 60
539 487 45 46 65
536 596 45 54 50
501 602 51 60 85
687 57 39 39 79
623 128 57 37 61
573 317 49 46 76
593 350 38 42 68
529 639 39 43 57
694 19 47 38 88
632 510 46 36 45
588 368 49 36 83
508 580 57 39 74
545 403 46 53 62
614 105 36 55 70
598 544 50 47 56
599 597 55 38 48
600 554 51 38 74
624 630 53 58 54
590 15 44 57 63
545 627 56 54 88
583 14 47 41 62
648 507 46 53 65
524 39 52 50 53
517 494 40 38 53
552 324 52 37 73
567 39 57 36 75
652 201 38 58 58
649 364 37 45 68
678 516 41 36 71
507 261 57 52 87
656 197 37 58 51
527 286 47 40 76
681 642 48 58 63
505 490 53 50 67
564 323 42 36 46
649 560 43 47 85
554 153 55 52 56
639 41 60 51 70
568 482 38 57 61
522 229 38 44 82
655 355 45 37 74
636 30 37 52 53
642 233 48 57 54
520 161 57 39 84
575 618 51 60 65
627 196 45 39 54
688 316 51 47 49
618 522 54 57 53
596 614 42 40 80
648 126 52 46 51
575 217 38 39 85
659 472 46 56 65
687 147 42 56 55
642 367 55 43 83
605 629 49 55 77
534 630 37 44 72
571 286 57 54 50
550 141 42 50 59
560 395 36 38 47
564 441 36 46 62
681 610 56 52 66
550 503 45 40 88
507 217 58 59 86
616 344 46 56 64
545 123 40 42 82
503 380 51 38 69
677 292 45 47 65
672 618 50 43 56
620 448 57 44 84
555 222 48 54 73
530 19 38 36 77
619 597 60 50 68
583 487 49 60 63
619 157 39 48 83
649 87 41 59 72
663 497 42 49 67
695 378 48 46 53
662 498 53 52 54
640 560 39 39 56
629 468 48 60 85
540 470 41 53 45
515 525 51 60 79
672 564 49 47 74
624 437 55 52 78
553 51 50 56 70
581 491 59 43 65
679 252 38 53 56
644 600 56 51 66
592 336 38 55 76
580 594 45 56 56
656 446 39 48 66
562 577 53 41 56
521 381 39 47 72
692 124 37 52 71
559 279 44 42 62
512 156 39 52 81
678 348 54 55 67
501 276 42 55 48
534 551 55 60 86
594 632 40 38 71
577 416 54 59 72
625 207 36 48 70
605 607 56 39 63
682 571 57 41 59
595 12 54 52 78
632 528 45 40 51
662 575 41 55 61
636 278 50 41 84
605 633 39 56 81
515 38 47 38 48
627 459 43 57 49
581 27 44 37 67
554 383 46 50 50
623 521 46 43 51
533 436 47 52 68
664 599 44 55 65
510 319 43 42 51
612 627 41 49 62
630 106 57 58 69
612 484 52 52 56
585 269 40 52 78
544 460 45 36 65
661 519 59 45 86
520 377 40 44 85
669 318 43 60 56
636 304 54 46 74
631 558 37 53 80
572 198 59 43 53
655 583 53 43 85
531 530 56 60 69
604 29 49 60 73
625 347 55 46 67
672 506 49 49 83
540 368 57 37 57
653 405 44 52 76
689 356 51 58 84
605 480 47 37 56
672 175 47 43 54
677 37 36 55 60
510 120 40 60 71
533 4 54 50 63
519 117 48 41 45
656 192 60 37 66
632 58 56 58 80
600 233 36 46 59
578 167 50 42 62
571 503 54 44 65
618 262 39 53 51
536 46 46 42 46
506 411 57 47 72
550 246 45 53 48
665 101 37 46 88
507 277 58 49 76
686 241 39 36 47
605 579 41 51 62
510 464 56 47 58
686 219 40 49 52
540 615 47 57 82
540 362 46 49 74
637 69 45 40 62
532 234 36 53 57
698 585 46 60 60
544 590 38 59 58
540 334 59 54 84
655 311 42 37 87
543 65 55 51 78
613 40 48 54 74
567 66 42 59 85
541 480 45 49 48
624 638 45 60 48
672 8 38 51 58
673 81 55 44 48
551 409 60 43 46
517 394 47 57 69
695 111 37 58 81
574 166 38 38 62
644 67 44 47 75
528 456 47 42 88
659 166 52 36 74
544 488 37 36 83
536 539 42 54 71
548 514 42 39 65
522 554 49 44 53
595 424 43 57 80
598 578 59 36 83
552 222 48 46 57
634 519 59 42 83
577 182 36 37 63
574 95 42 59 79
580 583 55 45 71
670 516 42 49 59
531 137 36 41 71
649 158 49 56 59
567 83 54 40 71
672 469 53 59 60
664 139 52 46 49
557 309 56 53 83
698 239 50 36 81
555 555 53 36 80
546 108 60 47 84
594 98 51 43 51
697 47 36 36 67
628 393 37 49 47
558 17 55 54 70
575 579 43 47 82
574 603 38 38 84
695 504 47 60 54
700 313 54 59 83
535 382 42 50 47
579 179 56 46 54
644 489 42 45 67
517 565 38 58 66
635 52 38 59 87
554 271 44 46 51
624 621 40 59 49
575 207 56 51 66
667 161 43 38 83
675 634 58 36 75
621 267 41 43 45
571 3 55 54 84
567 220 44 38 65
505 229 50 59 53
619 547 54 43 87
697 265 57 40 65
561 233 47 48 57
588 194 36 46 77
504 339 36 36 60
532 57 41 36 67
679 408 44 49 54
504 292 49 53 86
626 189 41 60 54
620 453 60 59 72
526 269 52 43 49
524 101 60 55 81
652 75 54 41 79
624 65 50 42 81
629 336 51 43 59
634 15 42 42 54
677 23 44 59 71
664 457 46 60 49
528 82 53 42 62
553 248 39 54 71
550 206 38 38 75
680 488 38 55 48
504 423 57 42 60
591 330 36 54 64
535 216 36 56 83
568 585 60 41 84
614 241 47 38 51
658 517 58 56 50
531 183 42 57 63
632 389 50 41 84
683 355 42 47 50
506 552 47 46 88
611 374 55 38 83
644 348 47 45 58
590 16 52 50 46
579 203 57 41 75
652 511 46 41 66
586 184 44 56 46
633 245 54 56 66
594 208 49 37 61
594 587 55 56 57
675 329 58 41 73
535 539 38 37 53
674 5 56 42 70
624 26 59 54 85
659 283 55 55 79
621 127 50 54 85
598 137 43 53 79
619 413 57 44 70
637 213 42 51 66
533 483 41 48 60
585 157 60 51 72
637 83 57 44 80
578 601 50 46 61
500 210 55 44 75
531 287 55 58 61
626 119 51 57 67
683 381 52 43 81
500 71 46 58 88
691 336 53 55 61
539 622 54 60 79
621 404 37 57 55
620 1 42 44 78
509 294 55 42 80
635 549 60 48 82
556 534 46 36 63
698 481 46 39 52
600 465 56 48 63
517 616 51 47 74
660 279 51 44 53
561 363 43 50 50
688 249 58 40 65
552 556 42 38 80
674 268 38 50 59
561 358 60 36 87
552 134 49 52 53
654 421 36 38 59
542 102 38 42 50
692 451 58 37 76
653 325 43 44 55
605 153 47 48 86
508 472 57 49 61
603 378 52 51 67
555 86 41 55 72
686 490 59 56 48
556 39 58 44 56
589 218 59 39 53
556 562 53 40 78
680 151 38 36 85
639 537 36 47 78
544 324 43 39 81
533 263 48 60 81
650 137 45 52 67
566 303 60 57 63
625 120 39 46 53
537 169 45 40 81
535 177 38 51 48
600 328 41 36 81
522 594 44 55 63
596 172 49 53 72
516 542 43 47 80
689 291 46 39 45
596 596 44 56 46
651 168 47 36 88
514 136 46 49 55
660 38 52 38 78
654 290 39 47 60
634 298 36 40 66
563 287 46 42 47
682 290 42 36 71
633 621 52 59 52
617 228 38 57 49
621 155 55 41 79
665 613 47 55 79
596 590 53 53 64
667 503 48 48 80
509 327 54 52 88
540 507 39 50 50
629 535 59 37 72
689 115 50 49 87
660 185 40 56 74
669 394 48 39 45
670 15 59 52 75
564 413 37 57 65
671 29 60 45 72
548 22 36 44 58
601 417 58 42 55
510 196 43 46 82
603 357 41 39 78
685 209 57 56 51
550 399 47 44 68
515 401 46 57 59
697 376 60 36 55
515 81 55 59 70
551 231 42 37 46
670 363 48 60 64
613 267 40 48 54
510 390 50 60 51
685 108 42 57 76
532 122 56 36 82
618 517 56 38 58
500 151 37 57 61
562 346 39 38 85
689 235 57 44 75
670 613 39 36 70
635 102 55 43 54
584 115 44 46 46
650 440 40 46 47
687 172 52 56 59
568 634 46 52 46
646 525 50 54 69
634 401 53 45 56
663 341 38 37 45
583 232 53 39 64
682 232 36 50 69
556 617 38 41 53
697 5 52 36 78
696 44 51 58 85
631 55 51 57 72
593 322 53 41 61
590 188 53 36 74
693 228 56 49 49
636 335 37 44 47
560 359 50 47 71
665 213 51 57 52
667 146 52 44 83
508 279 43 56 62
651 618 52 46 59
551 257 54 53 66
670 588 43 51 88
667 376 47 41 82
538 637 57 55 68
598 134 48 52 55
554 604 47 36 73
581 77 38 36 47
568 610 48 59 75
583 460 57 43 62
562 396 55 52 55
680 503 50 54 58
519 515 44 59 61
659 626 38 43 71
667 39 39 37 65
613 330 41 40 85
594 303 59 52 81
652 309 55 60 74
616 489 40 59 85
695 419 42 45 72
564 508 47 37 46
633 605 49 37 80
532 293 38 37 79
596 78 48 46 72
694 116 36 56 56
544 55 53 60 46
646 373 47 50 87
619 485 51 40 75
552 403 57 44 61
542 575 46 48 67
622 495 57 55 77
675 45 56 47 61
669 174 39 56 79
544 100 58 48 78
674 428 57 60 55
672 206 56 51 54
613 305 58 38 76
508 128 49 59 80
504 492 49 43 87
633 639 38 52 78
576 357 45 59 79
596 321 53 48 51
522 595 60 37 79
605 512 57 50 83
656 281 55 54 51
610 138 51 60 74
680 609 55 50 63
622 515 43 52 58
542 34 55 36 54
695 185 51 55 66
547 269 53 55 62
686 460 57 36 55
589 303 43 41 71
635 601 54 46 56
626 272 48 57 65
610 400 51 40 51
559 68 40 41 76
514 259 46 40 74
646 450 36 36 69
588 350 37 40 77
639 15 52 38 88
653 448 58 52 67
665 91 49 48 51
692 133 48 38 61
563 140 40 60 49
578 532 42 56 46
504 117 58 55 79
648 354 56 50 85
630 49 40 39 59
526 48 53 52 75
560 618 54 51 78
543 511 53 47 62
691 618 44 46 77
671 327 45 57 65
692 220 38 44 61
593 348 38 51 51
638 131 47 37 84
660 630 50 55 65
533 47 36 59 87
560 491 55 50 66
573 396 51 60 78
664 210 44 60 60
542 425 52 54 70
500 140 48 40 47
508 385 59 49 69
541 584 47 55 52
586 623 51 38 51
547 507 40 55 61
617 276 59 39 62
668 533 36 54 80
506 589 42 41 55
633 304 46 40 84
608 88 44 44 80
594 80 37 57 54
565 282 51 38 55
570 361 58 46 65
650 232 45 36 53
603 68 47 58 83
595 459 53 48 56
651 387 40 37 79
642 346 42 49 77
553 310 52 40 69
681 494 36 42 51
569 154 58 50 55
690 378 53 49 66
535 251 54 42 65
699 92 56 47 45
521 10 55 58 82
555 4 58 37 73
689 605 57 37 68
505 403 54 39 54
530 172 51 49 63
604 330 56 36 71
654 525 36 51 84
570 468 54 42 77
533 338 59 49 84
676 568 36 49 47
623 390 53 57 77
675 603 38 53 72
537 341 48 51 62
567 577 57 43 60
635 338 50 59 82
501 407 40 47 70
599 67 60 37 64
550 338 53 37 86
699 416 59 50 54
647 177 43 39 78
672 465 56 42 73
579 286 60 48 83
634 282 50 52 59
603 326 39 50 62
505 510 50 55 79
685 375 46 38 56
537 182 46 56 86
551 56 58 49 50
619 52 44 36 77
613 62 52 41 54
570 642 39 41 82
625 588 43 41 75
674 642 54 38 65
562 569 52 40 61
670 345 48 49 47
538 291 55 58 60
673 435 37 59 55
513 294 48 38 55
559 121 57 46 87
599 226 58 41 52
617 229 54 44 53
642 235 39 44 62
665 358 39 52 58
555 94 51 42 85
548 634 38 46 62
670 336 36 57 83
568 503 56 38 71
558 442 51 44 85
637 11 39 49 79
621 639 37 44 49
576 627 42 41 72
542 590 54 43 79
506 642 58 52 54
594 518 53 38 75
650 175 41 39 76
537 83 47 43 62
542 500 47 52 58
608 180 58 37 87
507 641 57 60 61
565 230 42 36 70
637 50 36 51 76
668 1 55 58 73
612 319 46 51 56
651 4 54 48 75
692 314 38 48 72
520 387 44 40 72
592 365 47 44 57
698 623 59 43 52
534 493 48 36 84
675 74 58 54 48
615 404 45 51 55
609 617 47 47 85
628 626 51 57 82
595 26 49 48 60
529 271 42 49 61
660 527 57 57 66
600 71 56 41 86
633 539 54 57 75
620 291 39 40 52
519 563 44 60 60
646 585 56 47 74
655 349 50 60 62
643 346 41 42 68
524 392 37 58 48
596 489 52 41 58
661 497 42 56 45
647 257 38 43 62
562 446 59 42 54
519 548 37 37 67
543 253 43 45 47
578 501 38 57 71
625 371 55 50 48
559 54 47 56 45
515 590 42 36 59
651 79 46 46 84
584 538 58 59 70
607 207 44 57 62
529 416 55 50 47
588 38 57 46 63
675 113 37 60 71
639 465 53 60 48
525 310 55 36 68
647 425 39 39 50
537 386 46 52 54
604 569 36 57 64
519 629 58 46 60
691 246 59 45 76
590 304 58 37 54
550 117 42 49 56
645 547 41 57 68
639 124 37 59 56
596 146 39 44 55
657 289 58 36 52
687 110 49 56 84
625 498 40 56 65
526 139 56 50 50
594 353 44 39 58
625 467 42 60 69
583 24 50 41 76
644 32 59 59 72
553 246 47 53 67
646 562 50 41 70
617 381 39 55 77
661 433 36 57 84
583 305 51 50 46
699 197 49 38 72
545 189 51 46 53
598 490 37 38 66
605 290 55 44 71
695 241 38 46 81
699 118 41 38 81
545 317 36 56 81
598 606 44 36 86
690 101 43 39 52
640 254 55 46 64
538 100 43 38 69
678 60 49 36 59
629 33 48 58 59
655 592 49 51 76
591 456 40 45 58
666 464 57 47 85
661 621 57 56 57
594 639 38 41 67
643 637 40 36 86
578 198 52 49 78
657 553 43 43 75
670 370 50 47 49
597 160 52 38 49
512 397 55 50 66
503 339 36 50 46
684 15 51 41 77
525 173 59 56 55
598 268 52 38 77
636 487 49 58 68
530 272 50 50 60
509 306 40 55 45
557 93 60 38 80
596 11 49 59 68
534 23 49 52 67
696 121 60 45 45
674 81 38 51 76
690 33 56 53 46
542 363 41 56 63
559 386 45 52 45
585 390 47 59 45
573 542 39 45 80
568 133 53 46 83
578 173 37 55 88
524 402 39 54 46
660 343 57 47 67
502 48 53 60 45
614 622 36 60 77
628 208 36 50 81
676 637 50 56 88
648 321 42 54 65
667 284 45 45 61
612 280 53 54 67
541 144 60 39 88
612 527 57 60 58
586 7 39 53 48
523 81 36 48 70
503 119 54 43 54
638 87 48 38 52
654 633 46 45 87
582 124 57 46 70
647 468 38 52 75
657 79 37 45 59
659 308 37 41 84
585 150 52 49 87
622 302 49 57 54
568 418 51 56 54
679 324 58 39 70
583 20 60 41 77
695 528 50 36 51
578 480 42 59 84
643 239 53 37 68
643 448 58 44 83
624 585 53 38 52
681 597 36 44 81
546 479 37 38 46
577 642 50 39 85
697 441 37 60 64
516 160 60 47 62
585 619 53 44 69
554 505 42 44 45
561 323 56 54 51
524 290 40 59 62
571 344 60 47 57
594 520 59 45 61
511 115 57 38 70
500 111 44 44 49
612 90 56 56 55
604 30 60 42 62
612 358 39 36 83
604 125 48 47 46
674 624 40 55 68
638 244 60 41 62
685 549 56 50 54
695 12 48 50 45
614 130 40 48 85
601 340 59 40 56
651 350 59 53 72
629 341 60 42 79
656 329 45 48 73
651 197 44 56 49
539 303 57 57 52
570 495 57 59 57
582 343 57 53 62
650 264 47 51 47
510 303 59 38 76
564 325 55 56 61
650 384 54 44 52
543 95 42 45 54
554 255 49 47 81
577 8 56 55 81
677 368 58 51 56
616 596 49 46 63
632 156 46 56 68
669 638 47 55 55
623 284 55 45 52
500 402 49 54 48
609 187 45 54 58
642 234 47 55 61
572 434 39 37 64
507 468 51 41 83
632 94 43 38 67
654 114 58 43 77
531 226 46 39 62
543 5 48 54 84
640 527 44 41 74
671 139 40 38 49
517 583 43 47 67
608 174 60 55 65
691 615 49 42 80
574 142 49 55 85
644 242 39 46 59
638 11 40 44 77
518 178 37 39 72
690 268 51 40 79
666 241 40 44 54
627 474 45 49 84
511 79 54 41 52
698 149 45 37 80
565 218 58 54 56
559 100 49 39 46
693 338 48 49 54
648 353 48 43 56
532 200 39 53 58
623 135 51 54 72
578 489 58 58 53
505 582 50 40 63
603 262 40 37 68
578 527 48 40 53
559 504 44 51 47
589 185 51 49 76
526 564 58 37 53
539 429 43 37 71
680 302 43 58 52
630 244 56 50 48
588 285 44 60 66
604 511 50 50 84
509 325 50 37 45
548 422 37 57 80
694 289 60 42 71
689 471 43 43 56
623 509 47 58 80
674 579 55 52 72
562 623 39 58 86
529 94 58 39 48
660 450 45 46 87
677 640 58 52 59
612 431 60 50 61
605 100 55 44 76
634 197 57 58 63
644 39 37 43 68
539 279 57 46 80
528 508 52 56 83
642 299 57 58 64
582 500 56 44 84
595 480 38 40 52
647 396 37 38 69
678 93 43 37 76
534 7 37 54 51
693 184 48 58 88
594 475 60 50 72
655 304 56 45 85
657 373 53 44 84
519 632 48 57 59
692 279 40 36 63
523 42 41 43 51
594 427 60 37 83
553 71 43 41 74
650 560 47 45 47
629 216 43 60 75
681 558 57 40 62
655 261 37 46 68
527 174 43 39 51
699 9 41 50 78
663 317 42 42 73
623 77 46 55 87
647 584 50 51 83
668 77 57 41 82
637 57 54 45 88
555 134 43 60 75
625 33 47 51 82
530 364 49 53 87
531 179 58 59 51
690 279 54 57 54
506 371 55 60 81
599 116 54 49 62
557 215 51 59 76
684 182 37 38 50
619 370 39 51 72
578 640 48 46 59
521 421 55 36 81
582 474 59 53 88
501 233 57 42 60
512 152 47 55 61
683 338 40 47 54
589 461 39 52 45
642 488 45 50 52
694 107 40 42 84
528 161 53 38 51
569 415 60 54 72
619 228 60 49 88
602 309 46 47 46
551 456 40 43 86
572 445 45 43 63
557 130 51 58 51
654 128 52 57 63
645 212 53 47 75
657 629 53 38 79
642 121 60 39 49
571 124 40 41 88
698 70 56 36 60
565 130 52 48 71
502 587 47 55 62
700 134 49 52 54
620 334 46 47 61
501 423 46 42 64
670 278 49 48 51
599 414 52 51 56
697 109 59 57 74
577 425 47 38 56
661 6 36 58 51
598 457 36 58 87
643 335 48 44 79
564 409 43 42 57
641 588 48 40 73
509 300 46 57 86
555 628 45 59 74
502 249 50 48 48
619 457 40 48 76
630 27 40 48 47
587 127 37 50 59
564 69 36 46 59
609 68 47 39 61
500 632 36 50 57
608 150 46 38 78
