634
57 197 107 123 4
1000
-9 113 50 55 198
847 200 34 56 189
-71 48 49 62 184
572 44 46 39 185
-29 432 64 34 116
-471 427 66 58 104
-435 155 54 50 149
-328 343 35 38 188
802 490 47 48 167
975 40 37 40 177
-924 438 63 53 197
718 443 49 35 165
558 363 63 42 180
-704 288 54 66 156
-561 139 56 38 179
-465 127 63 56 116
395 150 56 52 174
419 399 38 53 136
-111 107 43 52 173
513 169 39 41 138
-396 119 55 46 194
-309 504 48 52 109
-996 426 57 37 192
763 454 62 40 155
725 520 54 44 200
-668 197 52 57 149
-635 192 65 62 108
-38 18 48 57 110
-262 519 65 46 162
-526 185 43 66 182
903 33 41 38 106
578 123 65 43 110
-532 194 62 55 142
902 345 45 52 141
-432 48 62 47 150
-18 229 49 66 184
-845 93 36 34 133
-131 95 44 50 154
-37 155 40 43 186
-771 348 46 53 188
32 305 63 41 110
154 120 64 53 164
-571 269 35 44 116
413 85 48 66 198
-347 452 47 57 121
548 306 37 47 179
-231 282 43 41 115
-407 34 35 54 142
-731 232 42 38 180
700 231 43 47 184
-252 201 57 52 128
279 242 65 52 195
-65 169 55 54 188
-972 438 37 37 169
-867 40 57 38 127
-210 22 63 47 125
-207 394 55 53 127
876 2 63 34 116
658 246 45 61 162
391 125 54 53 197
972 425 49 57 171
-361 258 64 35 143
-203 205 41 44 135
-672 199 34 65 128
-937 311 47 45 146
107 134 56 63 146
579 50 59 34 151
-715 175 44 54 120
-851 426 49 45 156
147 392 60 64 137
-594 318 50 38 112
-332 147 50 41 135
4 255 34 53 181
-843 412 34 40 108
-228 376 56 50 110
-641 145 60 47 197
-957 436 62 38 178
413 434 48 62 152
-987 191 39 54 198
977 533 56 57 124
342 401 55 40 140
43 77 58 40 120
981 303 50 41 151
889 36 49 55 108
190 371 41 63 139
592 235 49 46 189
-566 188 44 52 149
-911 188 58 44 177
-229 47 59 57 120
-727 66 55 54 167
-234 321 65 62 186
-538 154 52 54 178
117 132 35 44 185
294 123 55 37 134
-486 482 41 34 108
-701 13 35 59 195
-998 483 37 35 179
-213 512 61 42 121
-643 99 35 65 122
328 378 48 40 183
-151 438 57 45 179
-393 283 35 59 182
-804 193 43 62 171
702 232 63 51 192
281 338 49 62 162
936 109 42 47 154
303 263 64 63 132
73 102 49 55 161
698 64 62 63 102
-9 199 41 65 200
-533 164 57 34 174
-782 144 61 48 126
120 268 47 40 138
-697 278 48 45 126
585 308 42 59 107
-894 286 41 65 166
-687 227 54 41 163
-467 528 58 39 136
503 59 66 49 122
509 67 52 49 189
848 73 41 48 169
441 353 36 39 190
-678 84 56 39 195
226 174 47 61 193
-209 276 45 62 200
226 142 50 64 176
478 47 36 45 137
568 66 47 42 129
734 310 41 59 132
794 274 35 65 109
670 309 42 49 144
-408 99 38 43 129
679 62 58 58 105
442 531 39 45 169
265 388 60 34 199
5 351 65 59 144
-780 474 35 43 184
656 18 66 49 111
-942 475 54 63 109
435 206 41 58 164
-67 219 47 41 134
563 414 43 39 187
-827 449 48 55 164
-538 338 47 43 104
-20 53 45 42 115
55 394 41 44 152
-759 414 48 47 107
-478 402 46 62 200
-249 483 66 53 167
-644 292 43 41 115
235 370 36 64 102
27 440 52 45 170
749 407 54 40 126
500 248 53 63 178
114 69 50 59 106
-244 336 41 36 189
883 508 65 43 110
-647 372 41 66 180
-799 235 34 34 190
403 0 36 50 116
-137 276 65 53 197
177 34 48 44 122
715 437 39 64 108
-740 340 59 42 109
962 483 39 39 185
70 362 56 57 109
931 440 64 59 136
76 437 64 44 188
169 18 63 38 156
517 19 48 38 182
-5 357 44 64 170
-258 528 61 49 174
-14 422 55 62 114
488 93 39 63 120
-70 294 35 55 177
87 235 35 51 149
-996 275 37 43 154
33 203 55 57 185
633 134 57 45 188
-695 502 41 56 183
397 495 62 35 120
878 170 50 52 178
-653 419 52 45 101
200 524 61 51 161
508 443 39 51 173
247 353 61 35 113
-337 104 47 58 158
107 8 62 40 158
736 6 46 65 185
-159 437 50 38 168
-552 65 39 34 167
-771 212 38 61 137
980 48 43 44 199
9 191 56 62 164
-774 463 51 57 186
-586 331 40 50 155
-463 352 36 61 160
82 530 41 65 163
-841 185 36 40 170
-230 221 46 58 182
254 217 51 55 121
942 202 39 47 143
-733 510 36 50 191
101 175 48 64 155
-545 458 58 60 118
-125 27 56 62 160
-768 373 66 48 167
-812 276 42 55 199
841 189 46 60 195
-23 507 43 44 109
-47 530 45 39 169
-613 76 35 42 174
-834 458 55 66 150
275 178 47 42 172
903 294 52 62 120
753 427 52 40 188
-78 104 60 47 116
808 2 56 41 164
-592 48 58 44 108
-350 516 44 44 153
-292 428 48 57 115
-804 471 40 66 141
-543 71 53 61 120
-161 418 47 57 160
851 344 66 55 113
-630 230 38 46 123
-867 16 36 65 124
-297 248 41 34 136
-518 232 54 63 181
254 443 45 49 179
-133 432 58 43 105
838 87 55 49 187
-332 94 41 60 175
-225 40 46 51 126
290 406 55 46 119
121 516 52 59 188
-390 81 58 63 182
-831 105 59 41 151
-217 104 48 60 116
-393 346 66 49 176
-870 492 65 50 126
-153 105 44 63 149
583 422 47 55 183
124 140 34 35 134
188 377 52 66 193
-766 371 34 47 194
821 355 55 46 197
138 490 44 65 200
534 104 44 34 150
-744 524 46 54 160
-511 461 41 50 163
896 147 40 36 165
-468 89 49 44 182
305 432 45 61 151
275 343 47 60 125
191 432 34 53 157
169 315 35 66 159
60 389 61 62 139
-993 3 38 57 175
-765 128 39 59 175
-596 247 40 64 174
132 93 58 53 152
743 309 46 65 157
-645 421 59 54 107
-443 90 50 60 166
965 284 63 55 127
-121 114 50 52 110
-725 217 35 36 169
566 21 52 48 157
-939 86 58 64 140
-406 280 63 57 159
365 111 66 40 170
-143 10 42 64 136
448 379 62 39 155
176 118 52 50 150
285 412 42 48 177
-287 29 50 65 160
-697 318 44 38 160
-711 196 42 36 189
-520 165 34 34 177
509 153 47 39 168
-796 353 39 44 120
784 25 42 58 199
19 229 61 47 171
-390 87 56 61 198
765 215 34 41 157
-69 198 57 62 158
351 194 43 47 175
-971 251 58 56 101
-536 309 37 45 145
422 273 38 42 146
609 275 43 39 113
-378 83 64 56 157
345 504 41 34 179
-452 332 53 62 146
-522 447 61 65 182
-35 263 61 43 142
593 504 54 47 187
-405 454 64 51 137
-755 321 62 54 140
879 471 53 53 112
92 278 41 65 124
-999 125 55 47 199
189 35 53 38 131
705 6 63 42 112
838 127 43 48 129
-636 39 63 40 197
-120 522 50 50 154
879 138 59 51 188
993 195 38 60 193
285 17 41 66 140
570 60 64 41 139
821 230 57 48 193
-872 234 49 36 112
767 262 35 56 162
-885 142 45 64 126
229 25 38 47 181
-182 422 59 57 144
-847 462 58 57 159
-985 390 47 44 184
918 259 63 34 168
254 381 37 35 184
980 33 54 49 186
-494 263 64 47 101
-867 357 34 65 159
-520 112 63 57 116
-75 410 39 44 149
-776 191 34 65 116
-83 228 64 51 192
594 418 62 37 108
215 171 43 40 180
-71 458 52 44 140
907 278 66 44 103
694 375 58 66 143
-635 401 45 63 106
790 391 61 62 104
-232 324 53 60 190
71 460 34 49 118
986 114 49 47 141
-840 179 63 60 118
-817 266 42 38 125
-20 84 37 41 174
-471 79 50 50 154
48 174 60 57 133
-879 75 57 52 141
359 472 35 61 184
412 506 41 63 142
-742 462 56 66 194
127 79 43 60 117
-280 162 59 55 115
925 42 42 40 153
-930 517 40 57 183
-877 184 50 46 175
-89 81 59 62 151
-409 307 66 57 174
208 496 59 55 155
-300 109 56 60 112
465 290 51 40 142
-176 167 62 65 192
-992 381 66 59 168
14 146 37 34 127
-168 204 44 42 164
701 370 35 63 162
-18 276 62 55 126
-197 418 59 57 182
-406 483 46 56 192
479 478 62 43 138
230 212 50 66 137
186 143 63 59 103
930 487 44 63 122
802 105 57 47 165
824 512 48 41 119
-512 134 48 48 159
-815 423 53 50 155
-332 166 34 58 196
-381 106 61 56 157
-643 140 49 59 180
994 179 42 60 189
916 53 34 36 147
947 251 66 39 168
568 24 59 49 187
-649 16 50 38 155
478 324 37 66 166
-595 287 66 56 183
110 262 44 41 122
866 334 60 41 109
-146 47 45 52 192
-680 228 41 56 144
938 346 40 40 108
-134 104 44 61 174
857 8 63 46 116
638 115 52 56 188
521 371 53 40 172
206 198 41 52 162
522 81 50 41 139
685 443 53 60 144
50 518 56 44 152
871 163 53 40 128
-114 298 63 47 177
-864 407 58 64 118
784 415 58 45 190
649 461 47 64 165
320 480 45 57 101
-69 206 66 49 197
835 48 46 62 102
-956 458 44 58 143
-982 259 61 61 148
-209 57 49 46 170
-54 415 36 36 142
153 488 54 57 157
339 454 55 38 194
253 68 52 59 183
865 512 41 51 139
-847 9 52 65 124
22 446 37 62 191
-482 485 56 44 154
845 60 64 44 185
8 132 51 57 127
-529 520 42 39 168
-783 154 66 38 183
-588 434 37 45 102
664 373 60 60 179
275 96 49 63 142
-245 255 39 38 135
141 11 42 59 126
-557 91 37 59 166
58 427 55 42 177
-749 442 37 41 186
527 433 66 41 143
-621 407 64 63 103
-668 133 38 56 118
815 39 47 41 151
393 453 55 65 183
-358 320 59 62 119
-20 271 52 34 114
-297 175 36 47 119
571 217 36 65 133
-566 394 34 63 143
-927 88 48 42 104
-334 401 48 41 183
-949 522 53 62 160
-711 452 40 60 170
-142 463 39 44 190
142 0 58 47 200
178 180 57 38 141
-338 5 60 48 198
562 130 47 34 200
-931 70 38 52 170
657 157 61 64 153
-954 450 50 57 194
-893 264 45 47 155
580 245 52 40 157
967 144 65 52 180
-918 345 62 64 155
-784 0 40 58 180
-378 5 50 64 116
-789 495 65 34 177
460 78 65 44 124
-790 122 34 66 173
-554 3 39 44 167
224 25 36 59 185
-730 276 58 59 192
-201 423 57 39 177
-39 322 37 34 140
-671 434 47 49 119
-324 76 35 41 104
-224 186 58 66 184
-746 24 63 53 105
738 512 60 56 125
-867 342 50 66 175
689 376 36 36 150
-882 308 52 52 198
407 100 53 58 173
251 320 62 60 155
-281 47 50 63 104
-67 277 57 52 102
-106 427 52 52 104
452 267 63 58 116
-425 12 50 66 166
657 483 36 50 104
-280 316 63 63 181
450 81 49 62 114
-955 520 42 56 136
-913 155 58 66 101
-64 422 61 63 116
-235 151 58 48 180
-657 476 34 52 159
-785 440 55 65 104
467 368 56 44 133
-785 19 43 44 153
-333 369 50 50 189
85 354 46 46 191
-185 338 57 59 190
210 161 34 52 140
134 523 37 53 101
824 389 44 37 124
527 191 59 58 184
-875 283 36 52 137
693 340 35 34 194
962 432 44 66 176
-468 265 46 55 110
490 223 63 65 190
-971 463 50 58 147
-746 90 47 38 165
916 173 50 63 190
-461 50 56 37 104
-1000 442 61 44 104
360 302 64 57 105
266 259 47 37 126
-860 292 51 52 162
-13 505 43 44 107
862 131 38 64 160
62 257 52 62 106
238 102 53 42 160
-35 439 40 45 180
-997 426 52 40 167
-395 387 56 59 199
122 345 47 45 110
-240 500 52 66 152
-414 285 37 51 172
-9 316 38 46 102
669 280 60 62 123
491 359 60 56 105
200 4 41 62 122
-556 213 46 56 164
702 101 36 62 151
-201 97 57 50 148
436 294 39 63 133
-393 507 64 59 168
809 63 34 41 197
461 30 57 45 113
693 7 36 54 131
164 427 48 43 148
961 267 36 40 173
-796 379 58 39 148
-64 523 50 34 181
-771 534 37 40 109
-31 312 40 62 149
-11 236 38 66 141
576 411 54 39 190
-809 362 38 41 165
345 142 40 58 102
129 354 36 60 112
993 136 51 61 190
-355 458 36 58 178
-293 395 36 42 119
622 31 42 65 139
-230 502 37 46 200
427 484 39 36 192
-747 272 56 53 142
307 97 58 55 105
-600 163 48 57 146
411 62 65 64 161
-989 1 49 37 160
461 93 39 63 184
510 43 41 34 157
-518 326 50 60 150
-459 371 63 48 116
105 345 39 52 125
-498 124 54 39 117
-497 158 64 35 115
25 502 55 36 103
-80 244 40 66 196
973 130 40 63 186
546 425 46 55 118
508 220 55 63 139
-235 35 34 35 115
469 134 47 44 134
553 391 48 46 184
301 197 64 65 166
-964 411 38 49 111
303 507 66 39 176
-298 499 38 64 169
43 326 44 65 110
991 298 40 50 142
-817 479 34 36 166
71 279 35 51 103
-469 257 52 51 143
320 94 63 45 168
-693 158 40 38 135
-503 183 52 63 116
35 477 54 48 152
932 517 46 44 132
303 255 39 43 199
51 165 57 65 133
-436 508 55 64 187
-711 362 44 56 191
-443 103 43 60 196
-746 316 59 66 151
-283 20 36 65 108
691 314 40 64 184
-531 292 51 66 162
225 413 58 39 123
254 390 50 39 166
-772 103 43 49 116
-968 389 60 52 138
156 402 54 42 113
-776 202 61 36 109
-660 511 34 66 118
-654 41 40 61 172
662 49 50 55 119
-814 427 36 48 147
-448 383 39 55 107
146 18 36 66 184
919 128 55 41 104
548 438 35 50 143
-220 458 40 40 191
193 108 37 51 128
270 407 55 35 196
-522 78 39 38 156
57 255 53 40 159
-368 413 56 42 165
898 432 48 44 124
-216 464 43 62 116
-582 96 36 36 199
-88 188 55 47 147
561 237 39 54 187
280 472 56 46 136
-378 284 43 51 126
-725 479 57 56 118
-343 350 48 42 104
-228 73 62 57 135
-197 215 56 38 185
354 52 62 48 130
312 468 61 37 150
414 532 37 38 119
708 313 58 37 160
898 144 36 49 131
201 141 37 43 129
138 269 43 42 199
-208 530 42 63 143
947 202 45 53 107
-95 350 38 36 180
835 196 59 47 129
-500 141 48 38 141
831 17 36 47 193
163 431 58 52 168
891 345 50 39 120
-757 89 40 61 136
-764 409 64 61 188
465 403 37 59 150
-154 103 61 36 190
-638 501 61 44 141
-800 163 38 53 129
-934 257 47 62 181
751 25 37 52 101
977 105 46 47 124
-487 376 63 34 126
55 182 56 64 105
-655 224 56 62 155
-122 354 63 49 191
-569 407 43 48 199
-269 229 49 46 120
55 263 65 60 152
495 141 65 61 160
330 138 53 55 186
526 2 50 52 159
890 345 55 66 195
636 432 36 47 129
344 493 49 65 139
476 304 56 57 174
908 424 66 49 117
78 380 46 47 168
-268 334 65 34 155
-12 229 37 37 173
-110 251 40 39 107
828 461 58 54 200
-70 304 54 63 124
92 71 49 63 166
-638 340 58 64 182
-284 497 62 47 198
-929 295 66 58 166
780 226 41 59 160
500 53 45 65 142
-193 532 61 65 186
-669 65 48 57 163
-509 51 55 40 198
524 330 57 43 108
-18 273 63 34 182
-152 29 43 38 147
55 125 57 58 125
183 25 36 63 129
-788 390 55 54 173
-44 153 34 56 148
-668 144 38 39 125
881 249 40 36 124
635 47 48 50 153
-165 102 44 55 194
784 416 45 50 126
437 345 42 38 155
-559 0 59 42 179
370 278 45 36 137
432 427 40 47 148
699 280 64 59 122
-36 214 40 46 108
-393 207 64 61 172
-377 112 41 54 113
-844 529 53 51 149
907 328 52 62 109
-683 458 56 48 128
-566 521 66 41 174
592 167 58 34 161
710 350 61 60 191
881 311 42 49 121
368 295 61 43 174
-149 446 34 41 166
852 70 56 39 185
16 517 55 35 144
201 154 39 47 126
-400 245 59 47 196
883 203 63 55 104
-196 497 65 54 168
391 224 45 45 191
769 337 49 49 200
10 366 57 65 138
356 534 54 59 124
-882 169 60 47 161
22 27 41 38 110
152 423 48 46 112
102 152 46 65 146
227 236 52 61 192
327 467 44 40 113
412 362 53 46 117
-930 50 49 41 102
-388 24 61 37 186
-483 97 55 36 127
872 384 43 46 130
569 60 61 61 157
-589 74 59 51 148
-150 298 45 64 195
-281 64 64 34 143
-133 213 56 39 189
-143 289 65 65 144
-561 153 52 61 140
-307 375 41 51 129
-21 520 39 53 179
-171 164 39 63 148
-556 424 65 40 120
389 132 61 60 199
-381 488 54 57 111
-527 27 58 47 184
-908 146 35 44 138
-726 174 55 66 152
-566 467 62 36 140
576 48 64 48 125
560 325 43 45 198
34 430 47 50 166
-314 297 40 41 115
-48 460 55 66 161
335 21 51 56 151
993 329 46 59 137
448 247 63 55 130
747 157 58 52 108
680 394 50 58 199
-959 194 47 49 163
-423 396 41 53 200
-615 463 34 44 157
-845 133 39 64 171
-952 107 43 54 184
-806 384 36 66 160
-854 254 58 54 111
-181 344 64 51 109
617 108 50 55 146
-13 303 35 63 199
438 147 39 63 180
-590 337 50 37 160
-929 177 43 46 119
-902 237 53 64 182
-63 342 59 38 103
484 367 50 56 167
291 244 35 45 195
-741 2 39 58 157
559 480 56 64 117
-197 372 39 41 110
-739 210 50 38 169
-796 103 40 36 122
462 300 39 37 185
202 504 41 59 121
1000 5 55 66 182
-383 228 43 41 122
-830 79 50 49 161
496 503 45 42 115
-363 290 35 48 152
861 413 52 64 150
-132 38 41 51 154
926 138 38 42 160
417 426 45 66 142
644 209 62 64 150
957 195 40 36 153
-289 508 46 63 200
-375 87 62 54 193
841 367 58 40 107
-768 413 45 58 149
501 36 37 53 167
-103 443 55 63 120
81 170 66 42 136
270 515 36 55 129
811 314 44 52 173
-766 100 47 56 164
27 235 63 45 115
98 405 57 59 174
-37 75 59 64 163
-468 305 35 36 182
440 520 63 50 197
-493 278 36 36 133
-760 218 64 66 136
962 58 52 45 110
919 459 61 43 179
277 438 59 44 110
-285 471 64 40 131
137 406 55 44 126
485 164 66 42 184
-822 508 46 58 197
520 149 65 36 198
-782 404 41 61 177
230 180 62 46 114
-452 274 49 66 167
-631 20 57 43 136
-305 379 64 47 190
612 291 61 54 129
-662 502 42 51 166
-272 505 49 53 175
348 264 52 61 172
134 444 50 51 123
81 435 59 40 138
83 182 51 59 190
-451 0 61 49 106
-279 289 56 54 101
211 16 57 38 196
735 345 35 59 194
478 297 63 50 110
-923 203 40 65 135
-223 365 47 47 137
747 255 57 45 156
312 315 52 49 135
-430 32 45 53 179
470 72 46 53 159
880 254 62 43 143
973 195 34 58 121
624 185 35 49 192
813 305 58 50 116
376 451 66 61 144
-701 192 37 64 133
6 264 40 55 106
2 122 53 42 180
-912 90 45 57 187
886 27 60 34 120
-770 183 47 36 162
986 242 38 38 122
-259 425 40 53 199
425 361 35 57 110
28 407 53 64 144
924 264 57 63 152
771 145 50 63 135
-38 1 63 66 115
72 444 57 45 133
-818 303 60 51 131
-376 92 37 58 169
357 132 41 55 143
544 74 60 42 148
571 308 60 42 133
556 100 51 52 192
554 159 60 62 147
-429 380 50 59 168
-548 490 46 50 172
-762 319 61 43 182
199 150 45 58 139
-483 141 41 41 164
756 47 63 54 197
241 446 66 47 156
562 329 48 41 161
-564 89 38 42 147
-110 69 46 48 188
381 268 61 50 130
149 64 38 37 147
751 139 66 52 191
-278 162 58 47 119
-140 331 53 66 143
735 44 54 56 173
612 408 52 39 153
-887 481 49 57 159
-26 498 47 37 198
-290 302 55 43 182
766 125 60 40 152
-535 238 56 40 142
769 505 60 58 178
942 461 53 58 129
-592 23 66 45 111
-284 527 60 39 171
-637 306 62 41 184
-60 249 62 43 109
-613 79 40 53 184
594 40 34 55 151
-947 480 56 66 143
426 293 49 50 197
-94 265 60 34 191
519 423 57 51 184
346 95 39 41 106
-703 479 58 61 161
-388 41 49 61 168
693 74 63 59 177
-980 261 57 57 162
334 248 38 45 146
-324 177 48 39 149
763 427 55 60 109
222 48 62 41 130
-420 18 59 48 133
-604 87 56 60 128
-897 325 51 39 166
-634 64 64 34 121
-876 414 38 50 169
-312 204 36 35 169
-203 264 55 52 110
-690 97 34 64 163
-786 79 37 66 167
-452 413 47 56 156
-994 505 49 53 193
-895 35 36 62 113
-457 1 39 35 118
-915 185 36 35 138
596 475 52 34 114
664 186 54 34 123
-615 102 39 61 200
-170 246 44 50 166
309 513 55 54 108
-958 270 41 62 150
-575 258 44 54 159
-447 105 54 49 196
61 497 58 64 136
922 116 65 63 163
739 42 50 36 118
668 415 64 60 121
821 209 54 42 116
232 518 54 48 106
-686 199 35 53 184
22 460 66 36 150
-115 117 56 43 135
66 38 59 39 153
98 490 59 62 183
-614 464 64 62 120
-574 513 42 47 101
-93 523 57 57 162
225 509 40 37 110
916 86 44 47 140
914 297 38 47 184
64 202 60 36 184
-531 114 34 45 177
-221 188 40 39 176
-356 470 41 55 181
700 400 66 60 163
-476 52 49 41 158
961 143 62 41 182
735 347 47 57 108
161 248 39 58 130
-515 5 55 64 137
-464 100 46 35 153
651 446 39 41 198
-381 477 55 34 102
-502 314 64 46 105
416 452 65 64 162
-539 23 48 66 180
-843 400 43 37 200
426 296 63 61 118
25 370 48 37 165
310 407 61 41 142
-596 14 50 43 116
511 382 48 36 126
-449 264 37 59 154
-21 309 41 48 167
399 398 36 61 110
645 49 46 41 124
281 285 38 42 163
962 292 53 34 104
-874 289 54 46 198
-745 82 53 34 193
-218 217 41 63 163
-516 423 34 50 180
165 171 49 42 192
-874 379 57 38 171
-456 39 52 37 121
-203 457 57 47 121
507 530 40 59 149
-346 475 52 47 149
250 391 57 34 175
-812 108 58 46 122
860 24 44 60 161
-220 483 49 50 155
-669 409 58 51 158
-67 331 37 53 194
149 480 62 57 183
-904 67 46 53 118
-789 79 63 51 111
994 362 45 34 185
908 492 59 55 179
-103 66 36 49 164
52 294 51 36 144
-824 257 49 54 198
598 443 52 38 143
427 378 36 66 114
-104 47 45 66 153
