755
251 161 195 105 5
1000
340 495 47 41 160
734 313 43 37 115
310 219 61 46 102
-590 163 41 60 197
-469 564 43 66 105
-452 413 39 62 146
755 640 59 50 167
706 640 57 62 131
-845 509 47 61 102
-274 261 50 59 175
-626 87 49 47 112
267 528 64 59 156
-745 340 57 55 122
-760 633 34 52 118
6 261 66 34 144
804 493 49 41 190
-889 394 65 53 165
772 219 46 61 166
550 655 43 64 107
167 352 58 63 144
-655 293 55 34 184
890 542 65 61 143
-20 58 55 37 139
-426 616 53 58 104
815 536 47 40 105
540 501 66 45 134
-272 381 53 38 111
540 71 61 56 162
-13 364 41 60 108
897 179 50 47 114
-181 194 57 43 156
-837 154 61 56 155
510 237 36 36 185
777 388 66 64 164
-268 381 41 58 156
863 645 45 56 113
400 241 36 43 189
-693 599 37 36 137
-934 628 48 34 116
-478 152 46 40 198
-298 50 52 38 185
-422 502 35 54 124
-219 109 57 60 196
-985 258 48 59 144
-740 283 64 45 158
-76 340 60 50 195
252 86 37 48 154
-379 97 35 64 158
468 512 35 64 106
-291 609 54 64 103
-127 511 44 58 157
-598 482 55 49 162
138 406 49 47 150
-26 636 53 59 151
-796 531 58 50 137
381 587 62 51 112
943 434 50 63 125
-268 645 40 46 166
605 195 40 58 113
899 306 65 66 163
157 335 60 43 187
-305 206 66 38 146
-30 340 42 58 192
-49 601 59 44 135
239 216 43 65 112
810 189 63 49 110
689 223 56 62 156
-324 520 54 66 166
-976 244 39 38 175
-906 448 46 41 136
-276 359 63 63 108
-264 455 56 56 200
-139 655 66 55 134
814 574 46 58 200
678 409 63 36 197
-534 71 58 54 183
931 22 61 47 176
689 326 39 45 183
752 508 63 59 141
853 27 44 53 180
673 156 47 51 195
-949 118 37 42 187
-680 553 36 41 200
435 584 55 52 163
-107 312 37 36 105
-148 618 52 40 138
-233 420 41 50 172
501 293 41 51 142
-75 240 46 64 113
-776 78 39 64 126
213 297 55 54 105
228 33 62 56 136
-499 223 51 45 190
105 97 51 64 141
-193 83 46 46 134
-139 48 49 56 187
971 98 45 62 176
419 232 64 64 197
-621 22 49 42 175
-792 49 56 61 124
-705 369 60 63 164
109 588 51 60 102
457 605 61 39 143
-904 94 41 41 159
700 218 45 37 143
-614 129 54 66 113
398 558 37 66 165
-972 337 48 39 183
-854 648 65 54 109
-840 628 38 42 113
701 570 41 40 200
15 144 40 34 163
-718 210 57 51 160
961 415 42 52 102
217 641 47 50 136
343 548 47 54 124
-946 286 66 56 164
741 92 62 65 105
-583 211 53 37 153
961 299 34 36 146
-675 244 57 62 199
-701 483 56 51 171
616 370 38 62 142
-649 488 60 61 106
-540 481 55 57 115
251 50 41 52 182
778 388 62 39 167
-884 307 66 40 165
-588 33 65 46 178
-894 120 39 41 157
-189 469 50 60 129
880 114 45 41 112
418 542 59 57 170
-424 622 55 63 168
-278 489 40 38 110
-797 596 49 65 149
270 230 50 55 174
786 258 60 47 177
-88 304 47 45 161
67 117 34 42 146
-709 454 66 34 142
252 145 56 53 119
-721 387 50 42 171
439 483 63 61 154
-426 262 56 66 196
178 48 45 66 117
511 284 36 57 173
-526 268 58 50 143
478 13 34 61 107
-91 38 66 46 195
-766 402 55 40 191
367 305 60 54 163
-599 324 34 65 140
-672 554 36 52 159
789 483 34 53 110
587 539 58 59 187
478 600 48 48 152
227 516 62 47 110
182 570 41 38 118
185 440 59 61 138
-445 263 37 34 146
-873 355 65 66 171
239 561 35 60 189
-720 49 45 56 157
452 28 50 53 147
236 42 47 62 154
71 81 39 62 148
-117 635 58 58 159
131 614 49 40 187
653 391 57 34 174
-525 596 38 38 117
-359 360 37 34 136
804 292 46 34 194
859 369 61 61 134
249 44 48 37 111
233 489 52 47 158
780 156 63 55 124
-311 653 54 52 106
-820 509 57 55 171
333 339 38 34 114
756 121 64 48 102
-161 141 44 52 145
-378 150 47 50 126
-938 27 42 44 166
700 83 51 42 187
359 325 52 59 107
-456 366 34 61 132
525 382 43 41 125
-907 24 60 57 143
-945 28 43 53 156
697 107 65 58 115
887 529 50 53 142
-467 314 61 43 131
-393 635 54 62 145
-468 572 59 39 181
-641 529 55 61 103
300 385 54 60 166
-987 389 62 40 135
503 407 61 61 102
-116 360 53 57 117
-455 544 43 42 108
-781 482 56 47 106
19 109 40 66 197
-613 461 34 52 139
-398 37 41 44 173
733 505 41 53 193
-950 537 44 45 171
522 438 46 65 171
848 216 48 59 128
932 650 66 43 146
504 488 53 58 149
896 445 45 34 101
190 277 34 57 190
-707 437 46 60 166
-341 35 42 55 139
210 108 65 60 144
393 421 56 61 162
798 410 36 45 155
41 617 43 65 139
-484 565 57 34 116
346 103 38 45 115
894 253 44 40 149
-71 601 50 46 107
513 546 63 53 125
-838 236 46 60 122
480 357 52 49 136
193 300 44 39 144
-484 614 41 63 102
-610 609 46 58 147
819 450 52 37 132
-764 47 53 53 135
-674 46 50 41 158
-310 487 41 56 163
-801 9 40 48 180
958 95 60 56 125
-380 200 62 38 145
394 237 54 48 135
95 172 45 50 128
-110 638 55 64 179
-27 78 64 66 140
-362 286 48 51 147
225 90 60 43 122
474 130 34 47 145
707 462 57 41 174
-951 229 57 44 181
560 160 54 64 108
172 253 59 53 101
586 297 47 59 138
-560 109 62 54 102
-48 491 56 46 171
416 344 62 63 109
503 213 64 38 114
195 183 58 44 140
-318 283 39 57 181
979 521 51 34 153
-937 385 48 36 198
-578 19 42 40 103
385 614 39 54 133
-69 116 52 63 113
-564 260 35 56 167
-160 448 48 55 110
-931 309 57 43 116
-724 415 54 39 139
-199 195 42 39 167
-686 79 49 50 124
612 254 43 56 136
983 62 51 37 105
-178 45 36 36 109
321 513 65 60 160
-814 623 62 39 128
870 78 51 56 148
-289 356 61 37 170
-457 386 45 51 110
422 307 38 53 144
-482 222 50 49 153
-604 58 50 55 159
-191 14 56 49 141
489 372 34 45 119
190 376 40 66 117
284 21 43 36 179
-835 273 57 36 110
866 190 61 48 171
250 189 45 60 168
-788 640 64 46 133
126 476 52 54 167
819 619 51 39 186
358 15 40 53 193
378 384 37 51 191
850 418 54 40 117
385 592 36 57 146
-969 377 60 49 142
-383 96 55 50 189
64 96 44 55 151
-871 179 43 42 160
-934 297 61 44 199
-15 536 60 56 128
862 11 50 64 113
-940 198 41 50 105
-301 543 36 56 197
-221 592 41 37 168
486 613 59 38 188
363 261 55 52 177
-454 366 60 36 153
525 237 39 53 178
84 360 58 53 189
-986 280 52 49 101
23 592 54 60 195
-680 37 54 47 127
-760 516 52 39 113
-64 389 42 54 164
875 471 37 44 154
-99 21 60 66 118
661 196 36 38 175
142 485 34 56 200
711 558 45 52 169
132 476 61 51 180
683 395 44 41 178
615 561 57 57 135
26 303 55 58 128
602 51 47 45 110
-570 620 43 56 181
521 312 50 47 192
45 621 62 39 165
71 108 45 58 184
-17 24 34 37 174
-187 431 36 53 107
-777 387 38 57 154
487 436 52 52 125
-413 241 60 38 156
280 405 65 36 161
481 549 58 34 105
-672 214 59 60 120
136 428 45 42 116
-329 83 52 59 126
-577 530 52 45 163
685 44 64 52 117
388 388 40 36 119
766 252 36 54 114
617 396 48 54 129
-938 356 40 42 151
-865 298 41 43 185
769 214 40 43 154
173 79 45 64 200
-236 445 42 37 190
936 378 53 59 113
-942 293 50 34 120
-150 222 35 59 116
-355 348 65 42 127
-829 599 39 48 179
-566 303 50 65 150
343 268 49 45 170
558 512 60 64 195
520 535 50 46 155
-26 562 35 44 196
-287 246 52 63 171
285 510 49 50 161
-984 618 50 54 116
-225 526 44 51 133
-41 127 38 36 113
421 57 42 37 110
-858 164 35 42 157
361 79 45 51 143
-488 468 64 56 160
324 289 36 48 187
-146 443 41 46 159
-811 539 35 49 136
446 254 39 39 141
718 630 34 59 122
523 331 62 42 137
-285 373 34 52 161
150 215 38 42 200
-943 154 55 48 117
889 101 45 65 173
-953 635 38 44 182
65 20 57 50 136
-46 192 48 38 108
352 263 50 42 132
-567 178 40 39 184
923 545 35 52 133
-197 469 39 66 119
301 453 48 62 185
632 43 58 57 115
31 187 66 47 158
-562 617 34 62 200
-207 422 48 38 158
-152 385 40 53 188
-110 40 50 64 172
-316 137 38 53 187
-103 490 47 39 188
-445 627 54 47 108
139 609 62 55 167
-134 396 66 41 130
832 104 46 53 173
447 552 48 54 183
-416 64 61 52 108
966 439 34 52 137
60 5 34 58 165
190 532 49 65 146
403 70 37 44 172
-544 143 61 47 112
-169 271 58 37 126
816 165 46 62 176
646 436 45 34 112
740 347 45 44 199
-175 408 48 45 145
-653 217 45 36 120
-588 361 49 63 158
-65 179 65 35 116
334 286 38 54 171
-79 144 42 42 113
-151 412 61 39 168
185 345 44 65 183
86 88 43 56 132
926 265 64 61 179
-289 96 46 45 168
-246 146 61 35 135
24 125 55 54 151
656 139 51 35 114
25 165 47 66 152
465 449 51 54 150
146 429 36 44 165
-843 371 53 45 130
997 591 45 65 156
67 464 49 46 114
-15 97 40 50 160
31 84 62 37 109
530 286 46 64 159
-524 363 41 48 200
-133 302 53 35 162
609 288 58 46 129
787 333 45 35 191
-955 59 38 51 114
-108 293 56 48 184
-201 577 43 65 153
-718 391 64 57 197
493 43 61 34 125
940 24 62 50 105
347 451 52 43 163
733 52 43 38 180
-125 618 57 43 173
380 469 66 43 154
143 450 47 50 121
-64 626 56 57 101
824 285 35 48 199
942 501 34 44 152
-740 348 40 54 146
232 383 39 39 157
-852 289 43 52 114
232 319 66 34 149
-236 291 52 60 192
204 259 36 35 143
485 106 45 59 166
272 6 50 49 197
-47 496 42 44 139
-49 299 57 59 141
-263 650 61 54 162
-881 243 53 59 102
-636 567 56 48 181
634 81 43 48 187
-297 129 62 64 198
-93 460 56 51 190
-876 403 60 39 156
689 616 35 58 170
-322 365 63 34 157
-851 321 53 38 200
509 541 54 47 134
242 20 63 52 167
224 510 61 55 105
-57 40 42 60 158
-649 270 57 41 148
-72 327 34 49 188
-445 24 49 38 153
687 207 34 50 167
-522 206 57 64 146
844 647 45 65 176
533 230 63 49 136
16 224 56 54 121
-240 312 58 66 199
802 219 66 35 200
-543 215 55 50 106
853 274 55 39 161
0 300 46 47 184
-258 325 49 44 129
973 232 42 38 128
968 266 59 60 104
-774 641 42 66 152
418 314 58 57 170
-223 350 55 47 154
-434 482 38 56 134
914 452 64 57 175
28 222 51 42 126
710 333 49 35 158
-54 96 51 47 117
887 401 66 49 156
895 91 42 66 114
-57 569 51 48 165
-713 648 51 40 157
-698 541 49 62 153
33 464 45 50 146
-594 344 63 65 177
597 445 57 62 171
-820 173 47 61 122
-304 135 36 49 166
-790 531 65 34 118
958 608 36 66 164
-963 151 60 37 114
-83 639 37 64 137
-345 199 65 35 104
486 588 43 47 107
498 578 44 36 171
-773 106 48 64 189
-226 43 37 65 186
412 57 58 49 167
-694 460 34 65 157
-97 352 47 52 146
-377 655 65 45 199
562 205 39 58 184
169 247 61 50 104
822 464 55 41 189
91 207 40 35 166
-580 210 54 44 189
-498 433 34 35 139
-507 263 63 43 129
84 387 41 60 185
-396 225 57 34 104
-390 255 36 37 137
936 74 66 52 162
241 117 55 59 189
-66 412 52 42 133
-616 133 53 52 140
671 142 36 49 142
861 590 47 34 152
-193 554 59 51 172
-902 244 54 38 157
344 648 56 52 173
-499 332 44 50 125
-73 396 39 50 178
-165 224 47 61 171
442 495 36 61 111
446 196 51 48 113
786 461 35 56 199
158 589 40 37 105
-910 110 49 58 113
-156 287 42 51 145
888 648 57 63 147
-650 197 61 41 114
163 102 36 38 146
-597 36 60 43 199
-281 386 62 39 142
-389 153 37 50 124
-621 97 66 54 172
-84 290 39 65 181
186 439 55 63 135
-748 401 43 44 101
570 34 48 35 188
805 216 34 59 177
-377 49 57 59 137
-228 320 48 48 198
-786 72 56 59 194
27 595 41 52 139
880 291 56 47 133
-233 553 36 50 122
-988 259 56 45 154
-663 51 45 60 146
-988 612 51 66 109
-986 648 50 63 103
-374 477 37 40 197
-136 298 58 57 177
636 423 54 64 120
598 383 42 60 195
32 346 60 53 160
-824 577 61 34 199
-996 457 40 57 160
-185 606 52 42 142
790 348 36 40 183
-741 184 52 57 142
-330 83 52 61 120
-599 252 62 64 181
-956 77 42 38 144
-148 170 59 43 185
605 206 44 41 103
-793 136 59 47 175
-347 80 43 64 143
715 395 65 64 144
-477 53 48 36 143
567 471 42 64 145
428 98 39 34 135
249 543 38 35 112
460 132 63 50 122
-812 489 57 58 155
-803 522 55 64 147
-531 392 42 38 181
-917 95 66 41 120
369 653 36 66 194
160 625 40 48 172
510 634 63 45 160
-684 14 38 42 182
-56 429 38 62 157
864 396 58 48 175
450 207 49 54 136
-683 518 58 53 195
-911 358 64 48 120
170 421 65 50 198
780 82 38 50 156
317 545 46 41 102
630 488 56 34 113
416 599 52 41 156
-802 106 62 54 174
3 430 60 66 135
936 566 51 37 177
-170 345 54 61 122
-353 325 50 47 179
400 148 49 38 194
-966 602 61 66 166
-804 66 63 41 185
131 557 39 38 131
697 192 52 52 186
-765 520 66 48 191
49 92 48 45 174
541 299 64 58 153
334 479 50 36 190
560 493 38 53 153
-420 244 63 44 137
705 327 46 39 160
87 342 43 46 136
213 372 66 63 114
361 78 56 35 186
535 377 38 47 125
-407 125 34 50 127
-55 453 48 65 137
323 567 58 57 150
-907 591 49 66 116
12 523 34 43 127
879 282 38 49 148
771 2 39 37 138
123 235 44 38 146
489 443 44 56 141
654 175 35 48 119
-605 597 59 58 103
-45 552 49 43 193
907 557 37 40 107
397 501 65 52 117
-266 60 49 42 118
-322 345 62 39 187
412 312 49 39 167
849 402 49 66 185
971 635 60 43 178
-386 173 48 61 118
115 108 53 50 179
469 488 47 38 195
-192 306 60 40 188
-287 418 52 37 125
359 325 66 47 157
523 81 49 50 196
63 346 41 55 195
-727 581 59 47 136
-700 202 50 39 150
402 324 39 58 165
-38 317 35 59 118
253 563 34 51 133
117 372 66 66 149
779 198 34 64 123
-24 131 61 46 126
-799 112 51 48 130
364 139 53 46 123
712 207 56 53 177
-779 87 39 58 185
899 337 54 66 148
-918 347 56 56 125
664 344 50 63 175
-288 40 53 59 120
370 87 49 57 118
249 388 34 54 113
474 94 40 44 103
-264 28 49 44 189
469 506 50 43 113
-693 256 56 62 158
662 245 52 61 151
756 479 51 42 163
-226 95 46 34 136
-876 237 43 60 199
-279 107 38 64 105
609 490 54 54 191
-687 40 45 40 143
-636 43 40 50 168
-113 328 45 56 167
-453 160 62 50 145
962 150 51 56 172
163 577 38 49 117
-26 63 34 65 163
106 83 52 63 154
847 621 45 55 105
704 648 56 64 183
485 596 43 36 131
-477 547 55 63 116
-870 36 63 42 194
39 346 57 47 200
-895 521 55 57 106
899 551 39 41 161
711 487 36 64 147
-608 100 52 49 122
214 422 50 62 194
820 5 43 66 140
-739 74 60 42 163
-695 215 38 60 137
-919 437 36 43 122
754 188 43 53 136
355 60 42 38 159
-300 493 36 47 115
-583 518 63 45 137
202 450 47 43 175
-598 406 49 66 194
362 519 65 40 186
895 533 36 61 173
-247 328 57 63 182
167 31 34 58 171
464 85 40 60 117
-173 6 37 47 110
395 489 50 56 107
791 157 56 44 169
-709 349 41 49 159
-333 506 58 58 127
353 306 54 55 143
-305 329 58 60 175
-499 589 55 45 116
230 546 37 42 179
678 397 44 50 107
28 287 43 50 159
-796 172 36 44 178
3 76 35 64 146
-962 359 50 50 191
912 609 66 38 106
-584 203 44 51 117
935 222 64 36 147
562 399 61 56 118
-141 599 50 51 166
7 266 66 43 123
-706 429 59 36 154
705 160 51 63 157
-432 564 57 34 135
877 422 57 65 155
-586 554 61 65 162
108 231 37 36 110
17 503 46 37 156
550 527 47 47 180
-673 330 63 55 139
-87 190 49 36 156
805 652 59 66 161
-915 70 43 43 170
806 608 61 65 146
876 234 54 47 150
541 319 46 36 119
-185 148 36 58 197
332 106 58 38 111
37 81 38 34 149
565 93 38 64 182
75 342 48 55 190
191 212 44 36 190
69 307 47 56 184
-830 487 51 34 103
518 37 50 41 156
976 28 66 54 147
550 393 41 45 159
-54 515 59 36 133
-207 259 66 44 132
-159 243 43 53 171
-444 44 60 56 103
-859 287 34 49 112
-313 417 44 54 162
-561 524 56 46 179
-757 221 39 36 181
600 261 60 35 153
886 348 37 54 116
845 388 44 63 166
-655 179 66 57 161
497 438 43 54 190
768 7 40 43 144
-285 414 46 63 120
173 98 42 48 170
-417 436 62 54 110
315 98 36 56 117
357 537 55 41 171
-538 71 50 49 138
-465 528 51 43 182
826 505 41 56 162
118 193 64 64 110
802 225 38 45 120
4 524 61 42 111
459 247 61 63 149
-747 478 54 62 102
-725 346 66 35 138
-15 349 55 36 116
517 554 46 34 199
932 45 35 45 144
942 243 41 35 120
-785 17 61 37 128
980 641 53 34 185
323 265 65 50 125
489 334 60 50 154
-501 617 63 34 169
966 144 42 53 114
-960 133 58 48 140
47 470 46 55 112
-831 403 57 60 103
534 502 36 49 180
980 280 38 61 130
-896 138 61 58 135
143 134 51 62 108
46 324 37 40 170
156 293 66 41 158
611 39 48 44 157
-53 378 56 60 189
576 622 45 43 156
249 502 45 53 164
643 564 40 59 113
834 243 37 64 126
-547 63 40 49 159
-97 372 41 40 124
-48 167 44 58 164
975 410 43 58 196
-826 454 41 46 187
-454 230 54 46 143
-741 70 49 65 106
-2 136 45 49 191
-148 333 36 34 103
-743 594 51 47 177
-818 297 45 60 200
-861 63 50 49 175
-384 392 44 41 103
476 629 59 42 158
-476 634 48 55 144
-905 263 56 66 176
-442 364 61 59 153
454 155 48 48 119
557 367 62 58 106
-535 642 51 41 159
63 246 45 37 126
326 283 54 41 138
-975 368 66 64 193
940 108 64 38 133
-908 587 39 34 116
-212 578 62 37 190
973 370 56 40 163
250 2 41 65 118
415 366 59 48 170
68 442 43 54 146
-978 548 57 52 158
488 285 40 34 166
-499 92 44 56 168
140 215 52 41 101
-792 600 40 37 141
-4 123 44 34 179
-103 260 43 50 181
-338 189 49 65 170
161 218 47 61 103
-285 234 35 54 188
696 163 55 46 127
252 353 47 41 185
600 93 60 61 182
-52 386 66 63 167
-727 301 38 43 170
228 330 41 35 102
186 436 39 51 176
-356 158 37 58 178
364 167 44 35 177
-754 628 55 61 107
-506 477 60 64 110
-25 454 54 55 184
-243 240 34 49 162
346 96 38 64 157
-693 360 61 54 122
-211 412 45 50 166
-201 638 55 36 124
115 75 54 35 105
-483 549 41 50 197
937 544 45 59 138
63 117 48 57 143
-913 25 57 41 192
64 13 54 63 130
840 258 39 62 107
41 83 36 38 168
838 526 51 38 145
-147 87 63 40 199
870 499 39 45 127
622 359 49 57 116
43 105 60 44 143
-77 348 62 64 145
527 136 59 58 178
-792 289 46 52 200
-570 445 58 65 138
-992 357 57 47 189
4 172 62 57 163
789 564 41 41 111
38 13 48 48 120
35 144 62 64 170
-442 81 50 54 124
-993 198 63 40 171
-596 130 62 48 132
-840 387 61 46 142
-836 227 48 58 114
784 281 35 35 152
-968 540 38 43 176
264 263 61 65 123
-716 473 61 54 115
-15 482 37 61 187
-973 530 59 47 149
203 502 46 35 147
-581 312 49 42 123
-568 216 36 47 112
-794 136 43 38 135
-224 65 57 36 103
20 629 40 40 101
-546 407 38 35 184
-149 157 59 47 176
829 425 43 64 141
-507 646 36 60 141
820 291 63 57 171
845 269 38 41 145
737 238 57 53 109
-907 150 54 51 154
531 41 41 47 193
-212 441 45 40 115
-441 132 36 36 115
-922 307 63 51 104
343 528 48 52 168
-514 225 65 41 172
241 193 48 34 127
750 37 46 42 159
324 541 49 64 118
-962 186 46 54 142
186 245 64 34 112
-929 413 34 58 166
169 532 40 42 200
706 386 43 54 126
-366 193 38 44 183
905 136 46 39 132
-961 332 40 40 128
519 45 46 57 155
938 377 51 47 185
956 462 60 59 179
223 538 53 57 191
-722 202 34 41 138
-959 501 39 37 105
-955 139 54 62 176
109 574 58 48 140
753 439 60 38 182
-126 465 43 57 101
549 169 49 42 199
-896 507 49 56 166
-710 302 54 46 108
-135 357 34 58 130
95 535 60 48 165
-956 497 61 49 124
-728 282 61 52 124
-730 207 57 58 130
-842 186 44 42 185
680 373 38 42 191
996 458 56 41 147
-712 77 50 59 190
-779 398 45 46 126
322 289 41 63 171
242 224 66 49 101
-732 519 60 44 166
-154 345 38 63 103
-419 134 65 61 139
-550 550 64 59 172
-451 586 59 51 166
-814 444 34 61 108
-100 30 60 43 184
424 398 61 51 156
372 560 34 52 175
-984 263 56 63 186
467 96 62 37 110
-138 116 39 52 102
9 444 60 65 179
-903 648 65 49 128
-424 11 62 41 171
783 146 44 54 171
-144 467 38 61 197
644 95 50 35 132
651 484 35 64 133
-265 239 61 44 105
512 276 65 45 184
-308 336 50 58 120
274 219 55 59 119
881 612 51 36 153
-625 264 51 51 147
-684 469 65 64 141
-603 472 54 52 170
346 525 57 58 157
-410 406 57 44 163
447 256 36 50 167
-474 340 55 53 162
364 424 47 51 177
715 350 62 59 138
-216 538 63 60 125
-202 515 50 39 180
542 605 49 61 114
163 198 56 39 145
-795 43 49 63 144
