616
328 68 82 89 10
1000
649 441 36 48 78
592 332 44 48 65
590 484 55 51 45
621 337 50 59 85
533 50 49 54 50
505 118 57 46 84
682 58 36 42 88
573 216 46 43 85
540 348 54 40 67
594 94 39 59 60
538 201 39 53 56
665 474 53 47 47
548 377 39 54 84
546 143 48 47 62
665 12 52 38 80
595 376 43 45 56
614 82 39 46 68
698 258 49 44 72
520 82 36 60 51
601 76 45 58 77
506 47 53 56 48
505 401 46 36 49
641 382 60 39 68
552 254 59 54 73
633 154 47 45 76
660 53 58 38 64
635 347 50 40 48
583 22 41 49 55
592 487 51 37 80
582 143 51 59 57
655 467 36 57 67
677 478 58 60 68
583 371 59 53 71
632 89 54 39 53
597 96 54 45 84
630 126 40 38 75
527 319 49 36 62
639 291 44 43 70
582 475 60 45 60
649 469 39 39 85
575 276 39 45 63
603 262 57 42 68
549 314 50 39 77
523 337 58 45 60
636 53 48 42 53
668 246 56 52 79
669 266 43 44 88
696 400 48 48 63
559 477 45 50 73
590 236 41 53 75
551 401 51 51 85
570 142 59 51 52
683 282 37 54 63
596 45 56 46 88
699 363 37 57 77
681 191 57 45 46
593 135 45 59 86
647 27 44 40 71
582 212 47 53 77
604 501 52 47 86
693 471 49 47 63
665 7 50 43 70
530 179 44 54 54
660 76 52 36 69
504 454 39 36 76
647 57 47 54 87
556 493 39 36 77
536 501 54 48 72
506 494 48 58 45
651 52 40 53 70
673 183 45 56 45
645 32 45 48 48
579 165 52 45 88
684 34 51 38 46
653 425 37 52 57
667 93 38 55 77
677 470 52 56 70
561 465 49 43 66
615 284 46 49 59
690 513 43 51 74
552 79 56 44 71
609 181 42 56 60
630 427 44 47 63
548 270 41 57 79
629 251 49 44 55
553 192 43 46 62
597 428 49 41 68
531 17 53 43 84
599 208 44 54 63
665 432 43 48 65
621 376 59 50 85
651 377 53 45 57
533 412 45 60 83
596 63 41 54 76
527 87 53 56 49
589 362 50 60 59
693 178 46 50 73
613 449 36 38 58
580 418 38 41 61
551 466 53 54 71
700 47 58 40 47
693 473 38 46 84
632 266 59 53 64
577 467 36 53 53
691 379 60 39 54
601 297 43 38 66
644 439 54 39 80
559 102 46 44 65
541 150 59 42 55
553 290 41 40 68
627 369 46 51 56
563 230 42 37 53
553 65 39 53 52
530 317 37 39 74
529 76 56 47 86
529 98 45 46 51
582 472 44 48 67
505 57 48 52 81
671 348 57 58 58
588 510 41 45 86
523 71 36 52 84
510 447 47 59 68
525 410 43 41 86
635 237 37 51 87
523 190 50 41 77
699 513 44 58 47
541 170 42 37 81
614 129 59 46 84
691 158 54 57 87
556 200 38 57 55
696 121 45 46 83
596 307 45 59 72
509 502 37 56 63
619 393 52 52 72
620 297 45 56 51
595 217 39 36 62
606 272 50 55 54
581 435 41 43 48
585 111 45 51 47
652 142 55 60 80
531 5 56 46 59
602 185 53 48 45
508 441 60 36 51
669 63 43 57 60
619 408 36 47 47
617 142 41 51 70
650 367 58 38 81
523 431 42 51 79
613 182 48 55 77
633 238 40 39 63
643 467 45 58 80
646 475 38 45 50
652 397 40 49 68
634 273 56 55 74
523 325 48 43 60
572 219 49 44 61
614 373 59 40 80
620 393 36 50 87
575 454 55 46 76
536 83 56 48 50
681 323 36 44 64
642 319 42 58 84
555 216 52 59 88
609 90 46 55 83
561 281 48 46 66
652 90 55 37 77
636 51 48 50 75
587 237 55 49 49
547 32 39 56 79
516 182 39 44 52
537 492 39 57 74
540 210 55 57 79
651 255 48 48 75
583 368 37 51 80
617 153 43 60 83
700 16 58 56 75
576 363 41 36 69
519 272 51 59 73
677 288 52 49 56
615 126 57 45 55
570 246 38 51 83
593 84 51 54 64
529 82 53 50 84
632 286 48 50 62
550 52 46 41 51
668 49 45 53 69
645 294 39 41 64
692 409 57 45 53
505 87 47 57 86
503 119 56 56 67
674 270 55 57 55
606 172 57 51 46
648 383 55 36 74
544 100 53 37 62
589 233 55 52 80
660 415 60 40 81
521 386 43 41 73
518 511 46 45 56
647 212 58 54 57
525 504 57 49 72
666 265 42 48 81
598 21 57 51 70
594 40 49 51 48
627 274 43 55 77
532 311 47 42 59
612 425 58 53 66
651 472 43 56 70
610 392 56 56 65
581 176 60 57 88
515 9 54 40 64
654 60 46 42 77
576 225 48 53 68
509 20 58 51 82
530 0 54 42 73
635 82 60 58 60
665 285 44 38 79
539 364 38 36 45
622 506 43 38 64
590 309 40 57 46
654 338 48 45 63
582 178 44 39 73
615 163 58 47 80
591 76 58 55 63
650 1 41 59 80
549 144 47 49 77
559 428 43 42 82
567 281 46 52 58
626 188 55 59 50
677 157 54 55 45
501 255 47 53 61
529 375 49 52 75
500 461 39 38 73
561 171 57 52 45
602 336 46 44 63
577 373 48 54 58
511 88 40 51 75
658 282 59 57 66
623 76 36 44 63
517 101 60 39 83
672 356 55 55 52
671 316 49 37 46
559 21 56 50 77
571 131 42 52 77
621 420 50 54 65
548 312 50 52 73
664 302 44 47 62
557 340 39 53 62
677 336 55 46 45
502 70 51 53 75
672 115 47 53 71
565 421 49 55 61
617 391 47 44 57
541 227 55 52 46
685 109 57 41 69
698 125 57 57 74
677 17 37 51 56
543 180 43 39 67
646 311 40 55 55
656 321 58 56 74
617 158 38 40 73
685 501 42 36 85
553 61 55 54 63
685 486 48 56 63
531 235 38 43 73
506 239 53 37 46
558 377 50 38 77
638 329 42 36 59
674 257 41 40 48
576 440 56 43 58
583 431 44 60 66
518 437 41 41 82
572 361 53 36 78
646 498 60 44 47
513 383 50 38 86
517 124 43 54 55
652 76 42 58 66
550 134 57 42 46
647 351 43 46 67
553 203 36 56 71
567 413 40 47 61
591 462 39 42 68
609 399 41 54 66
500 444 48 59 65
551 416 41 59 86
692 398 50 40 73
693 311 42 52 79
514 20 54 59 57
620 484 39 49 74
699 180 41 42 58
564 371 56 59 57
685 28 44 47 61
616 339 56 57 46
633 290 40 45 55
674 513 48 37 51
510 81 38 47 79
519 307 50 43 80
580 296 59 38 56
674 394 50 59 46
515 2 38 42 88
645 445 39 41 48
671 155 39 54 77
563 402 54 38 64
518 168 39 60 67
508 511 56 50 65
545 356 51 40 65
502 61 40 44 74
645 300 58 57 56
604 485 53 54 68
588 91 46 53 51
609 42 57 48 67
603 348 48 46 48
515 456 36 42 53
524 245 38 38 72
700 356 38 43 70
568 409 57 41 47
661 349 37 57 51
503 187 52 47 77
585 180 45 43 70
500 443 42 57 53
542 43 50 36 58
523 25 39 48 82
590 500 42 39 76
605 358 59 55 67
619 299 58 54 77
576 189 38 54 52
510 430 54 55 60
557 146 57 48 65
628 472 46 51 46
548 43 39 45 83
691 464 50 45 73
660 356 53 49 64
665 39 38 36 68
570 356 40 41 84
545 263 60 58 77
519 20 40 42 62
617 229 47 52 75
507 43 38 39 86
548 306 44 55 78
550 426 52 55 79
639 357 58 54 86
633 21 47 43 65
576 220 60 60 47
576 212 42 44 80
634 9 54 46 65
688 413 51 51 56
592 384 36 42 77
643 450 44 53 79
649 215 44 56 50
529 67 55 39 68
628 425 41 54 65
658 397 52 57 48
693 72 59 49 76
630 58 59 43 77
626 258 57 56 76
661 240 53 40 55
544 18 49 49 51
521 465 43 54 48
512 96 60 43 88
684 373 52 43 79
614 254 38 38 87
665 255 55 47 68
593 115 52 54 83
654 480 52 40 84
683 260 47 54 79
553 339 39 41 63
683 248 41 36 72
682 354 60 43 71
504 207 40 57 77
672 422 50 55 65
611 231 51 39 80
671 30 57 47 70
615 416 60 57 85
522 332 57 41 64
513 100 55 39 82
511 358 42 53 74
679 197 49 40 67
508 366 53 49 87
532 16 47 38 81
664 161 57 53 60
640 141 59 58 87
671 98 49 42 88
637 213 44 60 57
585 15 49 48 60
516 5 36 42 52
662 407 47 50 45
592 57 58 47 62
550 432 40 55 70
630 213 42 36 64
599 107 49 39 83
562 418 45 45 68
593 81 56 53 79
525 297 52 45 55
513 93 49 45 66
653 380 58 49 66
650 452 37 59 84
591 494 59 46 78
566 258 38 58 53
656 71 40 43 78
700 333 39 59 78
505 105 46 39 75
559 208 43 53 78
579 215 58 58 53
688 496 51 52 73
681 266 58 41 84
509 81 54 46 56
599 516 53 39 62
549 364 40 39 68
543 451 54 55 70
502 249 42 46 45
592 149 48 44 65
637 283 40 58 70
503 58 57 49 57
615 377 60 54 46
502 166 46 57 46
609 477 55 41 75
521 175 56 50 65
559 349 55 53 53
660 512 56 59 72
602 281 58 54 63
609 216 49 51 87
631 450 41 56 76
609 329 49 56 79
575 133 50 53 63
547 214 36 44 85
574 475 47 53 77
571 386 58 49 79
508 17 55 36 59
550 450 56 46 48
664 150 39 49 76
572 204 42 37 58
512 337 36 37 51
545 306 44 41 65
654 435 45 59 62
566 81 39 53 78
609 341 55 47 69
535 290 46 37 88
537 468 39 37 88
627 288 36 44 48
661 378 58 53 48
518 25 42 38 62
583 78 41 53 58
690 226 56 53 57
534 447 60 44 79
569 32 39 56 80
676 297 54 58 45
532 303 59 41 87
512 171 42 36 79
596 174 43 40 65
686 278 52 45 73
566 51 41 60 64
639 118 44 41 66
528 90 48 59 48
582 418 37 54 57
680 232 59 46 63
632 464 38 42 61
677 133 44 40 59
626 209 55 43 70
509 172 39 46 83
554 39 41 51 57
505 153 54 51 49
670 498 47 54 54
613 172 43 48 78
632 339 57 48 82
640 163 44 59 83
610 141 43 43 64
687 134 60 49 78
697 242 37 39 69
603 227 45 45 64
644 487 40 46 45
583 327 48 43 47
540 237 60 56 56
630 153 50 52 58
594 330 38 47 55
627 361 36 50 73
637 218 41 53 56
557 48 44 59 57
699 78 59 38 75
600 499 39 39 73
684 474 58 39 62
535 482 39 50 70
593 281 40 39 78
522 70 55 53 53
554 286 37 56 49
529 256 50 55 72
559 98 51 41 60
643 510 53 51 77
599 88 56 42 56
540 324 37 58 84
623 298 49 54 68
522 338 40 56 73
627 502 48 43 55
631 213 60 44 50
518 253 50 60 79
526 103 54 46 59
698 218 58 55 67
687 131 36 53 85
606 348 55 52 52
657 184 52 45 61
675 364 38 42 66
692 446 58 55 72
588 409 46 39 87
651 292 59 43 65
506 374 37 56 79
595 200 38 56 48
566 259 60 58 87
529 240 49 43 50
630 191 56 43 72
596 455 38 60 83
619 336 47 40 86
551 325 36 47 76
669 144 36 43 46
615 390 37 43 65
550 438 43 40 63
649 392 57 57 87
686 455 41 54 45
535 225 59 56 46
695 496 58 43 66
602 490 40 42 72
608 117 53 53 80
534 75 48 41 51
517 191 40 50 71
521 199 55 49 81
657 182 40 42 61
527 7 38 46 71
502 240 43 51 81
518 111 44 57 68
503 169 47 55 50
541 504 55 50 75
526 367 43 37 71
678 219 53 60 55
641 33 57 49 52
651 144 47 43 77
572 242 60 37 70
598 181 41 43 67
540 267 50 39 81
505 190 38 52 86
524 460 49 48 78
639 381 55 58 66
632 2 53 50 64
653 172 57 55 62
687 169 52 60 51
669 249 48 57 51
597 114 45 36 85
622 279 59 50 55
611 84 42 36 60
660 17 44 46 46
694 24 37 42 45
699 215 56 51 78
628 263 37 60 66
688 2 52 56 81
644 339 39 43 76
567 476 55 40 85
592 174 51 46 71
592 203 52 38 67
679 369 56 51 66
647 477 40 41 74
511 313 47 46 55
542 145 59 37 51
552 429 48 43 75
601 100 48 55 53
643 45 57 55 64
620 24 36 40 72
604 440 48 39 58
620 326 37 49 62
567 138 55 55 81
683 25 53 39 80
502 128 52 38 77
532 457 38 52 45
640 476 47 58 60
516 342 39 46 87
584 195 45 45 71
502 249 48 57 63
694 11 40 58 70
501 145 57 46 79
646 351 57 41 73
647 339 57 57 66
689 110 48 38 81
573 249 39 53 62
584 79 36 48 86
597 462 60 60 45
621 191 37 46 66
680 444 58 39 68
539 227 58 59 74
518 4 47 36 66
699 106 44 43 81
550 491 48 36 47
673 39 46 41 66
561 450 55 52 45
576 248 57 37 48
521 121 45 47 61
523 165 47 38 86
664 100 48 41 70
674 368 55 36 55
617 391 60 57 45
668 370 58 52 85
583 350 58 40 72
591 111 36 37 50
647 285 36 44 45
583 360 42 56 73
548 289 36 37 65
576 407 37 54 62
694 18 46 39 76
669 38 47 53 59
515 145 52 42 73
667 436 52 53 87
643 84 51 54 48
698 74 58 51 61
666 473 57 47 47
524 353 42 39 71
672 398 38 37 48
542 475 52 52 71
550 492 54 46 70
519 175 56 39 84
683 353 47 57 49
519 454 52 40 85
501 355 55 55 75
605 418 59 38 60
689 270 55 44 78
598 268 58 48 78
613 283 49 57 84
599 149 38 54 57
538 515 43 49 73
529 205 48 59 55
689 183 42 55 72
685 169 48 60 76
545 236 40 40 84
649 450 54 47 52
597 205 50 58 62
643 501 58 58 63
578 202 46 38 50
521 336 42 49 60
685 294 40 48 78
575 257 45 45 59
592 357 46 56 73
539 220 54 43 52
522 1 48 57 73
668 302 50 41 81
629 346 47 42 53
574 304 41 49 68
589 120 59 58 82
665 406 56 36 61
678 367 54 49 55
613 374 54 42 66
579 240 53 60 54
601 354 50 56 49
524 435 56 57 67
630 445 59 48 77
547 366 59 44 54
692 513 40 53 88
625 381 44 58 82
547 70 53 40 82
620 430 48 42 46
590 338 55 43 86
602 146 48 45 53
534 96 43 60 67
593 65 58 45 61
678 131 52 58 56
512 269 40 52 75
593 72 45 47 59
590 459 41 40 84
690 94 40 48 61
556 510 39 43 83
574 496 46 58 58
546 376 58 53 64
542 238 41 57 52
634 5 39 36 50
632 228 36 60 59
603 197 60 50 58
553 486 45 58 77
532 430 36 36 59
611 141 51 55 56
657 229 40 40 82
681 220 59 58 79
694 404 46 55 70
633 2 58 52 47
636 260 49 45 60
668 427 56 51 48
511 253 57 56 83
666 108 50 49 86
533 415 51 40 84
669 400 52 45 61
532 81 41 49 53
547 510 49 38 69
593 133 47 38 79
646 10 46 44 58
525 61 58 42 66
698 421 50 44 60
595 105 36 57 70
568 102 41 49 54
594 17 46 47 85
619 396 53 41 56
533 266 60 36 83
556 430 50 50 87
671 415 43 58 75
590 342 53 45 55
563 40 52 38 63
673 137 56 44 59
568 149 45 56 87
685 328 36 43 87
510 183 51 52 81
642 270 41 56 63
579 343 36 48 54
524 489 40 60 88
542 149 56 48 65
594 212 39 53 70
603 78 57 54 87
567 357 54 37 67
627 3 55 44 61
678 377 60 43 47
565 328 43 48 88
636 505 55 37 72
686 289 39 46 52
678 341 47 56 80
621 462 57 56 62
576 205 44 57 88
572 449 43 45 48
677 333 56 38 78
637 239 40 56 87
647 95 45 58 47
593 227 54 58 51
698 453 36 58 58
612 139 49 40 74
562 159 46 57 60
619 59 44 56 58
562 361 41 57 55
575 353 46 38 78
637 142 52 45 71
607 326 36 57 71
674 388 53 53 70
650 29 38 49 73
540 158 49 46 57
557 504 51 46 85
594 12 38 58 71
665 278 52 41 53
548 473 36 38 64
607 508 49 56 58
646 240 43 53 61
581 189 38 38 65
595 507 39 54 46
663 221 45 49 60
668 390 60 60 52
699 138 57 56 87
575 304 37 44 59
537 469 43 43 52
525 299 55 52 88
514 139 37 43 77
585 233 53 60 82
523 91 49 44 76
682 141 60 40 59
601 224 38 40 70
571 272 57 46 64
595 368 36 49 69
533 35 53 54 76
678 499 37 43 82
598 489 53 54 69
629 166 54 44 74
680 244 43 48 79
506 29 53 48 50
542 119 44 42 62
580 203 51 44 64
675 312 45 36 88
624 54 52 52 70
607 134 40 46 77
590 461 51 48 58
552 436 40 60 76
683 350 49 36 85
577 512 55 51 48
662 33 60 41 64
525 93 37 54 56
622 243 53 45 65
598 250 42 57 51
689 179 36 51 53
515 355 40 53 76
584 478 41 52 84
644 104 56 53 78
597 397 40 45 67
650 355 52 48 69
504 73 47 37 54
681 508 53 41 84
546 421 39 37 56
620 208 57 53 66
670 201 58 46 88
582 500 47 53 68
625 425 56 39 70
610 325 59 37 77
565 446 56 54 62
565 340 50 42 67
654 89 52 47 78
619 479 49 38 80
545 367 48 56 65
620 506 55 51 52
684 448 55 53 65
642 271 39 54 78
613 203 48 48 80
602 44 43 60 46
680 46 57 54 69
638 238 56 41 88
605 363 47 54 58
627 242 55 37 88
679 82 58 57 57
536 213 38 42 87
668 230 52 36 61
601 509 39 44 74
500 253 48 37 61
695 156 59 38 83
663 217 60 37 46
576 256 50 37 71
672 188 44 38 64
666 265 44 60 84
672 495 41 49 61
507 116 36 41 61
652 241 48 37 66
527 192 41 54 46
698 128 46 49 48
663 489 48 46 69
540 290 50 46 74
555 107 40 52 84
605 54 41 57 56
616 78 39 54 82
543 387 59 50 58
593 181 46 39 81
693 246 47 46 48
530 175 50 52 53
650 302 37 52 76
524 473 49 50 51
519 144 39 49 62
554 187 37 41 48
648 134 53 60 85
503 99 56 39 85
589 319 38 37 83
595 491 58 46 87
566 55 43 55 55
681 218 40 38 71
617 153 58 47 71
614 191 51 46 84
697 36 43 51 75
672 225 40 59 73
643 242 54 43 58
611 107 42 49 58
614 335 51 50 61
591 307 57 42 84
630 185 44 60 83
502 273 58 47 82
545 281 57 39 65
583 354 47 42 50
537 9 59 60 75
672 373 39 58 85
620 358 59 49 47
505 369 44 47 54
652 104 51 59 54
568 460 55 47 76
522 16 58 54 75
667 350 59 57 80
580 408 44 51 46
662 430 59 38 81
606 435 40 50 67
659 312 39 58 51
519 174 45 54 60
535 294 45 44 84
609 282 56 36 55
511 465 37 54 79
671 120 42 50 73
599 173 52 48 67
631 105 46 50 75
522 482 36 37 75
675 100 57 38 54
575 228 50 56 65
596 337 40 44 75
537 25 39 40 61
537 271 42 56 88
578 105 49 38 53
515 302 58 50 76
557 475 45 46 81
672 487 37 58 55
592 161 50 54 58
632 128 41 37 87
623 375 39 37 77
596 405 48 56 45
692 503 48 56 54
564 5 56 38 72
555 44 50 59 77
583 160 44 45 47
585 181 51 37 56
627 309 37 45 88
619 501 58 46 71
605 279 36 58 68
651 372 47 38 84
654 318 47 38 56
551 390 51 43 46
625 74 46 59 55
658 83 38 56 78
599 177 59 45 81
548 228 48 52 72
583 51 56 46 51
559 213 48 36 63
616 197 38 47 58
519 132 41 50 83
581 199 55 47 85
595 249 54 58 76
514 180 51 44 58
637 213 37 36 56
590 454 42 39 63
516 439 53 37 49
673 380 58 36 82
601 165 50 41 48
611 206 39 48 76
658 478 43 40 66
625 255 40 50 88
599 72 40 41 80
572 193 53 37 45
679 134 56 58 62
570 513 48 36 57
599 461 56 50 75
664 399 37 54 63
506 392 43 48 76
657 412 40 39 62
552 440 43 50 63
699 470 54 46 70
525 303 48 51 46
579 265 51 38 53
569 353 60 49 64
645 35 49 37 45
598 113 43 42 61
618 106 52 36 78
621 199 41 52 58
624 68 40 47 47
655 179 49 38 71
621 512 41 45 86
691 39 44 52 80
591 181 38 37 75
510 36 59 51 66
546 348 53 41 76
690 488 58 42 86
650 214 41 52 76
586 304 47 41 66
545 32 38 59 76
632 371 38 43 59
659 387 58 51 68
555 488 56 53 70
684 462 43 47 68
681 495 58 40 71
556 461 53 57 48
508 313 53 41 47
507 242 51 50 65
510 115 51 37 63
690 215 43 40 62
602 36 36 43 88
660 227 57 56 56
566 116 58 54 76
560 46 52 57 87
580 412 56 45 71
523 418 55 59 63
511 234 38 57 66
505 444 54 57 56
577 462 42 56 70
614 404 39 38 76
592 230 43 42 51
691 437 47 39 75
679 479 41 44 83
646 445 38 54 52
600 294 45 53 85
624 150 36 44 77
573 109 56 58 54
549 167 46 53 47
639 325 47 41 87
621 317 59 48 47
679 110 58 47 88
502 72 53 37 76
544 396 48 59 68
500 516 52 40 71
648 440 49 38 77
692 203 57 59 88
569 71 51 50 85
658 44 49 56 50
626 324 38 59 75
683 380 47 51 66
502 346 59 44 86
606 169 39 44 84
687 417 58 47 81
666 348 49 44 86
616 121 43 54 82
585 106 49 51 76
688 94 60 38 63
644 152 52 37 86
642 342 57 58 63
619 54 43 38 62
533 239 50 55 60
673 455 36 45 87
598 458 39 46 61
615 457 51 38 67
521 362 37 45 55
573 245 43 48 59
519 334 51 59 82
564 127 39 52 76
558 102 39 59 52
545 392 46 57 49
512 193 53 36 87
619 194 39 38 59
616 479 50 55 71
649 507 39 52 51
