885
505 165 126 149 1
1000
-365 315 39 39 129
-393 556 51 34 169
964 31 46 34 150
968 225 46 48 131
-126 453 61 58 134
953 615 65 36 142
-904 493 45 49 107
-876 350 62 40 191
-124 43 65 45 180
348 357 52 56 184
929 487 48 52 171
-137 382 62 57 174
-785 96 57 39 175
678 612 45 35 165
-438 698 34 62 167
284 356 34 61 103
-66 257 57 51 163
-698 276 59 57 140
527 732 57 44 148
293 434 39 39 101
-800 513 56 45 120
-16 365 56 54 128
-514 528 43 44 115
-453 663 63 63 140
826 30 60 47 148
256 599 49 42 190
309 708 40 40 101
-775 10 36 42 187
-430 527 61 42 178
-138 486 41 34 123
545 226 64 46 193
-862 2 60 49 104
-670 734 66 65 103
-269 644 54 43 170
-34 64 65 54 178
1000 73 59 52 132
260 56 49 64 123
-194 586 41 35 166
854 187 43 54 199
542 169 43 38 143
-954 512 52 65 189
827 68 40 37 169
-450 201 61 53 186
-998 339 47 55 121
-171 247 62 66 152
281 432 44 49 190
-463 558 59 45 153
-159 288 56 58 200
-216 610 59 50 171
-381 635 38 60 181
-384 561 66 50 164
-772 274 34 57 167
545 404 35 53 185
791 124 47 44 176
34 429 51 38 183
446 768 55 46 178
544 300 57 65 169
917 152 45 43 181
8 300 53 40 119
435 420 45 50 187
-128 414 61 66 173
-440 89 44 63 192
891 555 54 55 185
8 652 66 42 133
123 756 59 40 169
-220 771 43 48 171
-756 99 50 50 123
889 373 46 42 136
581 262 55 62 172
-949 594 53 39 166
363 435 50 58 155
157 697 52 65 146
744 329 39 48 172
-649 775 54 62 105
-330 782 58 41 116
472 110 52 63 152
409 359 35 54 150
-683 776 55 62 164
-880 449 54 40 199
-925 693 39 55 193
-991 558 38 66 173
486 648 40 50 158
26 324 34 54 151
162 595 52 50 101
-773 683 53 62 107
-54 431 63 55 153
-628 753 51 44 172
178 448 34 47 166
-814 145 57 60 115
400 744 56 36 171
369 784 44 45 186
991 492 58 59 169
801 693 40 58 154
348 39 61 43 103
763 191 60 42 159
697 190 38 44 183
-989 557 34 54 173
178 667 60 64 171
780 186 44 58 122
871 262 47 58 166
-628 507 51 49 133
700 114 63 46 170
996 291 48 60 172
-840 674 61 59 123
1 768 63 65 161
-812 181 57 59 172
-488 416 52 66 172
-739 454 51 46 198
-65 523 60 61 128
-27 715 46 52 106
-345 253 57 37 131
516 714 64 47 138
296 517 43 51 127
861 232 45 57 141
-547 757 41 53 126
-104 255 44 62 143
-104 656 37 53 107
172 584 54 50 168
-170 331 35 39 184
-734 305 43 56 118
-971 262 65 64 176
640 197 47 66 174
-888 36 58 50 116
-857 58 56 46 160
-687 566 47 64 175
538 424 61 49 117
868 737 53 38 156
761 194 65 56 103
603 15 52 47 162
927 192 34 65 109
-324 372 66 46 154
-806 567 40 47 133
86 440 52 54 177
-770 278 39 53 161
230 702 54 54 187
-718 248 60 39 151
-572 607 63 35 188
-968 307 49 59 200
307 190 46 59 166
285 568 49 49 175
752 438 38 38 147
143 608 59 39 128
984 261 61 49 199
-720 102 46 34 198
-508 112 47 51 120
-964 492 52 34 184
-297 569 48 37 116
583 184 53 53 109
275 727 48 41 176
-357 776 65 39 192
998 253 49 55 141
-197 643 52 38 114
530 319 66 54 170
992 348 58 63 183
-650 572 40 46 139
503 397 36 57 184
173 741 56 46 105
-135 761 50 49 157
543 647 47 52 132
592 188 64 41 188
746 749 40 60 139
191 432 44 61 179
978 425 63 43 163
-491 266 35 55 103
-575 733 51 35 152
-708 506 58 42 187
-316 307 47 58 155
417 91 41 49 169
307 428 63 46 153
448 737 51 34 156
968 460 59 42 127
723 49 58 41 135
-406 61 56 46 107
858 259 61 49 167
-257 76 36 66 139
-875 23 58 35 198
561 146 45 58 119
353 290 54 64 137
-666 470 61 60 193
92 365 61 34 188
-213 711 63 44 147
825 9 46 58 102
-858 708 54 34 128
-237 634 58 40 180
-309 613 66 49 156
913 762 59 52 115
13 339 66 57 122
210 584 34 64 181
191 178 55 38 147
-984 107 46 47 135
-178 674 66 60 183
787 212 63 60 155
-671 63 49 54 170
-670 123 66 48 119
-925 209 58 38 173
-919 487 61 57 119
113 5 55 43 127
-788 288 39 45 165
902 672 57 58 146
499 449 55 44 130
-814 700 44 40 132
197 278 47 45 168
132 634 50 56 181
242 364 47 50 118
460 575 54 44 167
-561 723 57 64 186
172 768 62 35 117
-431 429 40 37 141
743 617 59 51 170
-487 510 61 66 162
-521 733 56 53 146
36 378 37 35 195
781 34 37 58 103
-970 363 37 34 189
115 109 40 40 105
-488 161 35 48 194
-53 88 46 53 109
-109 659 53 34 104
244 668 40 35 198
959 622 36 47 179
-634 169 64 55 199
616 41 56 48 152
-265 705 43 42 168
790 576 35 37 120
-763 479 39 59 174
927 118 49 45 178
69 685 40 44 161
804 505 36 64 174
429 719 49 56 186
345 466 40 58 178
-1000 516 55 44 146
-731 740 53 52 146
-179 121 65 52 193
637 136 44 54 175
545 232 61 39 186
105 441 44 62 129
-106 528 45 46 144
79 270 55 51 166
418 216 66 59 155
-657 85 47 49 136
65 503 46 57 176
978 175 66 36 156
-85 764 41 59 181
180 457 65 62 121
-438 193 63 40 173
571 311 57 60 125
-836 448 53 57 195
-307 76 38 64 168
22 16 53 57 143
73 283 57 37 171
-140 5 37 64 106
722 224 57 55 159
-500 712 42 57 149
896 410 43 59 171
41 220 56 37 104
673 324 55 39 130
-634 110 52 44 155
602 318 44 64 140
45 75 57 38 102
-220 110 49 59 142
-275 570 52 65 108
-452 202 66 51 198
82 666 49 40 169
942 273 56 36 141
803 295 65 58 193
-776 132 48 58 111
-310 237 54 47 154
389 297 42 54 122
-128 267 34 53 129
581 426 65 66 122
24 273 42 52 154
-622 206 57 63 147
-941 311 51 59 137
-276 330 65 39 195
-557 123 42 65 156
-159 217 39 62 168
-408 392 63 55 108
838 207 47 47 115
906 774 41 56 188
-910 758 40 38 156
-347 601 45 50 177
601 3 49 54 112
683 60 64 58 158
758 61 46 50 175
353 332 54 54 122
-935 398 39 65 149
-571 370 49 46 143
184 342 59 65 142
-856 650 51 46 197
281 403 37 47 101
-801 395 54 36 132
606 680 49 60 121
-631 659 65 42 157
851 539 39 63 134
287 226 65 44 175
540 310 56 61 118
344 459 45 39 166
-365 363 53 46 102
-339 587 58 54 175
744 424 49 49 195
673 649 34 39 134
-144 140 61 36 110
-424 505 62 42 126
983 174 53 59 153
374 505 55 34 105
89 497 59 57 123
702 300 64 39 143
-976 234 54 65 176
45 536 48 59 137
-898 537 47 63 174
-678 356 48 59 122
318 751 45 58 160
391 27 55 45 147
397 744 66 63 195
591 143 66 63 146
1 134 60 34 173
-506 371 66 39 145
894 199 65 38 161
-621 642 62 62 161
-614 432 53 38 112
199 526 61 52 151
-109 101 37 64 181
-339 208 61 66 135
-114 427 50 56 169
-93 428 38 53 171
908 527 54 43 189
602 373 44 34 162
-850 156 57 63 134
963 447 57 36 181
-682 643 56 57 165
-274 354 60 61 115
387 575 61 59 151
-206 653 58 51 129
701 55 63 59 163
-685 539 53 48 183
-639 761 55 55 127
830 332 43 55 168
318 581 66 66 168
-687 529 46 58 164
-589 505 58 61 151
530 568 56 41 164
-531 407 40 61 158
-974 703 52 55 190
574 716 62 53 196
-857 605 61 63 184
-222 224 58 44 131
-888 308 65 55 134
-946 296 63 43 156
-267 568 40 44 127
-231 516 42 65 112
487 278 50 42 105
-116 630 44 60 172
439 513 64 51 151
973 439 52 38 188
32 420 47 61 188
-100 95 63 51 160
753 270 66 62 155
536 706 63 60 128
-248 204 61 54 192
160 104 49 46 128
-465 82 55 55 162
-193 658 62 36 121
342 701 35 59 170
742 522 45 52 158
-275 696 65 48 123
-895 487 48 53 152
585 40 59 46 188
-800 247 60 41 125
-639 749 63 59 137
293 55 60 47 110
-314 259 43 49 189
-6 263 55 51 186
-151 470 48 66 184
-363 217 39 36 132
-572 699 64 65 156
920 723 46 52 185
376 463 48 63 114
-561 754 66 48 154
183 214 66 49 151
576 698 60 42 196
866 220 40 55 152
-443 735 51 42 152
1 183 43 42 189
-575 63 52 52 137
-943 437 38 42 104
-622 644 61 47 142
97 291 39 61 190
-53 557 36 55 181
315 736 47 41 136
-204 721 64 47 134
650 558 52 64 110
-255 742 37 55 169
814 493 50 36 122
772 683 54 38 136
-131 708 43 53 162
-918 288 55 59 196
-208 78 44 45 119
-45 378 49 65 194
-896 628 61 34 150
-859 11 55 65 199
-150 353 42 66 166
93 605 45 62 104
479 691 44 55 125
113 467 49 45 110
-655 179 45 58 153
291 693 49 46 163
844 780 46 46 103
607 643 51 61 111
-68 199 64 60 136
-892 575 66 46 126
-442 101 53 34 144
-744 315 53 52 162
579 544 50 40 135
-878 404 49 36 136
-843 550 49 63 183
-898 45 47 61 131
-64 90 44 41 110
-113 375 64 63 130
-879 163 64 54 138
-728 605 44 34 101
-226 409 48 36 155
-142 349 40 53 124
450 681 63 62 180
-524 143 35 54 149
-576 642 50 37 143
608 199 63 66 155
83 371 45 48 117
-494 384 51 52 182
-269 192 63 66 194
-750 221 49 54 176
219 638 59 62 149
-774 213 41 66 104
-162 87 55 57 170
-276 565 44 38 124
498 141 56 63 113
-204 233 35 45 154
529 75 57 60 120
62 566 54 57 116
633 300 50 63 104
-521 67 64 56 166
-281 161 45 34 118
-193 381 53 50 105
-609 623 47 39 146
425 596 36 37 172
119 783 34 61 196
-445 554 64 66 113
403 137 38 53 128
571 749 53 52 144
-904 251 35 40 169
-525 330 50 57 166
-349 269 44 52 102
-759 711 56 35 126
847 160 37 39 139
-54 213 40 36 101
-931 103 48 53 134
477 314 51 53 195
888 129 40 50 135
-337 262 34 50 194
-530 293 39 53 134
453 283 60 65 142
-893 611 57 42 103
-372 416 61 47 174
-488 531 39 63 101
-338 712 54 57 104
143 93 43 38 125
136 310 63 63 160
913 505 62 36 196
-705 661 58 61 190
393 328 62 54 109
214 50 35 60 182
-746 758 45 63 160
-784 515 63 57 125
41 551 50 46 176
-862 38 39 44 173
-317 443 39 47 120
-651 535 45 57 164
-15 574 42 66 148
620 107 64 55 134
401 721 64 50 135
-335 569 63 40 118
-350 486 59 46 165
-851 701 35 37 152
-201 449 54 64 188
-23 70 49 64 177
309 625 57 55 149
-938 358 55 46 137
878 64 45 43 171
167 543 48 36 140
439 723 61 51 148
667 243 38 54 188
232 344 65 58 129
-220 504 51 39 170
475 620 59 34 167
619 529 42 61 149
-592 725 40 58 125
122 260 59 48 113
-548 378 53 55 135
59 597 61 62 182
-293 555 42 38 130
360 216 44 48 174
341 356 46 63 159
-850 187 39 62 146
-972 228 40 61 164
187 229 48 66 113
-112 374 63 37 162
604 281 49 46 143
-438 573 62 61 194
943 349 46 50 157
-242 501 64 62 147
118 777 45 34 188
935 223 56 45 198
-860 58 61 38 110
-736 575 50 42 122
886 771 39 64 134
-969 217 55 57 147
255 642 38 57 171
505 83 59 40 140
-84 505 43 61 117
-290 325 48 48 121
774 424 38 54 144
885 478 44 46 143
-649 240 45 51 191
396 166 56 42 155
393 118 42 34 161
-60 280 63 57 181
-923 595 65 50 176
-877 687 39 64 143
585 556 54 45 109
-390 608 44 62 157
-85 436 43 60 104
-679 783 45 62 155
263 269 58 52 126
-305 631 45 51 191
413 182 58 49 191
-520 362 54 59 127
283 147 38 54 110
-19 774 61 56 192
386 53 58 65 180
-775 198 48 40 176
-277 116 46 56 118
-536 571 34 47 196
939 322 63 58 137
934 4 55 42 147
909 714 41 37 183
-902 258 66 52 109
-191 289 53 57 198
-231 484 49 58 180
67 612 41 56 143
852 563 41 60 198
-374 120 58 50 176
636 202 38 45 122
207 369 40 54 178
32 644 54 47 133
943 676 56 56 170
968 126 39 62 135
744 250 54 36 195
-781 594 58 43 103
-526 179 65 62 148
-721 188 63 60 121
718 720 63 50 124
984 153 43 41 153
-218 528 38 50 171
306 24 48 43 124
-211 261 56 34 162
-731 6 45 60 156
935 409 50 49 149
728 665 44 43 147
-216 551 40 50 151
-425 215 47 55 182
-482 440 47 35 166
-518 416 66 57 170
-41 769 38 52 178
218 409 61 57 144
997 224 60 64 192
603 522 65 56 131
-363 59 49 41 166
820 287 35 49 192
140 47 39 52 133
493 586 41 37 125
-214 396 58 34 193
-25 214 51 61 199
-490 538 49 44 195
154 553 65 42 151
916 14 50 47 127
-848 57 56 39 124
-55 424 64 44 128
-242 654 51 44 193
789 701 35 45 200
910 158 43 39 165
-734 333 36 37 180
-788 321 61 35 196
992 190 43 39 192
-372 97 43 47 104
-922 708 40 35 144
390 232 39 63 136
-692 591 59 63 103
619 7 48 46 158
-981 640 42 66 125
-111 228 48 38 182
-684 333 42 35 141
887 221 49 40 124
-723 747 43 37 178
-53 635 59 51 161
-384 32 44 39 178
393 171 49 63 162
-904 543 44 40 150
456 508 64 34 166
508 49 39 66 115
-893 640 63 34 108
364 235 36 49 171
216 107 53 39 112
-435 693 35 45 125
-260 503 39 59 176
94 265 61 41 137
-423 141 45 37 167
676 371 49 34 135
363 459 44 44 122
705 16 62 50 107
899 38 51 51 133
-960 510 39 59 108
131 695 42 66 172
309 97 36 48 124
-420 772 59 66 163
158 634 62 64 143
566 708 53 62 138
-131 220 37 50 105
-652 260 44 51 175
144 685 59 49 104
-642 335 65 49 179
353 396 38 44 174
435 90 43 55 142
-365 543 53 49 183
383 682 44 56 174
633 305 65 66 132
-703 503 49 57 112
46 92 49 39 151
-502 405 65 56 107
354 144 46 52 150
-863 192 42 34 123
110 777 40 37 165
657 757 37 65 133
-26 36 52 60 140
-648 286 51 64 141
-15 615 55 43 103
-970 104 57 49 121
787 153 48 55 150
-259 755 35 50 159
-865 14 59 55 170
354 372 48 39 158
-308 663 35 43 101
-960 12 36 52 128
-935 296 54 65 192
696 376 36 64 160
493 644 55 44 133
-748 723 54 57 128
-671 598 43 40 157
367 529 55 51 147
-114 242 40 50 119
-727 494 57 46 169
909 123 58 44 193
-723 599 50 49 116
-485 92 47 61 165
-781 473 51 57 171
709 421 58 45 146
-57 232 52 53 160
925 316 43 54 179
174 444 34 63 176
-284 512 64 52 118
507 272 36 51 142
-247 627 66 63 141
797 243 65 52 148
382 38 48 37 101
-212 123 39 53 151
-128 101 37 42 104
-268 457 38 38 154
-835 15 47 58 200
527 546 49 42 153
517 205 64 34 103
904 84 62 42 164
950 58 51 44 187
-726 302 51 52 155
791 33 39 34 135
-742 417 46 37 181
-908 364 59 57 142
-105 33 38 47 200
-138 40 38 63 146
374 454 53 37 121
179 558 38 65 136
104 338 63 42 127
729 193 35 46 153
425 450 43 42 171
-847 310 44 64 174
69 644 64 42 124
189 314 57 56 113
-449 640 36 41 147
-703 111 40 61 186
202 670 56 38 182
-68 438 37 57 153
-520 625 38 39 159
-573 415 66 35 109
81 208 57 62 132
384 674 52 51 146
805 402 47 62 143
-975 594 49 52 166
-980 520 49 43 142
992 696 39 56 107
784 286 47 64 121
-652 298 62 62 110
567 430 59 50 200
161 737 35 65 143
854 42 35 63 136
236 436 56 42 118
845 96 57 60 135
-790 360 35 43 185
-615 50 66 62 133
823 508 51 41 180
702 290 47 37 152
935 341 51 65 168
-965 182 47 61 135
669 308 61 44 170
-394 87 52 41 143
897 648 49 47 161
-173 155 36 66 196
-697 265 66 57 131
977 128 54 53 112
424 704 60 58 190
864 668 66 49 180
56 50 57 57 143
-690 366 61 49 112
727 506 49 35 137
-23 83 40 35 115
489 434 53 63 114
363 592 38 56 172
-640 755 48 53 109
145 507 46 60 141
744 485 36 39 138
-445 286 65 44 155
-68 42 39 47 117
425 218 51 49 197
-494 31 43 42 119
-896 601 50 59 163
619 677 66 48 175
-901 426 41 52 171
727 254 54 42 157
520 132 45 49 160
-518 423 64 48 107
-599 338 56 50 170
257 331 40 62 109
802 512 45 50 193
-688 626 39 62 110
581 399 63 38 170
867 520 40 46 155
-608 692 65 40 105
207 755 39 50 174
-131 7 51 53 112
-323 443 66 45 196
45 574 49 54 155
-949 567 65 39 181
-483 361 49 40 119
-419 85 65 51 164
343 388 47 43 190
-99 523 41 51 142
191 590 53 65 136
-955 310 64 38 148
-648 149 46 63 179
430 687 63 46 199
-972 80 51 63 101
515 100 45 41 139
-373 526 59 48 108
-298 494 42 59 113
-108 703 65 47 179
527 31 51 54 174
114 354 48 62 138
871 644 47 44 130
-509 231 61 46 107
804 471 48 54 154
-451 512 53 60 196
118 131 57 46 113
-511 285 40 42 122
-277 471 51 37 149
146 179 56 54 159
-195 780 66 47 193
957 657 59 57 105
-349 58 60 51 185
388 10 66 35 158
-717 745 50 53 159
-773 428 61 63 184
33 600 54 38 142
846 732 66 65 163
922 202 54 34 157
425 106 38 64 152
195 768 45 56 198
550 754 35 55 129
156 675 39 57 118
264 87 42 58 112
455 60 43 37 107
-62 199 60 56 148
30 13 42 43 151
528 623 53 57 145
-330 568 49 56 113
325 173 47 48 126
-979 360 37 63 169
-711 729 56 60 125
866 65 51 60 159
-595 167 41 40 168
807 349 34 44 196
31 381 51 41 118
442 6 58 60 113
-261 238 38 42 142
986 85 39 62 123
224 147 43 52 180
130 9 54 37 112
908 412 43 42 121
630 213 57 50 199
686 665 59 66 126
-515 320 49 40 145
-43 761 36 43 107
424 549 61 62 174
668 470 52 49 191
-31 599 47 43 187
369 406 65 66 196
-475 77 65 39 171
-199 366 44 41 143
-432 318 43 56 104
814 354 61 38 143
924 416 65 63 159
-982 261 51 58 109
715 737 44 60 132
-477 339 40 36 108
936 703 42 65 146
-583 234 51 54 143
471 375 61 50 110
-510 201 43 66 146
-822 675 54 55 139
-712 269 53 66 185
-114 782 40 56 135
-238 631 61 57 162
720 400 54 39 130
450 699 65 36 173
820 467 62 52 179
129 632 50 53 110
926 309 48 64 137
-767 258 54 52 197
-669 323 65 47 167
-52 488 59 54 148
237 311 64 50 135
-868 150 62 44 167
968 590 39 42 194
616 368 61 61 122
-246 633 54 37 149
75 494 61 57 165
293 427 35 41 133
391 302 37 47 115
420 714 45 44 110
985 18 53 57 131
-142 585 44 53 139
751 429 61 48 109
17 331 53 49 198
-156 137 56 55 146
-492 198 48 64 149
752 4 39 61 170
459 84 51 35 111
596 397 44 57 168
-958 630 41 45 143
-682 335 50 39 106
-986 679 60 61 141
211 477 37 49 163
-328 731 42 39 172
407 38 40 40 187
-231 85 46 50 199
984 0 44 37 108
-601 43 51 54 184
362 65 56 39 171
-590 265 38 45 195
203 779 60 47 147
-635 742 63 56 128
-90 45 51 39 119
-15 241 49 64 158
927 267 55 54 185
134 5 50 58 182
406 676 62 58 121
109 623 50 57 114
115 624 57 42 134
356 715 55 59 103
659 81 39 60 199
55 394 59 34 110
694 36 51 46 174
899 369 44 36 163
211 651 35 36 155
-689 311 59 40 147
-207 325 52 52 151
-153 156 48 42 104
156 517 46 45 163
-214 622 62 63 178
-606 292 45 46 140
-536 720 43 48 195
31 489 36 40 124
774 446 36 55 185
-728 719 57 37 125
-801 611 54 38 103
667 346 34 36 120
-220 637 36 54 144
448 119 60 46 103
-784 260 48 64 152
-254 479 46 51 171
214 474 35 53 168
-757 129 38 46 128
469 307 43 64 101
152 150 41 36 155
-112 391 62 56 147
686 317 49 49 179
-25 1 58 63 102
-74 785 54 63 146
-812 516 36 34 147
468 624 36 62 175
803 157 59 36 145
236 355 57 46 113
736 289 63 36 188
-323 470 48 63 122
-186 89 50 42 112
647 336 34 59 142
787 83 52 50 166
-253 323 48 60 117
-909 64 41 60 192
807 767 57 65 155
566 143 40 41 116
-333 587 62 50 126
-662 223 53 65 176
588 198 38 63 146
-794 110 48 51 104
770 432 60 51 113
-369 622 49 46 165
625 779 59 56 192
33 547 53 43 116
207 548 44 39 121
-580 346 64 44 118
572 50 42 48 193
-413 537 48 42 110
-174 595 39 65 132
-681 313 42 45 145
-134 259 40 57 127
659 354 54 65 143
563 218 36 60 139
22 351 56 43 110
160 641 43 66 175
-449 53 46 65 129
497 159 56 34 155
-600 152 46 34 192
434 87 66 61 105
976 675 65 50 187
62 417 53 41 159
892 533 34 48 101
-211 142 48 62 112
-283 419 57 49 103
879 583 64 42 123
-958 255 48 55 181
197 149 49 47 157
-76 46 56 51 148
-665 642 60 43 104
-831 652 37 45 131
-977 132 52 34 126
-233 637 53 34 122
853 534 55 65 190
-908 341 56 62 161
868 233 41 61 180
249 783 60 54 199
-358 146 56 35 151
-186 177 43 42 151
-221 770 41 45 133
425 107 52 51 175
-38 60 40 66 181
-627 84 43 45 136
-961 718 59 38 136
820 632 40 49 132
978 293 37 48 155
836 449 36 54 189
950 773 40 57 146
337 282 44 66 112
-2 121 38 50 114
722 322 61 51 126
569 339 44 43 126
-4 735 58 47 176
-940 375 62 48 139
536 302 59 50 190
404 263 63 42 179
886 31 49 46 134
-41 10 45 60 129
-379 574 64 39 155
372 592 65 43 142
93 670 64 48 155
384 64 56 46 156
-315 91 45 50 160
48 320 41 48 182
714 125 54 66 139
584 281 65 65 129
-94 354 42 43 171
-559 265 61 40 175
361 387 38 60 194
-262 444 55 51 177
-255 241 62 40 191
