625
395 160 166 161 15
1000
-956 404 54 45 192
-140 366 34 40 113
99 298 43 59 155
296 9 37 41 163
747 462 58 42 125
144 436 46 55 102
855 235 40 52 128
288 346 52 50 171
435 26 64 45 123
-896 175 46 61 117
-179 247 50 41 153
670 127 66 64 190
-704 93 58 39 170
-196 173 56 37 119
893 460 64 39 169
882 472 66 55 124
732 261 42 56 119
684 55 66 66 192
572 188 63 50 118
484 54 46 51 136
-66 46 55 56 199
237 274 44 38 105
32 189 34 65 164
45 492 43 55 168
-755 286 66 63 110
-734 228 52 50 131
704 254 65 38 120
-147 139 54 37 138
847 5 55 48 139
-69 429 57 62 157
-908 239 47 39 171
-812 482 62 62 153
-312 204 39 40 168
264 455 45 52 109
-946 364 48 59 133
-831 505 62 59 146
983 207 56 57 103
-749 32 35 37 108
-721 181 54 49 133
503 208 48 42 101
-86 473 50 46 180
329 68 66 40 180
454 86 53 34 154
-973 378 49 65 167
-865 509 34 57 115
-433 195 41 51 147
966 243 47 52 104
-157 412 48 35 117
-850 276 46 42 142
-200 384 39 65 173
-313 167 55 35 150
-424 322 43 43 158
-712 95 64 44 164
-843 221 58 41 127
375 5 65 63 192
316 335 37 54 198
-660 37 41 61 132
992 247 37 47 151
-356 279 61 44 106
919 120 49 47 139
443 464 61 51 101
-171 146 54 44 149
-951 54 62 61 199
337 363 52 45 138
797 333 57 58 103
-161 322 47 50 149
575 198 63 41 188
464 184 62 58 144
-976 99 55 45 179
694 291 40 43 158
-916 181 43 37 112
-685 466 61 46 107
980 398 62 60 145
720 372 37 55 143
-758 26 36 34 125
461 143 63 44 113
-992 230 54 41 150
60 414 55 59 151
826 15 39 48 130
631 177 51 53 115
336 197 55 35 166
-825 99 34 34 116
-942 244 38 60 101
-849 168 56 55 178
560 83 56 43 103
202 444 41 56 174
163 410 63 55 121
-733 30 47 55 118
664 242 66 37 112
492 513 56 58 182
-386 63 34 62 175
-535 21 63 55 156
646 449 62 66 178
-137 109 39 51 131
408 389 65 52 109
-976 114 61 35 191
-627 182 55 36 128
661 166 37 61 124
-465 24 53 60 180
-454 8 34 65 183
-339 256 36 41 195
-39 83 36 41 187
361 357 41 51 115
-968 465 52 56 195
-602 140 59 43 124
27 125 53 39 102
-717 216 54 66 158
352 354 44 65 117
801 359 39 47 190
792 356 60 66 120
-254 129 56 45 117
-485 483 51 53 139
713 258 37 52 141
-940 90 36 47 116
539 224 53 46 146
789 458 50 47 156
657 221 64 57 121
-249 179 37 46 143
-553 201 38 38 122
655 279 55 47 174
-379 145 49 59 169
-40 33 35 38 167
562 197 51 41 120
1 335 65 41 200
-835 257 63 53 154
-36 36 56 54 200
245 364 37 40 125
-527 383 64 54 128
665 346 47 46 143
-715 229 46 49 106
-55 305 36 42 152
-993 258 51 36 142
751 377 65 62 116
-522 234 36 40 124
-342 137 58 54 185
-876 192 39 61 195
669 181 38 44 111
538 405 39 35 153
-927 349 49 64 156
292 59 55 36 166
-170 496 61 63 137
803 315 51 35 110
-867 425 36 35 144
-846 418 49 53 162
-344 235 65 49 125
-682 74 40 34 149
-683 301 57 46 182
810 35 62 44 129
681 115 52 49 186
-267 456 34 52 149
-972 380 59 57 141
931 91 36 35 112
716 313 66 44 163
-335 284 46 41 186
669 381 61 61 181
229 326 48 61 139
-776 381 42 48 151
-969 240 41 44 163
-622 420 36 55 103
-221 242 53 49 137
809 315 65 40 153
64 101 52 38 163
-944 88 38 44 116
-948 472 56 57 110
-964 71 47 38 142
-378 70 66 48 121
16 330 65 65 141
-208 33 42 66 101
398 277 34 35 122
857 133 65 34 193
427 304 48 36 108
117 295 49 62 136
-430 434 36 54 133
-698 55 63 40 200
-802 92 60 44 130
-659 441 44 60 170
555 513 47 53 181
-975 306 53 39 175
-974 100 51 49 148
-984 296 47 35 141
-276 86 66 55 158
410 337 44 45 189
102 209 38 65 125
804 267 59 49 153
152 269 36 37 170
-194 177 46 65 147
632 324 34 63 141
-718 452 54 49 118
-3 469 65 43 188
-907 109 39 61 126
15 137 66 58 199
986 398 38 45 181
-262 13 41 64 193
-117 255 41 41 119
-454 197 58 39 137
-363 291 47 66 186
487 50 54 44 104
816 167 51 36 106
103 509 66 62 157
-731 407 54 34 155
347 258 44 43 183
242 253 66 49 145
-95 345 63 44 162
976 485 53 54 160
-813 294 61 44 126
-417 145 59 45 199
373 452 61 54 173
-525 436 53 61 152
952 25 37 34 186
794 399 38 52 179
-29 186 47 65 153
-687 149 53 34 155
-401 440 62 57 124
-887 186 54 55 143
-353 286 44 34 174
908 37 61 38 194
840 161 34 36 163
-738 163 53 55 106
-162 329 47 60 129
74 167 46 56 152
-232 500 45 36 184
-830 65 65 66 194
566 331 56 51 145
679 245 60 35 130
646 298 54 64 171
477 385 54 53 194
-126 175 49 66 127
229 157 47 63 183
-91 195 42 59 159
-265 445 64 50 186
-85 359 52 62 172
941 458 47 64 170
-442 355 48 60 132
205 191 37 45 132
929 7 58 42 164
-865 187 47 48 113
-665 172 61 50 174
110 173 38 49 191
-195 309 43 38 155
602 465 51 52 192
-789 163 52 44 118
-86 464 53 51 135
590 404 62 36 108
-766 182 48 54 175
981 134 52 50 141
992 123 50 66 142
737 117 65 51 159
-521 19 56 53 109
860 222 40 50 161
274 63 57 57 124
972 297 56 63 112
284 150 36 54 117
890 15 40 65 180
468 374 36 53 190
-84 80 46 62 102
-103 344 41 63 167
-523 129 66 35 103
167 94 66 44 125
-182 413 48 55 125
-464 308 55 55 192
-488 251 43 45 111
147 472 48 65 185
29 400 56 35 158
-898 82 62 43 146
-173 492 34 42 104
441 282 37 57 108
276 245 48 61 105
-745 171 63 53 144
-788 185 64 34 139
-208 306 59 45 183
-728 253 61 59 190
44 336 65 46 194
470 411 40 41 183
676 62 45 35 141
-406 189 56 65 198
510 59 62 49 102
-418 211 50 45 121
140 148 54 42 123
-526 79 39 40 198
-523 184 45 34 155
677 517 66 56 144
-869 110 40 45 179
-183 234 56 60 130
-777 54 51 41 190
-101 14 49 56 112
571 131 62 45 172
-714 196 66 61 196
-986 62 46 35 187
555 11 56 35 190
488 206 35 66 191
-693 422 64 61 151
629 59 61 40 157
317 330 57 34 144
-592 441 45 56 133
289 21 55 46 123
-571 19 64 50 139
-178 133 56 58 111
929 208 65 54 109
179 80 47 58 119
371 46 65 56 140
742 284 51 38 143
-688 38 52 36 144
-485 194 61 63 129
67 278 60 45 102
-207 463 60 40 125
382 350 47 41 132
902 229 45 50 195
-827 109 53 59 127
-6 206 55 51 136
769 354 37 43 106
426 310 57 63 186
-959 393 42 42 124
930 431 49 63 104
-556 423 65 48 105
387 201 58 40 144
-179 295 64 35 187
-573 414 53 41 111
779 244 50 42 161
674 269 49 52 196
-182 55 42 51 159
220 177 58 62 163
-407 146 64 60 152
430 149 62 43 143
255 79 42 62 151
-385 429 64 51 130
718 109 51 61 176
-155 38 62 45 199
-177 431 49 44 117
656 97 63 38 130
-315 224 43 47 105
-766 279 56 39 194
-174 26 56 58 190
35 109 64 65 104
-915 136 41 59 138
-912 175 53 42 196
8 333 41 46 108
389 107 37 49 122
770 43 39 43 160
-523 113 48 48 194
715 423 55 57 198
-259 22 61 48 105
-374 251 39 58 151
-680 11 39 42 111
-603 398 57 55 183
285 392 42 56 142
781 351 41 58 109
145 2 38 65 198
678 481 65 42 198
168 46 37 53 178
-902 332 57 34 136
200 392 45 48 182
-326 223 43 34 171
601 149 36 41 158
976 292 53 47 152
-606 33 57 66 106
670 174 65 49 113
839 87 35 46 128
-542 460 59 43 139
165 141 47 51 134
239 414 66 63 192
751 92 49 62 200
-644 469 63 34 165
240 277 60 51 199
-94 246 59 45 117
427 223 48 41 142
-728 488 52 45 120
307 512 54 35 147
678 228 40 44 167
-760 156 59 59 188
696 424 38 54 165
171 470 34 36 159
564 75 58 42 148
-72 113 41 64 110
901 428 36 53 133
260 169 50 36 165
-570 66 49 57 178
-115 64 52 53 101
-573 7 49 64 115
106 287 35 57 163
-971 519 49 56 141
-265 407 57 37 118
149 34 66 37 126
62 433 55 52 127
-992 121 50 39 115
971 81 58 35 163
319 501 54 59 183
-317 210 60 34 155
-136 108 42 52 192
-78 60 45 36 188
-686 291 44 48 181
-372 238 39 49 124
-14 389 64 59 143
851 364 42 37 125
566 2 42 39 182
-701 207 49 52 102
849 100 47 43 177
329 275 58 39 111
-17 517 49 64 199
144 511 47 53 145
213 511 34 61 177
-188 258 38 40 134
-463 387 48 62 147
-746 475 46 47 199
-634 511 44 46 141
748 499 52 65 185
847 165 41 58 124
423 321 52 47 164
-295 491 44 41 120
293 282 47 51 158
734 26 53 36 147
584 314 37 47 144
-886 220 66 47 104
-406 487 36 40 180
285 110 46 51 171
708 432 44 59 105
-36 102 42 42 191
111 389 64 65 191
-575 388 35 40 149
487 7 63 42 167
100 176 59 43 199
518 343 56 51 175
457 478 66 39 135
-458 229 58 36 181
657 453 62 38 180
989 456 62 63 177
-547 137 59 43 115
-581 91 48 45 154
-996 196 64 41 171
3 391 43 36 129
-33 330 36 41 135
-645 484 64 41 132
864 364 36 38 124
-55 155 60 40 197
-125 523 41 56 183
66 19 42 51 182
-369 370 55 56 143
-207 273 34 39 138
188 118 51 61 158
833 439 38 46 156
713 262 51 65 180
-961 404 53 54 191
478 350 41 52 138
923 90 35 42 104
-778 382 66 59 126
-679 402 34 60 155
966 157 48 41 178
61 345 41 60 185
-717 152 35 50 135
-190 189 61 58 177
-391 258 53 62 171
314 326 63 50 137
-272 184 65 50 158
-303 439 63 60 156
-41 156 42 51 129
833 64 66 34 101
-560 0 37 52 130
-649 266 63 37 121
-934 424 45 46 120
240 326 47 42 139
954 135 63 61 106
-851 266 52 61 177
178 435 61 65 139
-136 403 63 53 139
-306 413 39 47 109
599 18 62 37 123
882 328 43 63 107
14 46 66 36 139
711 47 65 46 168
-64 249 55 64 159
47 396 49 58 165
-956 94 56 34 117
-549 44 36 54 180
890 254 51 57 110
-183 116 43 49 166
447 373 53 48 180
-285 309 47 41 159
490 484 37 40 194
901 70 49 45 113
-799 314 65 52 112
-751 366 48 58 195
499 122 48 35 158
851 114 58 59 168
-315 153 41 58 170
411 488 66 45 130
-373 378 60 34 158
-609 465 62 53 118
-41 20 39 38 168
946 250 62 56 120
-864 320 48 62 120
717 68 58 59 161
-619 59 38 56 122
82 170 45 63 199
-140 25 40 59 167
-846 168 55 37 164
-62 3 46 38 102
-235 293 46 46 165
-878 269 47 58 130
104 283 35 60 173
359 271 45 60 110
453 424 50 48 132
854 317 36 59 131
-790 341 54 60 197
365 314 65 38 167
-210 35 49 37 174
471 0 43 59 166
-528 364 39 63 185
716 426 45 34 132
-76 317 50 53 152
-787 418 58 64 116
878 349 43 38 105
-480 208 39 47 180
851 268 44 60 163
-441 301 64 53 160
-717 157 59 35 179
774 30 39 49 145
991 363 61 66 178
619 369 52 44 128
422 206 48 39 143
-66 283 62 36 158
-149 427 43 49 187
-487 25 62 43 187
-348 506 58 54 186
-966 370 34 42 155
217 85 40 54 156
826 345 52 44 127
-300 501 41 57 197
748 220 60 38 181
339 376 54 40 170
701 65 58 55 110
411 242 60 45 128
463 485 58 36 176
-542 501 37 48 126
-82 141 43 51 153
-217 439 50 59 124
-794 520 56 47 166
719 59 51 46 187
-128 208 50 47 164
842 55 35 59 114
101 433 55 47 146
-833 69 56 41 156
107 414 34 63 154
-622 282 49 50 173
-311 263 43 41 127
781 135 45 65 158
678 232 47 40 185
891 134 36 60 182
556 131 54 54 164
296 466 43 64 103
588 345 48 51 187
-847 509 49 48 124
-319 179 60 62 123
69 71 36 42 135
340 397 57 44 136
-438 427 64 64 180
615 118 57 41 193
866 28 48 49 112
28 322 54 44 172
514 128 64 66 148
-852 2 49 59 168
894 0 51 55 101
332 98 36 52 113
-248 516 35 50 172
-281 447 65 45 185
886 322 66 52 130
-803 152 59 39 114
-906 36 47 44 156
524 399 65 39 146
-57 217 42 66 104
-304 214 62 39 110
-323 309 39 54 177
-977 194 56 47 101
393 18 49 49 120
-210 120 49 55 124
633 465 44 56 191
977 135 40 56 135
882 98 55 42 166
521 517 36 39 148
664 322 53 46 177
39 184 40 40 163
-83 301 59 55 176
-324 364 38 53 159
462 220 36 53 156
-848 367 55 53 183
956 278 45 49 109
-106 290 40 65 161
-813 58 51 50 109
655 166 60 58 129
-291 214 42 58 125
-432 489 51 62 131
-889 173 43 45 130
740 293 52 60 199
-52 421 39 34 122
97 178 58 35 189
-341 83 35 63 145
-70 516 42 64 108
-288 302 34 61 165
456 305 59 35 158
869 413 66 59 141
280 71 36 58 167
-860 94 55 42 131
-695 420 34 63 114
902 99 49 57 162
394 345 39 49 187
-500 456 66 62 135
685 27 42 55 193
606 82 34 63 175
-67 156 37 50 146
332 383 53 44 185
899 180 56 62 162
-494 130 36 61 182
-113 6 55 51 179
-714 176 66 50 182
-941 453 62 47 160
-26 291 62 58 196
-742 508 46 45 150
-856 145 64 43 175
-969 459 60 59 197
-676 455 37 47 123
757 313 43 36 162
-402 165 55 57 147
980 77 55 36 108
-747 250 43 59 182
-863 9 64 57 110
-306 376 66 48 177
-834 383 66 63 181
557 222 61 44 123
-184 98 35 52 146
-632 280 50 45 146
-172 247 34 51 128
-464 235 58 54 101
655 153 42 58 158
108 148 44 49 197
-803 51 58 62 180
682 484 45 63 117
244 411 60 51 116
201 235 39 36 141
-78 370 56 55 127
955 448 59 44 187
97 430 42 46 134
243 59 58 49 121
-401 165 37 47 129
820 85 46 44 142
559 460 46 55 148
-187 195 36 66 171
-206 231 42 65 113
-647 56 50 44 172
-243 230 55 36 144
94 115 36 34 118
-124 310 60 58 101
-755 338 56 34 189
132 460 52 62 149
804 247 52 43 158
23 156 66 63 155
995 337 40 56 158
430 138 61 53 161
-784 122 45 55 114
678 365 45 58 101
-641 77 39 36 159
650 452 44 37 166
41 440 46 57 126
956 342 48 49 181
-402 484 56 34 134
290 184 36 34 133
-749 256 43 53 114
341 324 57 39 186
56 111 66 54 126
-174 26 41 56 193
80 292 47 49 179
-343 412 40 58 156
-425 506 35 63 161
627 172 43 64 193
359 80 49 44 136
710 489 64 56 175
-924 324 46 45 102
182 450 60 51 125
-228 157 53 61 126
-356 171 62 50 163
363 397 41 54 147
608 364 39 42 162
600 454 43 59 137
533 83 37 34 143
651 188 37 62 123
403 414 59 41 149
-23 123 65 57 191
-724 35 40 53 135
-89 246 51 52 187
722 399 37 63 168
187 434 63 48 160
-222 119 46 56 154
-782 389 35 50 124
-213 390 61 52 137
984 482 45 46 136
-663 207 46 54 141
782 310 62 52 196
-506 496 43 51 137
-594 356 52 54 153
-124 519 58 58 170
721 388 40 56 158
316 65 40 44 162
-5 315 40 61 184
-855 522 46 35 113
-399 282 47 43 141
391 364 39 37 186
-502 4 39 64 159
-854 92 57 44 184
-828 291 36 64 137
-834 14 39 39 150
919 253 54 46 108
834 194 44 41 178
-885 450 60 57 130
-450 306 59 55 166
126 214 45 56 170
323 125 37 50 137
578 254 37 46 109
564 346 47 65 183
-490 62 47 42 162
-218 399 66 50 130
-839 488 54 64 200
-247 340 52 50 132
914 470 48 44 117
-580 516 61 54 175
-5 385 37 36 194
-680 166 39 43 138
87 317 51 64 168
26 151 56 37 172
-406 213 49 59 169
492 467 56 51 134
0 509 64 44 124
-458 40 43 38 195
-278 455 54 60 156
101 491 60 35 166
892 144 44 47 149
27 114 51 46 109
509 271 44 53 133
980 10 43 53 196
532 14 65 62 146
16 278 36 41 190
-902 509 46 58 143
985 459 48 45 116
-369 103 40 62 151
648 4 64 35 194
652 115 55 49 101
673 66 65 54 101
-694 444 39 65 156
580 200 50 47 199
-828 297 61 63 171
868 98 43 57 190
-206 178 47 35 114
927 180 44 34 146
-143 101 53 34 183
-830 171 45 56 179
658 102 52 56 183
238 44 41 43 136
457 306 44 60 149
-239 330 59 48 186
-105 132 41 49 115
105 498 48 59 174
-671 77 57 63 199
-938 57 43 38 101
760 234 40 49 142
-865 24 53 40 174
493 335 59 58 104
466 219 63 58 182
846 65 54 34 165
234 268 55 57 186
810 450 56 63 143
-359 180 36 51 105
211 333 59 57 185
-696 146 63 59 115
734 450 38 36 144
594 93 44 59 183
672 134 36 46 179
-343 297 60 47 195
375 272 42 48 103
-800 241 41 35 116
189 481 38 53 178
-14 242 61 59 143
-687 425 65 48 126
-702 481 43 55 119
-556 353 39 36 171
41 343 48 58 176
910 260 43 36 197
-32 412 41 40 170
-138 269 42 34 132
-738 187 49 47 114
953 109 45 40 109
-66 316 50 58 105
-467 49 36 44 128
71 521 56 64 187
28 505 52 58 146
-317 248 59 39 176
218 81 34 50 134
41 320 57 46 121
151 503 63 34 122
62 77 42 44 129
-467 24 44 37 148
464 79 44 46 174
-942 449 53 57 199
7 308 35 42 116
-671 126 45 44 176
48 66 36 61 150
617 53 44 34 112
805 283 34 50 150
-970 180 63 61 147
-338 278 61 57 192
-405 427 40 44 165
-266 431 37 43 153
-156 182 43 64 102
352 295 36 38 199
884 21 58 52 144
999 290 55 36 185
-679 88 57 50 117
687 329 44 44 139
312 323 35 58 181
599 457 54 50 149
-261 254 55 55 106
950 483 44 57 164
-175 23 53 48 122
-764 89 36 34 190
-19 308 36 40 152
-463 105 53 61 178
-433 44 43 52 163
718 31 56 57 120
870 160 44 43 178
892 16 44 60 114
34 322 34 65 142
903 180 40 64 191
-436 175 59 39 119
-734 38 48 43 150
458 281 46 52 119
-370 5 46 54 145
163 281 52 51 143
-818 30 46 50 160
-272 314 42 42 151
-619 260 39 49 126
-512 417 62 62 183
-80 14 62 52 190
-68 198 55 46 198
44 168 66 57 113
-497 491 36 56 138
56 467 59 48 122
209 394 43 46 191
-847 478 59 60 177
-388 268 49 49 121
881 420 57 42 145
343 257 54 59 157
913 297 55 62 196
8 4 39 62 190
386 188 61 53 162
525 503 50 47 105
341 487 52 52 165
143 455 52 63 126
-596 138 51 55 196
904 468 52 52 178
-664 124 41 66 174
-427 132 62 55 136
-916 208 48 44 145
43 301 39 34 124
-644 493 62 35 118
388 80 50 62 133
-204 256 35 59 122
-3 34 64 34 141
-224 105 66 47 183
690 346 35 38 114
967 499 38 65 200
-521 130 51 64 126
335 408 49 47 110
278 124 35 38 196
-893 354 60 60 189
-634 336 66 44 116
-369 360 46 38 137
180 518 38 45 200
-764 309 54 64 125
377 329 37 55 114
-727 428 55 53 147
64 16 61 63 147
215 375 44 41 120
-252 162 34 50 126
-357 86 52 40 124
-13 277 60 34 181
-325 249 43 50 116
8 390 53 50 176
-851 63 39 41 111
941 67 55 62 198
141 227 57 55 185
31 76 58 57 127
-405 71 40 47 168
155 262 40 44 193
206 496 55 36 144
-452 174 57 54 181
667 483 63 45 127
161 429 46 40 123
979 116 36 34 158
289 397 66 36 109
232 418 45 47 200
-349 502 58 59 104
428 17 57 38 118
-408 321 55 44 128
606 502 64 54 107
687 281 43 45 125
901 359 35 65 133
285 5 40 64 109
-363 269 60 51 143
911 66 40 43 130
225 36 61 39 150
-159 480 51 39 181
-395 154 55 57 118
369 461 56 54 198
713 137 34 58 169
969 496 58 51 171
868 116 63 55 175
64 337 56 48 101
-575 408 56 39 123
72 399 46 58 105
-367 494 49 64 159
183 167 48 53 137
-597 29 35 34 128
955 207 49 45 101
-205 326 66 43 148
815 392 60 59 197
858 110 48 35 193
790 91 35 64 164
-630 343 57 47 165
622 188 52 42 116
-120 166 40 39 129
407 260 58 42 176
815 196 65 48 175
-283 110 41 52 143
502 310 60 64 142
-688 357 43 57 181
-398 390 37 51 164
512 309 53 39 118
-288 189 54 61 157
-621 342 63 35 137
-939 443 65 49 145
-54 214 61 64 193
-936 364 38 65 111
-551 107 46 42 149
50 433 65 62 138
150 186 46 41 114
138 313 34 58 104
-103 414 46 49 133
-922 469 43 46 171
69 97 51 50 191
57 342 41 63 106
-490 428 42 42 135
809 514 63 47 194
-303 385 50 51 158
219 2 65 51 174
-837 483 42 41 129
-776 274 51 43 152
-702 189 55 47 180
301 475 41 36 135
828 63 63 55 197
-337 288 49 41 137
-284 443 39 61 188
721 277 60 37 124
67 14 55 64 146
-759 417 39 43 128
-728 35 51 48 121
-380 185 63 59 116
-842 437 46 66 181
-315 438 63 54 142
600 28 53 66 192
295 96 54 61 198
-907 309 38 62 197
-545 54 60 37 181
-1000 164 58 46 117
-421 439 43 41 135
-19 401 35 51 188
783 118 58 38 120
-898 269 34 50 136
-106 23 64 37 184
-654 356 38 54 172
-960 267 47 51 102
-199 158 60 45 166
-239 517 52 57 149
-771 86 42 40 130
-286 340 41 40 128
124 287 38 51 138
-826 367 61 53 140
-970 311 62 38 135
-36 123 36 41 182
849 146 39 66 150
587 269 49 45 111
432 14 54 56 172
-766 473 56 41 166
568 258 34 56 180
866 94 44 61 147
598 207 48 36 159
-760 27 56 43 119
766 139 60 50 175
-996 172 37 58 193
-429 246 40 37 168
403 281 57 52 200
-782 468 52 46 179
154 1 40 37 136
-836 357 60 59 133
-971 155 54 59 113
665 315 37 54 146
