990
766 19 16 60 8
1000
55 600 54 54 47
-729 151 59 56 99
-248 668 60 45 92
-399 38 53 42 95
350 41 54 58 27
-511 474 53 51 7
157 18 56 52 53
-824 291 51 45 52
973 74 46 54 99
105 753 60 59 27
418 467 43 59 47
50 883 51 60 84
706 472 51 50 39
844 681 56 60 80
-716 70 57 43 43
-705 96 59 60 66
-479 727 52 57 22
-936 14 51 47 98
-843 253 53 52 26
-994 125 41 48 76
-92 23 58 52 67
415 345 55 60 43
-960 405 50 41 99
936 711 53 54 41
-728 620 50 47 72
296 360 58 42 66
348 622 43 53 9
-330 628 57 43 3
-739 268 57 55 9
-585 188 54 45 88
241 407 46 55 42
740 748 53 42 25
978 435 47 44 64
-9 232 45 48 37
785 548 50 54 52
-152 228 49 53 83
479 128 54 51 7
-556 359 57 41 32
373 536 60 50 99
-437 368 43 45 36
510 805 54 52 59
390 16 53 53 67
639 340 46 44 36
685 529 42 44 50
751 395 59 41 44
720 333 51 56 9
-722 435 51 56 98
-253 798 48 42 86
-225 787 54 51 59
883 513 46 46 66
913 577 57 57 55
620 227 48 49 10
-442 305 50 46 91
848 765 49 44 82
-55 38 52 51 77
958 618 44 42 67
733 314 55 49 65
-356 225 43 44 28
-489 105 56 57 23
-354 33 46 46 61
242 730 53 47 5
279 1 42 60 6
-245 170 51 51 12
-437 662 55 45 22
444 815 55 60 98
-266 246 54 42 89
237 798 42 57 87
841 827 49 54 12
183 127 54 44 19
-655 534 50 49 14
-494 180 58 49 89
940 416 41 47 22
-415 85 46 42 89
963 414 46 47 55
429 246 58 52 40
-994 890 45 59 25
512 667 56 55 38
-187 17 49 47 21
-859 9 52 44 12
14 149 60 51 69
218 544 46 58 46
-471 166 43 53 43
614 301 49 48 1
779 273 53 43 27
-926 290 44 52 81
692 57 59 53 52
-78 557 54 48 32
122 551 50 59 91
-931 470 59 52 32
-74 527 41 50 19
603 385 49 59 39
-295 554 53 58 62
611 64 60 52 38
-595 194 43 41 44
898 351 57 47 84
831 691 49 53 45
-261 724 48 43 4
-663 612 46 59 4
446 592 59 55 85
-286 824 55 44 18
-67 645 55 55 8
769 879 41 60 72
182 486 49 54 35
-867 178 57 59 56
-345 460 43 43 63
772 524 51 51 66
217 33 41 48 88
480 751 56 41 6
-938 61 54 47 65
-620 399 53 55 14
-848 171 51 42 8
943 719 46 59 21
996 392 56 41 76
-183 131 60 60 24
59 622 48 47 76
518 151 42 60 30
-514 27 48 48 57
208 163 44 51 57
-272 886 52 41 42
-914 649 52 51 44
304 701 54 48 14
-621 885 42 50 80
908 391 46 54 61
96 217 46 42 75
-780 873 55 60 97
-896 370 52 52 1
596 182 51 59 3
-940 182 45 46 91
439 521 60 48 42
490 373 42 46 52
-618 745 60 52 78
-601 268 57 41 4
339 267 47 43 65
899 738 41 41 60
847 794 54 51 52
606 669 55 49 69
235 389 52 56 86
-548 860 45 48 77
-314 596 49 52 73
3 73 56 49 36
-903 289 42 53 82
-970 61 60 42 89
631 167 49 54 32
159 377 60 42 97
576 320 51 57 83
534 542 54 60 6
-394 580 49 58 52
345 682 49 52 28
791 789 54 48 76
409 478 45 46 92
440 66 41 41 36
-498 216 50 52 30
234 700 43 42 52
-193 259 57 52 89
-394 354 55 47 13
-229 605 41 51 68
-78 271 56 57 69
675 303 45 41 58
-115 853 41 44 21
618 377 45 56 98
535 474 59 55 87
945 136 56 47 75
-291 723 59 60 71
943 128 46 50 38
-679 147 44 55 15
-995 46 59 42 20
947 21 56 50 14
-104 644 42 45 21
559 556 50 41 63
-434 637 42 59 19
-70 394 43 59 18
444 502 56 56 92
351 542 58 41 53
711 239 50 41 81
-218 483 41 56 52
298 801 56 53 40
548 661 44 41 24
-921 152 58 52 88
-374 24 53 59 58
113 212 42 60 44
-865 710 54 43 9
-811 317 49 50 86
959 559 41 60 61
-152 71 56 45 61
-17 224 51 54 76
-526 274 54 59 80
-353 631 47 54 44
-373 205 51 57 16
-692 692 44 53 35
202 256 56 47 23
-606 158 56 49 21
-258 359 50 48 91
100 155 42 41 25
876 21 54 47 73
162 254 58 50 46
-753 195 43 50 9
369 574 41 49 65
985 772 47 42 73
-382 257 43 55 54
625 196 59 52 52
975 130 57 57 16
916 181 59 58 84
-111 542 47 55 63
-443 581 41 58 34
-362 333 56 47 84
-269 531 46 60 100
822 655 59 41 77
-651 282 58 50 8
-110 456 55 54 87
285 542 50 45 98
-438 84 53 52 97
-864 480 55 56 27
-775 308 49 48 97
796 561 48 59 55
786 785 56 58 59
-760 577 54 54 20
744 4 49 43 39
-604 693 41 47 4
-149 728 56 59 56
-156 317 43 43 88
1000 55 48 42 9
-229 190 58 60 92
535 236 55 58 49
600 92 48 45 42
-974 84 41 42 22
-638 163 54 49 36
-633 87 42 44 61
984 478 58 51 61
-916 463 58 43 59
728 386 52 44 91
-826 24 56 44 43
-730 467 54 48 49
372 769 48 48 78
204 253 45 45 40
-117 84 41 46 76
715 19 57 54 68
255 878 54 55 61
-182 871 48 47 100
510 335 56 56 75
728 101 48 43 4
-955 294 51 48 36
195 851 60 46 68
932 186 47 42 84
-905 887 42 48 25
-356 543 58 41 75
80 837 56 56 99
-520 613 47 60 71
822 689 47 55 57
998 242 55 46 49
884 158 49 53 82
491 430 44 49 39
759 692 57 54 47
-516 394 59 58 94
-665 591 54 58 69
675 95 42 52 38
363 260 58 43 39
-370 532 44 49 23
-218 383 54 54 10
-891 704 55 56 35
342 634 49 50 49
-984 8 44 43 30
233 401 50 54 70
-134 457 43 59 79
-386 680 47 55 42
917 203 49 47 80
-771 684 58 59 100
768 31 41 41 29
679 652 54 53 69
206 8 58 57 36
763 313 53 42 62
-486 426 47 57 98
995 320 56 51 56
-740 19 41 50 6
-177 647 50 43 82
600 477 52 41 17
-602 555 42 51 81
70 462 41 41 8
-790 46 43 54 10
-593 735 54 53 84
226 122 52 56 19
51 382 59 54 89
-419 354 44 60 69
-656 548 45 46 8
-163 882 46 54 33
-184 793 41 51 63
6 318 49 58 41
451 432 46 50 67
318 271 53 42 67
-199 324 46 59 81
882 132 44 57 7
-640 503 45 42 64
-351 135 47 58 46
-863 712 41 44 81
-781 93 50 54 85
-561 154 54 55 87
-930 702 42 56 54
-731 141 57 58 16
-701 588 47 52 99
-492 243 59 47 31
969 424 55 54 39
708 867 52 45 60
-793 26 49 49 69
-815 729 49 49 97
-9 241 59 54 35
827 289 52 48 43
301 723 58 49 37
435 211 60 53 72
-662 166 48 49 39
527 545 46 43 59
490 729 41 46 79
270 345 60 53 39
-583 457 57 46 98
-411 844 53 56 13
347 806 53 60 33
539 21 49 60 35
-918 431 41 42 48
436 855 50 44 83
-242 206 50 57 17
-698 475 47 56 6
435 17 53 42 44
324 806 52 55 66
556 683 58 50 73
760 521 44 52 24
-408 712 57 44 91
153 748 59 46 45
-316 462 52 58 97
649 775 43 48 90
-542 234 46 59 85
-687 26 59 60 1
193 341 57 41 25
-501 136 51 50 93
495 79 41 54 58
-502 687 42 60 93
30 884 55 51 23
-163 742 57 50 73
-281 666 53 41 51
-742 13 53 55 17
-212 563 54 47 52
-974 169 43 54 7
922 115 58 48 12
-596 310 41 45 68
971 850 59 50 7
-194 469 49 48 28
485 553 46 44 78
217 400 46 55 96
-285 362 52 42 62
306 151 45 59 8
756 139 58 43 21
-817 77 59 60 35
-548 435 43 41 85
695 482 47 58 84
650 274 50 43 39
-580 708 41 50 3
-713 851 50 54 62
-245 517 60 52 80
286 49 58 60 45
450 194 56 44 73
417 287 51 60 42
-901 709 42 55 49
337 860 60 60 35
504 773 57 57 55
893 799 46 57 62
-43 552 41 56 10
451 223 51 53 15
868 372 57 60 8
-247 451 47 50 66
-255 345 43 58 54
-802 326 42 50 3
-72 211 48 51 6
-221 772 48 53 12
-459 616 60 47 15
-840 723 58 50 20
-33 696 50 58 100
948 312 48 55 74
971 91 46 47 6
593 694 51 54 87
-653 739 58 60 29
-363 589 49 49 33
219 157 41 49 76
-703 556 57 49 51
-26 719 58 57 42
843 487 56 47 97
885 237 49 49 52
-177 31 60 58 21
358 41 55 52 88
294 117 42 53 89
948 828 57 56 42
-906 412 54 42 47
440 800 46 56 77
241 146 56 49 60
-940 876 54 51 8
-999 448 44 44 32
814 261 55 50 77
421 118 44 48 39
-819 826 44 54 52
255 589 53 51 10
514 295 46 50 84
996 872 47 48 87
572 149 48 49 27
509 830 57 51 19
-915 467 53 43 40
483 667 43 44 8
109 347 57 41 33
153 237 59 48 26
-374 238 50 54 66
689 509 53 53 95
-306 757 54 53 2
212 362 59 60 49
-132 363 57 42 26
836 702 44 54 52
441 166 46 48 17
474 288 55 55 60
245 333 53 54 48
654 685 42 51 12
-396 600 50 56 23
-604 782 42 53 40
-168 503 59 59 84
683 723 49 41 70
-323 688 50 46 56
-488 501 53 49 30
-114 560 48 45 22
-791 727 42 53 19
944 480 59 60 50
-81 30 46 53 92
-27 511 51 47 20
217 480 57 55 71
-232 890 50 56 86
187 162 51 59 6
877 570 48 54 38
-159 827 56 51 54
-65 460 59 54 5
149 352 52 50 71
-226 346 55 44 17
66 647 58 60 44
-549 563 49 48 28
-930 338 58 53 74
816 665 43 53 26
849 818 41 56 12
-188 239 41 51 32
-148 572 47 58 12
-527 492 54 54 41
-371 768 41 44 62
-222 551 45 54 93
-840 527 47 54 16
-505 877 43 50 42
-456 277 56 41 51
-804 185 56 55 5
968 213 41 58 14
301 312 56 42 93
-263 529 54 56 10
248 767 45 50 45
767 486 48 42 25
45 161 51 43 27
-374 661 50 48 30
-813 450 46 59 44
609 772 41 41 27
432 76 59 43 61
-929 165 51 46 78
-82 553 53 49 1
-263 120 53 42 8
413 122 54 57 85
-872 569 41 53 95
-928 605 57 44 64
-424 196 49 53 95
-760 223 43 53 75
300 429 59 52 8
-760 238 55 51 12
589 534 58 46 90
-693 635 55 59 77
420 300 57 60 99
-104 124 52 59 55
957 734 47 56 96
998 124 46 60 95
160 774 56 44 20
-250 797 49 41 23
-769 394 57 42 36
-960 841 44 55 87
44 384 51 60 98
-586 637 46 43 49
-106 391 41 52 29
-246 464 56 51 18
460 108 59 46 52
-274 3 60 50 53
733 437 54 44 21
-91 677 53 58 33
369 741 51 46 54
-192 388 46 42 22
978 410 51 43 42
378 500 60 55 50
272 842 52 51 1
478 454 42 58 11
675 392 44 59 15
-424 800 50 53 5
673 116 59 43 81
326 113 49 58 91
836 86 53 55 63
-745 631 52 58 51
-384 57 49 60 12
-262 378 45 44 85
-534 750 55 55 87
549 1 53 52 3
-956 475 45 41 53
-79 175 58 55 4
-920 866 51 51 33
96 435 48 47 81
-349 648 45 45 96
149 559 57 45 63
977 280 46 46 47
858 91 44 60 95
906 16 55 46 85
-421 283 57 55 8
143 477 54 47 43
-545 271 44 50 30
226 797 51 46 12
-394 182 41 44 24
909 554 43 44 38
405 852 44 54 63
-734 40 46 54 47
-309 425 43 51 3
-699 708 46 55 67
32 71 53 42 24
-485 32 42 52 67
-818 869 58 44 30
-863 819 48 47 23
739 311 48 55 83
289 162 53 45 57
591 785 60 53 19
-832 705 59 57 95
571 354 59 49 33
-320 159 59 44 29
-301 852 57 53 43
-226 817 53 51 23
-93 616 41 55 62
-899 68 56 47 66
-152 79 44 42 47
106 311 46 57 32
583 1 42 47 77
-494 609 57 43 89
816 834 45 52 37
628 450 48 51 34
108 807 43 41 75
-664 521 47 49 100
-932 869 52 43 50
-390 193 51 48 54
-459 284 59 52 51
-420 422 57 48 82
-84 683 50 49 66
-883 745 44 54 87
-243 581 42 59 5
88 88 42 54 37
-445 656 42 58 56
-331 5 54 57 7
680 337 59 45 99
147 770 48 53 20
-485 21 43 44 52
-897 880 43 50 46
-517 593 54 51 94
-481 266 60 51 15
827 606 56 55 63
900 491 53 45 31
-579 736 52 52 93
-179 338 59 49 54
-675 773 52 55 62
-389 740 49 59 10
45 745 43 50 65
-977 525 47 53 69
-199 751 53 57 11
318 720 49 44 15
-894 150 53 53 60
-557 479 42 55 11
-655 299 56 44 61
97 632 54 41 37
-159 545 53 50 39
525 23 59 55 54
714 465 52 51 34
-869 185 46 49 92
375 816 58 45 23
-952 415 47 53 67
-327 371 60 49 56
66 505 47 53 88
395 406 41 57 36
487 166 56 53 15
-680 627 50 45 49
-141 445 45 50 54
745 824 50 47 67
-158 686 45 57 9
-993 761 50 49 15
-198 855 47 47 77
497 333 46 42 31
-491 383 59 49 15
-250 123 60 43 56
-335 276 53 49 91
-290 517 59 51 38
95 233 56 55 84
-950 754 46 58 15
253 537 42 59 59
-254 770 48 53 5
615 315 49 41 64
-54 360 54 42 61
-50 95 60 51 7
-720 863 52 41 58
351 230 49 60 35
-963 876 44 42 16
341 802 45 59 39
270 197 55 43 54
-54 762 41 50 4
-809 757 60 44 89
-909 763 45 60 99
-672 132 41 60 47
92 786 56 52 74
637 638 51 60 24
-362 132 46 54 94
-979 502 56 60 72
-769 69 43 42 42
-202 768 48 50 93
216 319 57 48 8
600 876 53 41 64
156 474 59 52 24
-970 867 59 54 18
-403 463 47 51 31
843 478 58 54 1
245 449 56 59 9
-417 874 45 57 74
353 424 60 47 91
-328 279 59 51 18
-248 47 54 49 37
940 510 59 49 49
775 747 52 43 75
-567 702 42 46 76
-173 717 58 45 17
418 670 58 59 25
369 304 47 42 76
473 342 53 50 6
409 664 42 59 28
-354 236 51 54 4
-816 871 51 58 60
14 109 60 60 64
287 676 54 47 86
-775 18 56 45 63
-967 118 49 55 41
195 228 44 54 19
-828 33 48 45 20
982 349 47 41 28
-744 366 53 49 5
-682 415 47 60 99
-284 796 52 54 66
598 786 59 52 73
84 365 60 41 38
-675 80 57 46 70
194 874 57 47 51
248 863 49 46 13
-642 720 47 50 70
-168 404 56 57 96
-727 339 59 49 100
-235 437 53 54 53
-841 32 45 53 7
687 69 48 55 52
-111 57 53 55 63
346 395 59 54 7
456 347 55 54 61
814 1 47 46 93
-16 385 59 46 1
-847 604 53 52 70
726 300 58 45 75
939 293 41 45 6
-295 878 58 58 34
-71 372 58 56 99
115 475 47 41 37
-542 326 60 48 33
-408 752 52 59 60
776 443 45 46 15
-9 204 49 44 13
-422 473 50 54 19
189 773 43 45 59
-627 47 44 53 79
-705 770 46 41 96
280 358 43 57 51
-794 253 51 50 15
-785 312 60 44 25
-979 51 60 56 82
623 568 41 55 20
-850 636 47 41 66
-430 585 42 58 21
766 210 56 52 62
940 851 51 57 9
451 265 41 46 65
940 20 60 49 24
-635 144 46 46 80
556 691 48 60 83
854 879 41 46 93
864 666 42 51 99
426 287 56 60 14
-575 90 58 45 49
678 589 44 45 99
231 626 56 59 97
919 457 60 53 2
-603 320 55 41 17
-767 220 55 44 89
-562 229 54 43 16
840 353 49 53 50
-131 864 59 50 22
936 584 59 48 53
467 285 46 52 30
-400 833 43 54 75
378 746 55 52 11
-856 858 57 60 89
294 260 42 52 21
154 818 51 47 39
505 508 46 59 92
129 840 59 44 89
-989 284 54 45 88
896 392 41 49 45
28 98 47 52 60
-834 230 44 51 51
988 91 57 58 52
-569 200 44 60 72
-346 92 51 48 79
401 444 41 56 12
692 762 49 58 16
-559 501 53 54 76
702 261 41 45 85
-843 60 50 45 24
-701 845 52 49 73
430 853 46 47 46
-465 743 51 47 19
219 158 56 48 5
338 257 46 58 62
466 806 58 56 98
723 1 52 54 10
-66 704 42 43 46
-981 453 49 48 3
827 459 53 54 94
387 251 57 43 35
397 485 50 51 43
263 873 48 46 84
145 636 49 50 82
-439 48 57 57 79
65 340 54 56 41
-881 443 44 42 86
-301 606 44 47 88
-994 369 42 58 13
670 665 56 49 95
380 233 49 55 67
754 799 57 60 88
834 156 49 56 28
-233 491 58 56 64
-763 232 57 57 64
-826 321 46 50 91
699 210 48 44 91
111 620 60 57 33
-3 291 48 58 28
658 596 47 50 100
-594 183 60 59 92
914 284 52 44 87
846 724 48 59 35
-60 700 50 53 56
-948 763 46 44 68
-444 780 60 52 69
621 87 51 60 24
-312 397 52 60 72
83 785 60 54 71
125 429 51 47 32
85 8 44 51 96
-489 50 60 60 6
573 171 50 60 43
-302 637 50 48 4
-546 273 46 56 76
-828 184 44 46 84
604 538 42 41 47
-404 52 50 48 72
654 522 52 59 3
-771 1 43 48 44
-21 482 41 47 86
-365 300 43 53 62
-533 155 42 50 69
595 685 50 49 93
410 100 43 43 94
802 81 52 48 8
-648 623 48 53 12
-3 24 55 60 32
-577 616 59 47 92
225 740 46 51 15
-804 163 46 43 37
-975 520 56 56 96
-826 720 52 58 97
801 373 47 52 58
-618 613 52 47 70
-51 115 46 54 88
-760 461 60 60 91
-483 415 51 57 16
-436 809 60 46 80
361 72 50 48 94
-588 705 46 42 78
752 243 47 48 51
-958 766 51 52 68
799 744 57 54 25
602 325 47 49 34
476 827 58 58 61
354 853 60 58 51
589 803 51 48 36
663 243 55 51 27
-481 688 41 49 60
977 713 56 50 70
-370 2 58 55 41
-133 253 41 56 60
-55 784 52 56 14
972 95 44 43 40
565 554 41 57 57
-747 881 58 50 96
-584 354 46 48 64
595 540 52 60 92
557 204 57 56 87
-333 350 43 44 70
-952 90 50 56 87
246 703 54 55 47
-822 457 56 58 9
-75 362 50 41 64
-468 460 55 60 65
-488 849 42 59 15
-886 788 52 47 19
664 890 55 60 48
-271 61 58 47 54
804 457 49 59 9
445 814 47 56 42
113 315 48 57 64
122 129 56 47 36
300 688 45 55 25
689 381 60 57 48
-333 296 46 46 48
-363 499 59 51 65
-909 46 51 45 13
331 193 48 54 62
-490 167 59 48 30
-285 433 51 41 55
-816 287 46 60 41
-195 854 44 48 83
168 1 54 46 94
-493 68 58 42 11
-403 51 55 60 30
-715 305 50 42 41
-916 342 46 49 55
-12 235 60 47 66
-402 583 42 59 40
556 701 59 46 83
451 195 51 50 50
24 562 49 53 29
-185 385 57 42 1
138 169 46 50 77
-365 38 54 56 1
859 543 60 49 9
431 27 48 52 17
347 414 43 44 13
372 233 57 42 60
-9 87 41 53 86
-23 585 56 43 25
-597 253 48 56 10
-355 234 47 48 93
710 401 48 52 90
834 128 56 59 89
971 542 46 56 94
709 656 53 59 67
-735 203 49 46 6
756 839 42 48 9
-148 583 41 42 46
991 498 55 44 34
-948 423 52 56 65
686 335 56 49 19
-38 288 57 50 21
-587 723 42 41 60
506 661 49 42 52
-175 144 52 48 15
-837 208 53 46 31
789 573 51 51 95
80 293 50 46 68
814 745 59 53 96
292 726 49 44 8
-387 638 53 47 95
351 851 54 58 53
14 424 42 46 21
-957 490 56 54 45
370 313 51 44 64
-246 763 54 58 97
386 354 44 54 16
-237 44 60 49 21
885 203 41 55 74
429 32 51 57 34
930 355 44 42 9
-621 800 45 56 100
-331 126 54 46 49
761 562 41 50 73
25 598 43 57 99
-853 296 54 45 4
-639 260 55 44 56
-621 864 47 58 10
997 506 54 51 8
397 108 59 55 15
-642 209 55 53 5
-376 727 52 56 60
149 41 55 49 20
-812 299 58 46 88
-880 834 46 42 43
-830 602 51 42 62
325 142 47 44 36
819 471 53 52 85
-584 11 56 44 60
244 665 52 48 13
-760 218 41 44 53
584 130 55 52 83
-202 106 48 50 78
-912 32 41 51 7
830 159 41 57 52
519 770 59 45 14
-232 677 58 41 17
-106 185 57 51 53
983 409 59 60 48
970 412 50 45 23
629 208 47 43 3
989 559 52 58 52
-799 536 54 48 76
738 777 54 57 46
-350 580 47 49 84
-704 290 57 53 81
175 498 57 45 95
3 267 60 53 29
981 621 48 41 5
-769 777 53 41 70
862 271 42 55 10
432 111 42 57 99
-99 110 50 54 17
-439 789 47 44 6
893 421 60 59 36
-347 95 54 52 92
482 814 51 43 59
849 292 45 44 13
-639 436 54 58 61
950 308 51 56 25
343 172 54 49 10
-149 473 58 49 18
696 639 49 54 45
-833 335 46 42 44
-149 249 49 54 70
-489 390 44 44 62
-237 811 55 58 17
227 886 50 48 82
-980 36 47 50 56
-565 279 57 45 61
-809 678 49 60 73
362 343 57 53 56
177 227 59 47 30
-954 839 41 51 9
878 671 48 46 20
-109 550 59 58 22
-661 364 46 57 86
-284 167 58 53 75
923 559 56 46 97
922 48 53 59 34
-984 323 57 51 69
361 449 60 57 18
287 140 55 54 26
310 801 42 49 45
-444 0 53 57 80
-368 608 41 49 74
-492 776 57 52 27
198 349 41 43 47
-777 812 59 57 10
-640 44 53 46 37
-722 179 56 57 98
876 61 59 50 29
58 106 57 50 69
550 284 52 54 58
-960 599 51 48 38
378 448 45 51 98
566 316 50 41 75
942 117 48 49 3
744 526 51 54 82
294 589 52 57 55
527 362 49 60 9
987 580 50 48 58
-798 58 50 52 40
894 439 57 57 28
166 761 41 49 80
-748 856 45 41 9
906 407 50 47 18
861 772 47 42 18
-401 264 45 43 19
991 669 54 55 46
377 393 50 50 89
218 82 51 49 26
578 189 56 60 25
-926 689 51 43 25
-260 297 55 54 77
304 749 46 49 37
711 356 60 58 27
-447 229 43 57 76
-213 829 59 60 6
-765 54 43 44 24
779 864 60 41 34
-150 650 43 54 46
-24 140 50 45 30
288 239 53 51 44
