896
275 136 102 116 8
1000
-572 490 41 51 149
-327 603 51 39 101
419 299 45 45 163
34 516 58 63 196
-653 640 61 66 109
-816 374 49 64 167
-15 467 37 45 147
-144 628 65 66 162
393 34 52 40 197
-594 398 41 37 111
-112 653 65 34 162
644 261 41 38 167
-651 558 45 36 174
489 785 61 65 172
356 735 47 42 102
-9 530 36 38 165
-209 209 39 48 144
804 518 39 48 144
-439 57 65 62 152
998 774 64 61 181
-822 55 57 63 115
-420 669 45 40 118
-578 761 40 59 187
-167 542 55 62 196
508 426 60 40 133
170 457 39 52 189
859 265 57 51 176
-139 504 38 35 164
-316 126 35 34 131
180 321 57 38 177
-361 510 41 61 151
766 519 55 39 101
-723 379 63 34 194
-415 530 39 62 161
-724 305 51 55 151
-596 267 34 61 116
-245 517 57 36 182
-144 740 43 51 185
-682 50 34 36 127
-993 312 66 51 140
752 78 46 43 177
-446 604 55 53 162
770 593 62 49 136
-435 196 49 65 148
255 734 39 49 120
728 174 56 52 193
320 102 53 41 144
530 99 57 55 194
932 327 53 36 142
802 562 34 37 132
972 625 52 60 162
275 652 61 44 151
854 72 50 59 103
186 562 47 55 128
593 37 65 46 129
346 677 61 37 112
500 664 39 46 101
883 89 36 49 124
165 38 51 46 190
-447 698 35 52 172
644 617 38 58 195
-787 717 47 44 135
-175 674 62 55 169
358 107 43 48 180
-377 87 37 47 110
-606 92 63 66 166
582 371 61 41 179
916 683 66 44 143
-430 442 63 62 133
-800 263 60 44 152
155 552 59 34 142
-70 186 46 44 143
-754 398 54 63 142
620 610 59 61 111
-891 494 50 38 108
-406 458 65 35 146
-826 282 53 49 123
-522 239 60 64 140
-34 749 53 49 122
-382 115 46 53 193
-94 436 37 55 118
239 281 64 41 187
-404 482 51 62 102
1 487 51 39 112
933 433 59 46 179
-513 601 66 66 197
963 324 48 55 195
-266 252 66 40 150
683 473 49 50 113
-124 783 54 62 167
-273 705 65 45 200
486 502 62 34 172
-361 323 55 64 149
886 43 58 43 192
-75 623 39 35 108
651 4 54 44 110
216 565 44 60 112
87 75 48 55 167
-554 146 45 49 164
738 655 57 36 178
608 404 59 62 176
-353 49 54 39 188
-127 681 59 66 177
-253 254 64 37 133
326 361 50 54 144
602 679 44 61 161
508 606 38 35 177
-199 504 57 49 164
307 644 48 39 193
693 654 40 59 192
196 30 57 66 101
-303 558 42 39 196
55 189 47 63 197
-225 21 52 46 128
121 44 62 52 177
-649 380 42 44 158
-283 319 60 56 133
-770 237 34 35 173
-462 94 37 62 159
-249 109 58 44 138
620 264 40 51 191
-38 541 39 51 113
-549 389 65 40 134
-354 715 56 36 186
542 595 66 42 169
308 136 45 62 125
324 614 55 62 159
240 295 52 40 103
411 517 66 38 110
-857 113 55 52 113
-472 796 58 46 170
-574 207 34 61 129
-56 714 34 40 113
657 573 44 40 189
-790 368 47 44 179
-839 644 42 61 112
396 384 51 51 116
348 337 43 61 185
788 636 38 48 184
-316 274 50 53 147
491 373 38 43 120
622 15 47 42 135
201 294 66 56 136
-778 672 45 40 176
398 383 65 60 171
-706 153 44 56 199
108 789 36 48 110
974 438 52 49 198
392 136 56 55 128
-160 767 52 59 116
617 593 54 47 180
453 61 64 36 112
-318 323 42 41 174
-77 247 42 49 187
-733 357 41 50 183
-921 590 50 44 171
856 7 60 48 155
768 651 64 34 126
-68 470 37 34 103
-408 301 36 61 160
-880 299 61 50 120
332 707 66 36 103
-839 586 50 50 164
658 34 55 36 191
279 353 64 59 130
-701 391 52 55 183
106 299 45 52 184
-619 725 49 38 167
-90 510 59 66 134
857 108 37 63 141
480 160 53 62 153
-578 140 66 41 195
-776 787 45 56 122
783 141 47 42 128
-343 629 46 64 111
-53 125 60 57 174
567 196 50 45 123
1 494 58 64 101
786 124 42 55 191
-47 706 64 43 139
-762 357 60 44 111
-369 687 46 44 190
422 195 38 59 110
287 612 52 49 177
858 477 60 56 172
243 170 36 55 184
-699 465 52 50 169
798 219 53 35 119
726 622 54 41 167
-771 713 52 43 163
4 608 57 54 182
-298 88 47 40 199
-287 303 62 55 167
98 525 66 44 174
455 2 63 52 196
636 59 58 53 169
316 278 40 53 122
295 288 61 65 121
-557 391 36 39 164
15 674 62 39 102
960 279 36 54 141
-151 525 39 41 116
-333 526 49 42 144
-351 288 41 63 187
296 526 42 64 157
-696 362 55 53 150
468 517 60 37 162
-399 205 59 63 125
437 432 61 61 134
883 149 36 39 149
-602 283 48 55 166
-594 190 58 61 155
18 239 62 53 136
-740 461 46 36 150
-648 371 58 58 125
-240 557 59 35 151
-478 719 47 45 149
44 382 45 43 189
-73 255 45 64 158
707 319 50 40 181
624 594 66 36 149
-520 178 66 48 172
740 351 56 46 187
-149 733 61 56 122
215 588 65 55 138
-625 2 55 38 165
-356 730 65 37 132
479 343 54 60 154
-548 160 55 44 164
604 505 39 43 121
-781 183 54 61 112
-413 36 56 42 129
681 205 39 37 174
-511 757 47 61 167
414 26 42 57 128
-499 369 64 43 184
-820 35 51 54 127
514 543 65 34 103
781 261 41 46 142
-621 288 61 46 140
-147 596 55 47 135
-385 395 36 59 136
-984 701 44 51 152
-376 751 49 62 155
-40 664 54 35 186
-958 583 55 37 190
380 766 40 41 130
348 788 48 37 196
-884 625 41 56 170
247 489 65 34 128
675 430 44 48 195
987 468 61 39 146
-808 112 36 64 189
-529 748 47 61 121
-511 283 41 58 186
-71 130 55 36 120
9 630 52 34 150
-421 556 37 55 108
-690 639 52 66 153
126 280 53 64 111
-856 144 40 57 186
-750 135 60 35 157
-525 9 47 54 143
811 522 46 39 169
-977 752 43 41 108
-174 626 49 65 144
915 717 66 62 147
635 774 64 39 102
954 465 54 43 190
447 297 46 56 193
-352 77 35 43 166
169 391 39 40 129
-706 122 37 41 139
493 472 54 41 137
560 627 53 46 173
729 337 45 54 174
365 231 53 54 196
-931 322 40 59 160
397 560 45 59 124
316 506 43 48 183
-668 732 52 56 119
581 7 38 39 188
-553 432 62 57 191
-527 574 58 65 113
-8 425 53 42 155
-582 56 53 44 118
-44 429 54 46 171
745 314 53 46 165
291 75 37 50 147
-667 16 40 61 120
-575 146 61 39 199
-977 151 43 35 192
613 147 39 36 123
800 669 66 35 191
582 101 53 58 105
270 669 44 38 132
-757 526 51 45 144
-173 558 38 36 111
-790 735 62 55 175
-942 746 54 40 156
-488 369 61 56 148
163 199 52 37 161
655 603 37 47 102
692 655 44 58 128
623 46 41 50 125
-953 400 53 49 157
-163 435 54 59 133
18 596 59 52 146
-739 497 59 42 140
-896 552 34 51 170
815 460 43 50 192
229 699 63 55 116
309 302 56 60 195
-498 773 55 41 166
-267 19 41 60 180
-491 347 37 36 111
385 85 38 64 147
526 334 52 48 179
-132 58 48 41 127
884 134 65 54 141
-540 753 61 60 172
943 490 44 65 108
460 688 36 42 177
341 243 46 55 156
974 612 49 44 171
-360 189 50 46 177
-410 581 64 49 139
-41 390 57 45 120
-572 183 41 53 169
-324 491 63 51 131
-271 114 50 39 120
-595 755 39 42 175
885 531 41 43 127
322 248 58 49 107
-507 741 61 41 194
-272 722 60 59 171
331 710 40 61 138
112 412 60 41 178
-523 690 40 49 163
358 339 59 65 188
221 416 65 39 113
801 613 45 49 102
-213 522 64 39 104
276 128 34 49 120
911 51 53 49 118
-693 189 35 47 149
-332 477 53 36 116
-329 332 36 56 176
904 746 39 53 138
47 187 45 42 135
-108 143 66 40 133
-649 761 49 56 161
-851 131 39 35 173
31 136 43 38 161
-889 405 47 56 136
380 577 62 49 161
-280 100 43 48 173
-317 313 44 63 156
826 612 38 47 151
790 505 47 51 124
726 7 47 36 112
-209 95 46 64 132
530 409 45 66 196
337 33 48 55 183
947 30 55 42 198
6 76 51 59 195
969 698 62 57 179
250 732 58 43 176
-899 431 37 58 169
-303 512 36 60 195
-358 339 38 64 196
-291 746 60 41 187
131 447 59 56 183
825 686 62 39 109
800 198 45 66 106
-735 347 61 44 121
-116 389 44 46 161
-102 686 43 51 158
-473 24 63 57 196
195 130 66 62 132
-147 87 37 47 150
729 614 39 52 128
-980 277 36 42 174
-579 558 39 66 159
-350 125 46 49 128
-606 643 37 39 138
754 445 45 34 124
658 670 60 62 108
-360 534 55 48 163
207 424 39 64 200
350 203 57 62 139
171 533 66 52 176
-489 163 57 65 121
-899 593 44 55 163
-214 756 61 65 197
157 247 61 39 115
556 451 50 53 196
-989 289 47 61 153
839 85 38 35 128
74 366 44 36 101
-604 212 66 50 123
93 17 37 57 101
-579 208 41 59 128
598 129 35 41 192
12 721 38 45 126
96 235 61 57 175
-470 760 57 64 145
-118 218 59 66 149
-1 557 42 55 156
883 74 56 46 127
-249 522 64 48 144
-41 507 45 53 150
-723 474 38 64 132
-514 686 48 61 164
744 243 65 34 152
267 468 48 63 197
411 771 35 50 154
226 394 41 60 163
963 248 56 52 177
501 159 39 51 120
949 785 48 45 140
-661 287 66 63 105
-467 560 51 55 119
17 538 38 56 180
-857 739 47 57 178
-630 725 60 60 131
771 653 64 59 169
-853 499 52 42 188
665 10 52 53 163
404 73 44 55 137
411 233 41 57 145
445 559 38 54 136
-823 204 47 65 179
-787 232 66 61 119
-110 560 43 41 139
497 719 46 65 199
780 575 34 42 189
120 719 42 44 148
434 486 61 34 102
-382 510 60 56 130
-934 526 63 52 106
-790 245 44 35 107
951 514 35 34 191
797 640 50 37 191
-701 80 45 51 140
-407 123 55 43 112
-971 267 63 64 197
-639 160 51 53 174
-735 323 51 61 177
214 248 44 51 133
-24 595 54 56 163
974 723 55 47 163
-567 389 48 38 132
-762 73 46 60 171
717 268 39 65 121
-74 133 34 44 192
545 137 59 47 106
-95 515 61 62 188
-596 141 38 50 190
-600 598 45 61 154
-50 142 54 38 150
995 446 34 51 191
431 411 62 61 187
-226 421 50 56 168
499 169 58 63 182
-593 19 44 52 118
949 76 61 40 116
365 126 45 53 148
506 198 37 43 190
-539 290 38 53 108
31 101 44 51 164
-479 675 64 64 150
385 337 45 55 144
-651 222 48 58 147
-674 342 46 64 174
401 219 64 45 178
-871 793 38 43 199
949 282 49 64 176
869 474 46 34 176
647 484 39 42 154
-154 227 36 40 157
590 729 64 55 123
-447 621 47 45 109
-10 444 53 49 102
-193 364 52 34 123
473 261 44 38 162
887 39 65 36 135
-774 317 58 56 197
-288 576 46 46 139
511 765 44 60 103
-354 621 40 34 176
730 722 61 42 124
-693 427 46 50 197
49 219 41 62 146
153 205 37 49 125
-224 657 57 60 149
266 38 50 44 140
947 267 48 43 136
515 483 45 53 133
-336 494 35 62 166
-479 174 58 42 132
864 750 34 59 198
-751 442 39 53 175
-482 557 46 59 152
277 439 64 56 181
-759 470 54 37 142
529 67 50 38 198
987 680 56 36 112
-648 512 50 53 147
335 286 36 44 197
-703 446 51 41 154
823 18 39 57 105
171 135 38 46 105
-421 9 38 46 110
-758 193 55 41 169
-786 173 34 66 168
406 351 40 50 189
321 260 35 35 102
-566 443 58 46 152
885 445 66 64 173
-852 111 63 48 189
-709 278 46 38 112
106 126 40 61 105
762 659 44 50 103
434 36 54 41 152
830 295 52 63 180
381 687 66 41 151
95 232 35 64 175
522 461 44 41 192
970 537 35 62 192
155 120 51 40 176
-920 122 66 53 121
-998 580 41 59 171
496 467 57 50 128
-411 643 47 57 115
638 557 43 50 113
-45 90 60 47 198
-95 339 34 44 173
-858 378 53 41 192
985 232 59 54 161
210 762 64 34 173
-907 759 35 66 137
540 324 52 59 154
952 144 57 48 148
529 463 53 57 162
831 628 54 35 193
130 237 51 54 137
577 566 41 56 174
-903 651 36 58 166
30 659 65 49 162
-525 318 59 54 189
36 743 38 34 154
-212 328 40 64 153
698 29 55 66 169
-615 397 58 46 123
857 35 38 58 115
148 354 36 53 187
-74 551 39 39 131
142 131 36 34 117
198 682 51 54 159
-443 458 62 35 178
12 5 52 64 187
-722 257 43 52 186
-935 385 64 55 119
509 470 64 53 135
-356 328 51 43 101
779 571 63 53 133
-617 24 63 37 115
478 295 65 49 150
-980 98 34 49 155
831 55 37 43 195
-374 136 66 64 136
720 263 62 50 190
313 133 62 35 128
-159 99 47 64 164
403 508 55 41 165
-575 539 66 56 123
668 350 48 58 128
232 275 53 61 141
578 249 44 37 116
-806 314 62 63 170
919 636 57 63 176
821 409 60 63 189
-68 440 65 49 127
-932 384 35 54 127
-916 468 56 54 141
-670 444 46 49 107
-458 356 51 48 127
-93 330 53 52 113
-588 644 61 36 153
651 27 57 46 152
671 580 42 52 192
-323 719 44 37 196
-678 241 35 37 172
13 143 62 42 134
739 599 49 45 158
801 438 65 63 152
965 360 61 36 124
46 463 38 57 156
-94 634 65 35 115
249 544 61 37 190
-257 358 42 44 124
-105 177 34 52 138
-798 337 66 54 114
18 547 47 64 136
135 615 62 41 184
-346 135 50 46 108
556 156 61 65 130
-288 514 46 42 165
550 469 66 46 128
261 569 52 58 199
-667 752 46 45 129
-295 473 36 55 193
524 220 45 35 146
498 665 58 66 152
-587 173 64 50 188
-503 6 35 52 186
953 657 58 58 109
-798 404 66 35 165
689 52 41 66 160
200 61 54 58 156
-543 763 36 61 104
244 344 56 34 191
-17 656 57 64 121
219 642 62 56 187
-922 677 48 34 124
406 409 38 65 170
165 322 59 54 186
489 707 62 56 130
-617 455 46 38 122
414 593 43 48 172
-148 298 37 45 194
489 466 37 41 161
-734 181 58 55 149
590 106 43 47 180
223 457 36 34 115
-33 114 49 61 173
774 506 61 39 192
-373 221 50 60 151
410 57 64 37 186
349 102 39 54 120
814 618 47 66 188
136 659 47 62 133
54 710 59 43 110
231 119 47 52 119
255 573 58 40 125
934 203 39 65 158
-644 97 46 66 166
689 233 60 65 163
928 158 61 38 107
670 388 58 44 193
518 282 66 39 169
774 30 55 51 155
429 435 59 49 137
834 474 66 57 114
443 753 62 39 120
-101 53 38 41 129
-149 693 59 46 102
977 575 54 57 112
-103 53 45 47 109
-713 615 42 44 193
41 594 53 65 144
-268 563 39 57 165
699 742 36 47 175
-499 315 59 51 120
827 427 59 35 157
-573 451 37 45 134
-418 274 57 43 199
-671 700 55 64 155
-792 87 39 62 180
48 196 56 46 104
-728 129 60 46 101
-567 267 43 49 119
-403 497 53 50 165
764 398 55 63 156
836 736 41 55 159
446 552 66 37 148
-895 87 60 37 102
-322 596 49 48 152
400 537 36 34 123
-324 481 61 65 197
-461 111 45 42 155
159 144 57 44 174
231 558 45 55 139
-925 185 34 46 186
796 138 60 36 128
207 763 41 63 142
-371 628 39 58 104
-693 686 64 52 154
974 54 60 47 130
-841 324 41 66 149
-335 571 42 42 153
437 796 41 58 182
-916 53 44 54 172
-361 310 57 56 196
880 650 39 34 134
-893 524 36 66 111
-80 485 56 64 104
-339 228 53 42 156
-588 727 37 62 113
107 674 58 45 108
-599 763 46 40 183
-686 638 40 59 199
697 224 37 41 119
-453 791 65 40 166
-492 579 45 59 118
-110 35 44 49 180
-448 656 45 39 179
-893 339 62 63 148
-233 0 51 61 151
572 482 45 49 185
-109 62 57 49 116
-181 421 61 54 128
-830 613 49 36 199
-419 85 59 56 129
158 606 53 54 106
762 760 49 50 165
64 503 59 58 141
-355 606 42 58 109
-567 186 59 53 146
-386 191 41 41 113
811 497 65 35 125
192 371 43 46 181
311 341 66 38 122
850 390 43 55 179
159 540 41 49 127
-773 189 65 53 176
-401 350 45 38 195
537 722 50 56 141
166 781 46 47 159
-334 110 60 35 137
708 771 57 36 153
319 207 34 55 166
134 249 49 46 155
204 665 51 43 144
-279 748 39 39 192
379 488 51 60 126
-303 715 38 42 139
-98 307 42 43 173
-287 501 37 36 143
-364 537 59 66 115
-774 432 44 51 185
-648 305 37 35 109
997 299 56 55 126
404 212 56 53 158
274 457 58 34 101
861 310 43 42 102
-268 555 65 45 198
-918 741 34 47 124
189 251 45 64 148
-863 663 64 66 194
-507 550 35 59 200
750 722 63 60 171
-515 601 55 65 174
-309 188 44 61 183
3 156 50 66 178
645 292 66 58 133
-446 412 35 57 125
-1 755 64 61 125
347 756 54 36 186
747 22 58 66 186
949 692 63 43 162
-68 297 46 51 179
304 46 42 50 129
-615 116 42 36 123
-931 31 48 39 146
816 513 42 58 180
234 605 53 66 149
-360 598 54 49 106
333 288 41 51 181
-765 616 55 40 158
-350 694 45 59 135
-760 423 59 43 154
434 632 58 44 176
-432 81 56 34 184
-981 194 66 40 108
200 430 62 52 112
-718 433 36 61 197
-274 626 56 42 113
550 540 38 36 150
-331 4 34 54 192
454 339 41 64 117
-735 672 35 52 146
231 350 54 56 119
478 295 36 40 107
-472 219 65 46 161
-227 365 55 63 156
-79 604 62 37 143
-47 41 36 63 196
583 29 64 50 174
851 2 58 34 136
641 114 41 42 200
818 328 37 60 163
-628 297 46 46 112
-53 71 58 64 188
-251 447 55 35 143
196 331 34 65 141
-222 559 63 56 129
784 435 43 41 106
-347 448 36 47 152
831 539 51 54 155
-631 596 40 59 131
-911 121 66 58 140
-873 226 59 36 182
-66 481 59 63 131
-858 2 66 55 136
-603 382 61 34 191
-994 7 38 41 110
588 148 50 41 169
-85 503 65 63 142
-463 60 51 48 182
584 485 41 52 135
-256 259 36 60 179
-943 776 36 53 120
239 139 53 55 199
931 149 34 53 116
-183 136 50 38 138
-367 59 41 65 115
631 324 54 63 141
-686 744 45 35 185
-655 286 66 54 196
837 279 38 47 174
-104 244 56 40 132
-741 60 34 42 111
355 8 45 46 172
-905 548 45 62 193
-953 724 51 65 177
-700 193 47 54 171
-908 206 51 61 126
-385 492 44 52 128
587 18 47 59 126
614 493 55 65 151
-45 9 36 37 189
-938 22 63 44 158
-270 127 37 66 147
600 771 43 50 193
-662 143 40 35 187
904 222 47 61 148
-110 404 56 60 133
-112 439 46 53 108
632 401 64 63 139
634 90 37 49 128
-752 321 35 66 180
-66 208 44 40 120
75 548 35 44 166
-722 397 60 63 160
-401 743 34 34 184
106 246 66 60 134
33 135 50 61 135
997 742 40 42 144
-98 154 34 61 171
707 259 37 58 182
-42 671 36 55 146
-415 124 66 51 116
-343 120 56 40 157
371 720 47 59 149
-459 592 43 48 156
-61 193 51 52 153
262 782 62 39 129
-850 444 35 55 167
331 134 56 49 109
-289 656 35 49 199
-542 648 38 61 173
866 642 37 39 149
-908 210 66 38 147
325 273 64 42 161
542 428 49 37 187
-779 451 51 35 160
-645 134 59 42 123
585 30 38 62 126
-800 335 40 63 126
138 597 43 43 159
-485 132 36 34 102
-529 13 52 64 188
745 320 56 51 148
-277 304 60 50 147
-205 488 54 61 169
348 465 57 43 155
401 717 60 64 109
-196 433 40 66 109
-686 527 60 66 139
345 178 50 50 115
-73 259 42 45 109
-195 408 53 40 156
371 109 36 47 120
-192 613 60 56 126
-13 517 59 34 175
-868 248 58 55 185
267 41 58 65 199
-979 51 55 58 125
-784 118 61 66 166
880 174 55 34 105
896 740 35 46 133
-869 11 64 50 182
-474 525 43 44 122
836 568 47 53 190
-855 244 59 34 170
827 564 48 44 121
-85 306 50 62 108
857 713 40 41 170
408 712 34 54 149
478 202 42 40 161
488 180 50 40 119
620 209 56 43 177
-193 255 54 55 159
-980 129 57 49 141
102 122 36 36 186
85 255 50 47 125
640 26 37 47 176
-672 233 61 51 199
508 683 43 44 146
616 108 50 38 189
112 543 52 62 105
627 348 62 50 120
556 520 54 57 198
-880 407 53 63 195
297 265 50 54 119
146 5 39 64 102
-306 739 41 42 147
-459 678 54 62 199
931 188 37 43 166
908 422 35 52 117
44 216 50 37 186
825 569 65 54 193
675 282 41 34 176
249 334 53 50 173
763 510 42 49 193
302 686 61 62 142
315 333 60 62 165
-172 199 36 66 116
-31 59 63 66 157
158 485 63 39 156
-659 727 35 64 106
487 302 42 43 104
-198 666 63 45 183
737 143 64 34 116
-791 572 63 36 185
-310 200 38 45 128
-672 228 55 41 173
423 690 47 61 101
476 183 43 66 123
615 436 59 57 181
828 59 59 66 188
-920 614 39 65 147
-934 280 48 56 134
-479 177 38 48 167
-345 389 37 41 145
-833 386 49 44 140
-563 444 60 40 164
-494 341 56 51 118
-563 264 59 39 168
860 491 50 57 187
332 289 59 61 141
163 91 36 36 184
-512 163 56 51 146
318 436 60 37 101
-780 10 51 58 149
-356 691 56 54 192
-733 316 45 38 174
-623 704 63 57 158
-454 129 42 41 180
988 513 34 64 185
-667 615 39 49 163
-906 407 64 53 125
-447 517 41 44 147
249 689 58 58 184
518 259 60 35 146
-665 628 35 52 135
222 268 41 46 149
-664 530 52 40 176
901 711 48 55 147
737 126 58 46 157
706 251 59 40 171
-456 308 59 46 130
-923 298 42 59 118
923 392 38 53 137
-397 601 66 34 110
-384 34 44 52 113
-405 704 50 38 195
940 585 61 65 167
736 208 48 63 117
-433 76 40 46 192
6 414 34 54 186
510 513 46 51 146
-566 80 50 36 155
-190 500 44 61 170
863 120 63 54 166
-594 161 36 43 178
-125 197 48 48 188
-911 781 49 51 123
815 398 34 42 130
-479 475 48 52 144
144 305 44 53 173
-337 78 62 37 165
-549 579 40 63 170
892 201 58 46 191
109 145 63 61 190
-236 620 38 50 158
875 184 39 60 104
-884 613 40 61 126
