852
712 71 76 104 11
1000
523 395 36 51 56
508 140 57 42 65
626 78 44 45 71
698 447 54 57 67
518 751 40 60 80
610 265 54 39 73
677 462 45 56 61
588 627 54 56 50
520 718 40 46 88
624 138 53 54 76
658 636 53 39 60
520 645 45 39 51
654 49 57 42 69
559 481 41 50 72
664 471 49 47 71
589 305 60 58 84
670 71 37 39 45
691 690 57 42 84
551 362 44 38 78
627 308 45 48 49
517 368 51 45 47
577 248 52 48 82
578 418 51 51 56
688 432 55 57 58
653 569 58 40 59
527 182 44 47 60
635 709 55 41 58
663 446 49 58 51
575 669 57 46 52
610 545 43 40 87
592 347 55 48 85
518 106 58 55 75
536 440 51 37 58
656 687 47 51 82
549 404 56 43 76
560 437 55 42 78
678 241 52 54 64
596 573 57 41 61
691 460 37 54 63
501 195 59 51 67
677 371 54 37 54
686 37 53 36 67
643 226 53 42 80
504 718 58 52 50
505 346 41 42 84
609 65 55 59 54
547 426 42 43 80
631 423 40 53 58
616 675 49 39 77
531 661 48 47 54
503 657 60 58 83
620 0 54 40 60
571 47 38 41 52
625 132 54 56 63
501 183 50 53 80
642 466 46 47 73
539 630 51 60 58
568 468 42 39 56
508 584 49 42 56
644 588 51 54 79
604 259 55 46 81
627 478 46 37 82
624 677 49 55 86
584 200 48 51 76
642 319 56 54 70
656 87 47 49 78
613 545 58 46 56
597 60 49 53 70
642 370 54 46 81
679 33 46 45 60
506 147 43 57 79
660 356 57 37 62
627 239 47 47 63
534 93 55 56 81
677 357 45 36 68
548 445 53 38 67
578 230 37 36 84
503 323 48 38 88
681 132 44 46 82
547 235 50 42 59
646 177 58 58 54
697 618 54 47 52
516 547 37 36 60
574 250 44 44 59
638 739 58 38 59
505 266 46 53 57
640 197 52 40 88
545 527 43 50 57
688 404 56 37 74
518 633 59 54 46
567 695 60 59 67
587 733 50 39 47
501 519 50 47 50
690 524 47 41 87
577 127 41 53 52
594 69 47 50 54
561 47 36 56 61
674 259 51 56 81
513 284 40 43 83
577 730 57 56 68
682 355 59 50 55
573 61 42 54 74
615 135 58 59 63
630 732 56 57 87
569 125 39 53 67
666 391 37 48 71
682 406 52 50 76
575 599 39 52 79
505 489 37 36 75
671 739 47 41 49
695 613 60 59 80
585 577 40 59 63
557 7 47 53 84
687 349 39 41 60
538 244 55 47 70
572 308 39 43 57
627 444 57 53 61
575 14 42 59 84
590 133 51 49 51
628 274 52 43 64
668 221 60 56 60
612 10 58 36 49
663 684 40 53 72
525 368 44 38 80
502 46 45 41 51
640 59 57 55 86
617 232 42 52 53
680 620 41 52 69
670 375 54 42 78
554 389 50 48 69
528 638 41 43 81
658 367 60 51 88
583 253 58 49 66
694 713 52 53 59
605 295 60 41 65
534 361 36 48 46
671 427 42 59 67
642 554 43 46 60
699 603 49 36 83
639 746 46 60 62
580 676 44 58 79
563 438 38 57 51
591 127 57 46 51
697 409 45 58 75
529 245 43 50 58
597 331 42 56 59
504 520 54 59 80
687 740 39 40 67
568 691 41 40 86
542 175 51 58 84
652 562 39 50 45
514 452 55 52 56
530 615 50 48 59
596 689 39 44 57
642 428 60 60 51
502 369 45 48 78
632 160 54 51 72
682 87 53 37 83
580 494 41 43 55
501 498 40 46 65
552 312 59 58 58
504 498 58 43 81
527 482 51 51 50
564 151 60 48 57
563 395 42 54 82
520 684 46 56 83
653 229 36 57 73
614 453 50 60 83
501 412 48 48 74
628 325 52 44 88
542 519 54 55 59
553 237 48 39 67
602 395 54 36 74
652 663 41 59 56
657 168 39 44 53
645 354 58 49 65
662 55 49 47 84
668 306 47 58 67
529 538 46 54 68
500 513 44 60 65
596 601 52 41 62
663 630 39 37 61
651 269 43 58 82
635 30 39 39 72
631 421 44 53 80
554 654 40 49 86
505 253 40 58 48
559 314 59 42 84
587 363 48 44 54
513 75 36 55 50
611 277 51 42 86
658 607 54 41 71
561 601 54 60 72
571 31 50 39 54
612 387 43 47 85
611 117 53 49 68
606 340 58 40 56
639 674 40 47 82
646 264 50 53 57
611 392 58 45 75
688 384 39 39 81
643 48 47 38 88
510 345 41 40 66
540 192 41 60 79
532 528 40 41 78
649 476 50 42 81
556 549 54 38 85
565 650 42 52 55
619 686 59 56 55
540 284 37 45 71
627 336 50 56 72
517 144 52 46 74
681 321 46 43 81
626 116 54 55 63
608 325 55 41 55
541 522 40 42 84
599 619 45 59 50
531 293 43 45 49
696 312 50 57 59
562 683 42 46 75
651 543 41 44 59
500 276 50 43 71
535 112 52 38 84
689 217 36 46 58
631 12 56 46 49
543 594 57 38 50
608 622 58 37 59
509 654 50 39 72
512 265 54 53 82
623 149 53 47 88
684 316 50 54 83
660 104 50 54 60
671 603 36 40 64
621 226 41 53 79
579 349 51 46 53
598 679 40 58 66
534 320 53 37 65
538 553 58 46 58
521 336 43 48 87
626 629 38 58 64
649 8 54 59 83
656 663 44 60 48
502 107 47 59 61
643 275 54 47 59
671 225 38 55 60
601 520 44 59 70
594 216 60 43 83
534 195 41 53 52
609 714 46 52 50
646 134 49 51 82
685 682 60 53 87
663 322 38 49 66
643 669 38 46 60
665 548 40 41 57
552 574 52 43 47
658 552 55 51 81
637 605 44 54 76
586 527 39 43 77
688 691 42 41 52
569 134 43 36 87
674 473 46 47 57
547 220 46 42 57
668 738 50 54 66
559 564 54 58 80
573 81 57 40 74
588 229 48 55 78
654 667 47 48 60
548 306 43 42 55
528 369 48 57 54
678 591 42 41 47
667 668 37 46 60
635 597 45 39 76
509 158 49 58 67
549 494 37 52 49
692 191 37 36 75
696 431 44 40 60
631 76 51 57 53
513 169 40 47 66
539 236 49 51 54
685 343 52 49 61
631 245 52 58 71
527 87 54 47 68
576 360 42 56 69
589 68 45 51 46
554 587 58 43 77
558 512 57 57 54
654 686 58 56 63
634 68 47 36 86
511 243 56 39 46
663 531 45 56 73
546 87 43 53 84
637 79 43 58 79
504 276 36 53 86
544 675 56 45 56
514 285 57 41 71
600 742 45 57 86
574 357 48 53 88
505 470 45 59 48
613 242 56 36 70
644 10 57 55 79
581 105 50 52 88
662 528 51 47 64
506 391 51 52 71
550 92 59 36 79
668 381 51 54 71
584 695 45 54 62
551 53 40 38 53
692 655 54 52 88
700 101 36 49 73
539 65 38 39 54
679 746 46 48 61
672 15 51 46 49
500 172 39 55 70
630 198 56 39 87
561 487 59 54 49
622 382 36 52 83
674 584 41 40 82
570 671 43 51 48
568 111 50 51 50
593 308 36 42 53
606 199 52 38 82
583 418 41 50 56
552 319 48 48 46
524 547 48 47 56
551 104 49 40 51
633 496 46 37 51
558 561 54 55 76
676 232 60 44 70
691 36 49 60 81
666 518 50 52 77
555 399 59 57 52
655 12 45 55 58
554 536 45 60 65
661 523 56 54 45
545 518 49 44 72
633 669 42 58 81
544 230 56 55 45
689 655 44 36 72
651 734 36 43 69
616 570 53 55 72
687 463 57 57 73
527 484 44 42 60
547 561 51 50 47
518 304 44 43 74
658 607 55 55 78
616 36 55 48 51
540 151 39 56 63
509 302 44 50 80
693 21 38 41 87
658 591 58 60 56
584 498 60 36 78
627 611 52 53 88
615 269 50 55 73
587 161 58 43 54
556 686 52 47 63
685 365 38 49 68
661 296 39 55 69
644 300 58 47 80
525 271 55 38 71
542 579 42 44 60
620 523 53 39 45
668 575 36 51 66
529 294 53 42 54
576 482 50 59 63
540 538 56 46 84
614 432 47 52 70
672 263 37 41 63
661 172 38 58 74
501 118 39 36 46
580 412 53 52 67
632 578 47 50 49
661 389 51 49 48
682 442 51 51 87
689 732 52 54 46
662 357 57 58 64
694 270 51 48 59
508 550 44 39 52
576 202 45 49 69
551 735 39 58 50
656 380 44 55 55
555 259 43 48 85
555 740 41 57 51
637 319 51 48 58
663 578 45 49 80
688 276 50 37 54
662 99 59 60 82
675 423 44 38 47
661 696 43 41 52
521 657 58 47 61
678 434 56 55 49
501 699 57 60 60
519 418 37 60 53
537 339 58 50 62
689 316 47 36 78
634 340 38 56 60
552 68 53 54 63
563 556 59 53 85
505 225 47 37 59
623 586 56 53 85
628 509 52 43 51
512 189 56 53 48
640 543 40 45 57
548 338 47 58 66
647 582 50 38 59
622 230 41 59 69
664 132 59 44 73
504 625 43 45 72
553 558 41 39 84
555 696 55 51 72
562 664 52 53 77
609 521 60 46 59
506 677 38 54 69
530 18 56 56 46
568 710 40 51 87
640 224 43 57 62
503 59 50 57 70
556 543 54 49 58
635 649 44 38 52
580 341 49 40 74
700 475 39 55 51
569 24 45 55 57
547 546 51 44 88
667 189 54 53 81
531 237 50 54 59
700 175 49 37 49
538 95 48 36 78
638 317 59 57 74
675 454 48 45 70
558 416 38 47 71
686 86 53 57 71
603 307 57 56 45
606 638 42 44 67
627 321 50 59 75
573 98 46 43 60
631 668 46 46 63
522 375 57 53 78
509 412 44 60 69
562 273 53 59 85
596 251 39 56 52
657 225 41 41 85
694 333 52 56 57
564 718 49 51 50
696 299 45 50 58
601 607 37 41 69
594 467 44 44 79
639 718 50 53 85
519 191 41 48 83
669 538 51 47 85
653 662 38 45 49
509 696 37 43 69
614 130 60 43 48
528 608 45 46 63
663 53 36 57 71
650 398 55 46 82
630 162 52 40 48
650 200 40 54 80
619 48 55 58 61
503 203 56 43 49
670 66 48 50 59
655 702 44 54 75
570 636 44 50 60
633 283 57 52 68
623 238 36 55 75
593 233 54 42 77
621 236 53 43 74
583 662 53 49 56
691 214 48 54 54
590 172 55 48 88
679 371 43 51 88
669 212 58 59 47
565 55 39 50 83
670 357 60 47 46
545 308 45 47 51
538 141 57 59 60
531 472 39 49 51
627 661 42 52 61
515 499 41 50 73
601 607 41 59 81
640 406 52 38 88
654 49 41 38 69
589 139 52 46 50
520 495 41 45 61
559 48 43 41 84
545 129 40 52 53
520 300 41 47 45
688 707 51 44 87
524 8 56 40 76
519 187 44 47 67
523 298 43 36 67
582 301 42 53 79
639 4 60 36 64
611 48 39 36 67
531 323 53 43 75
659 135 54 57 56
598 321 39 41 72
626 663 45 53 75
589 72 46 56 54
611 557 51 54 84
684 87 37 57 49
605 418 44 53 86
585 82 36 43 67
531 158 55 41 77
505 257 39 58 65
690 353 55 36 67
536 685 52 50 55
690 552 46 58 52
527 200 40 53 54
696 344 48 58 78
560 48 38 36 74
700 443 46 37 47
550 39 47 57 45
502 76 44 47 46
577 76 59 60 54
534 254 43 43 70
689 395 60 48 71
682 50 46 40 61
687 263 53 56 81
611 409 36 52 71
553 255 48 58 81
533 49 56 36 56
547 391 48 57 58
504 415 38 37 69
521 355 57 46 73
633 483 41 47 74
556 247 43 55 48
652 706 54 43 77
558 266 58 38 63
629 665 38 40 53
624 446 38 48 55
652 113 58 57 80
624 209 59 58 49
512 560 39 37 52
577 396 43 39 85
619 545 40 41 51
639 689 49 41 47
661 374 58 37 77
672 297 51 48 53
552 434 58 48 85
572 338 47 59 58
607 576 51 44 87
659 42 40 51 56
656 683 49 41 46
653 8 53 59 83
532 530 41 49 72
514 328 46 43 64
670 645 51 42 70
616 112 56 45 49
518 479 42 50 46
500 460 53 41 69
555 212 43 54 58
550 386 46 51 80
551 8 49 54 75
615 304 38 52 64
542 719 59 41 82
615 370 50 54 82
664 140 53 49 87
617 675 55 52 59
616 139 41 40 53
521 352 47 51 76
668 674 51 40 81
637 692 54 59 79
690 293 47 58 77
557 349 52 48 46
550 477 44 49 46
695 744 41 42 77
593 187 53 53 75
657 18 52 58 76
664 328 55 39 55
559 410 47 45 72
522 326 39 53 75
512 701 38 55 56
695 471 46 38 69
673 118 38 36 45
545 46 52 51 84
550 96 38 38 76
588 7 58 46 52
506 664 41 53 80
661 241 45 42 53
573 187 39 47 58
580 476 44 36 81
697 285 59 43 47
607 191 48 44 64
535 662 41 37 88
607 579 48 36 52
540 735 54 51 53
563 694 59 51 83
626 157 39 37 87
657 522 37 44 67
535 268 59 50 56
698 369 41 50 69
688 142 49 40 87
602 475 50 43 64
516 242 57 60 57
695 467 54 45 66
527 60 57 60 72
637 66 45 40 67
652 548 57 46 65
520 359 49 46 60
574 180 37 52 80
639 452 48 55 85
524 635 49 43 53
644 234 40 44 63
601 105 50 49 76
507 652 54 48 72
536 429 50 49 55
572 545 48 39 56
565 453 36 50 78
637 542 38 40 52
653 586 37 50 51
546 619 41 53 73
649 359 57 46 49
532 714 60 46 77
506 309 58 51 69
661 663 48 55 76
644 157 41 60 85
615 382 55 54 60
577 107 36 59 46
656 86 52 37 47
570 117 52 43 79
647 401 47 49 85
505 688 55 46 59
610 457 56 57 49
574 116 48 60 61
543 112 60 60 87
523 518 55 40 67
501 504 50 49 72
505 284 55 54 66
585 150 59 41 72
645 434 58 59 87
541 612 46 41 62
658 81 54 59 63
688 384 39 39 55
522 428 58 50 79
638 582 38 46 72
649 412 42 54 74
677 510 59 41 83
650 726 41 50 88
502 689 57 47 61
688 281 60 59 53
645 216 36 43 70
629 654 46 57 53
692 647 48 40 65
642 310 48 41 52
502 39 54 39 55
547 281 45 60 53
606 372 53 50 80
692 266 59 40 52
511 321 54 56 66
638 443 50 51 66
620 742 52 45 83
647 489 41 40 51
604 482 56 46 50
634 358 53 59 68
588 35 47 48 85
695 161 39 43 85
544 143 45 57 45
687 154 45 54 81
547 25 52 55 69
666 491 57 39 73
593 680 36 60 88
545 552 36 46 77
520 219 51 55 68
614 95 54 58 58
508 698 46 60 85
643 585 48 37 59
544 383 59 57 79
697 667 38 58 73
611 365 39 55 59
690 67 52 45 70
699 481 40 47 45
601 260 40 51 79
650 230 40 46 69
523 131 47 51 49
645 703 41 53 54
687 735 54 38 69
509 594 43 53 71
561 324 42 52 82
508 451 45 37 62
563 252 36 50 56
599 747 48 51 69
607 310 42 57 46
519 264 51 60 86
542 313 57 48 79
545 73 42 51 82
558 719 37 36 79
549 553 45 57 65
515 408 55 55 67
667 10 48 48 46
568 529 38 51 68
587 272 37 54 48
522 548 53 48 49
509 259 37 60 56
514 480 39 42 54
515 489 36 37 64
560 105 55 54 84
656 542 37 58 83
517 14 56 45 52
552 575 38 59 75
578 637 37 44 50
531 711 51 50 56
675 578 36 46 67
512 626 56 44 62
568 719 45 49 58
657 527 39 53 85
572 296 59 59 64
626 349 57 45 70
587 503 57 40 49
616 454 56 46 57
679 543 44 58 84
510 112 42 47 84
648 732 36 38 53
575 97 45 37 55
530 142 51 45 54
540 291 40 47 80
641 690 43 38 82
532 51 48 51 73
533 119 36 44 60
634 700 53 56 76
614 303 41 38 80
664 11 49 52 50
639 682 56 45 80
671 303 39 51 75
658 740 42 47 50
685 353 49 44 80
560 40 52 58 66
626 747 58 52 76
699 53 58 50 45
543 703 52 46 74
513 672 40 48 63
644 83 47 46 60
668 162 53 55 57
586 84 50 41 85
650 502 54 41 65
574 277 42 52 77
515 167 57 46 65
539 209 48 58 78
698 239 42 43 57
694 40 56 49 49
565 666 56 52 51
586 528 36 60 76
502 343 48 40 58
588 391 46 44 52
634 397 59 37 51
565 700 52 51 47
589 548 47 45 77
581 704 42 59 73
675 214 55 45 54
522 557 45 47 82
651 332 52 58 60
694 476 53 39 60
559 163 59 44 46
596 280 42 51 45
577 210 54 38 60
553 341 46 38 58
669 348 42 41 59
689 168 53 58 88
562 4 48 58 56
501 517 41 44 81
676 181 59 57 74
561 624 40 39 77
683 682 59 53 75
524 731 39 38 79
611 112 57 60 54
650 182 40 45 71
673 376 38 55 71
545 231 38 41 74
571 476 56 46 61
504 189 39 36 72
649 451 60 56 45
698 482 41 51 78
641 278 49 36 69
619 606 46 53 57
651 333 44 45 50
622 99 37 42 79
610 342 47 37 47
629 571 50 58 82
655 670 52 58 47
682 471 50 55 51
683 583 51 37 77
660 385 50 52 70
672 202 59 52 73
669 564 57 50 72
537 578 40 51 79
518 578 57 55 84
669 520 49 42 56
603 630 53 57 45
652 438 55 52 53
517 348 60 48 75
534 532 37 47 78
642 751 46 48 87
645 705 44 53 45
637 296 48 59 75
545 631 40 43 77
523 678 58 36 64
635 163 58 48 69
608 5 57 40 62
620 134 38 40 64
568 656 56 44 85
543 509 47 43 49
623 96 57 55 64
699 603 43 45 64
664 1 49 53 77
502 631 38 59 53
636 445 46 45 55
678 731 46 60 55
672 395 43 36 82
525 572 47 58 76
586 567 38 48 78
686 717 41 60 70
588 627 54 49 71
598 166 60 47 84
575 642 53 50 84
541 293 45 52 80
660 12 40 37 71
622 474 58 45 75
637 632 37 51 45
583 323 54 38 65
507 161 42 55 53
506 494 41 43 49
617 351 36 40 66
559 737 56 57 83
648 606 50 49 54
510 250 37 41 52
672 310 60 43 78
530 134 54 55 88
571 533 37 54 65
660 389 57 48 45
575 141 55 49 61
598 311 59 56 82
675 548 59 39 46
561 293 57 55 81
614 545 60 40 61
627 405 49 57 80
514 747 59 52 55
518 188 47 54 76
542 301 40 43 51
651 81 37 36 69
523 702 40 56 83
547 170 42 43 82
561 563 42 58 57
592 351 40 43 47
518 453 40 58 75
607 715 49 52 47
562 579 51 45 69
617 619 47 56 69
637 688 47 51 74
515 50 38 50 60
552 265 44 43 62
507 654 58 40 47
619 207 52 40 74
523 609 39 36 76
642 640 36 53 68
665 628 52 53 63
567 609 47 37 78
530 228 48 44 67
504 613 43 46 70
550 344 42 48 61
604 65 48 47 73
570 285 59 43 51
645 265 57 55 69
519 568 58 45 88
539 450 48 45 45
608 281 50 40 57
547 733 53 49 62
529 117 48 46 56
608 350 60 40 83
546 743 51 55 77
696 717 46 48 57
553 536 37 53 88
579 105 42 38 54
541 302 50 59 57
540 511 56 38 82
501 537 58 54 76
544 303 40 39 70
579 527 41 55 57
672 685 40 59 61
686 473 56 41 80
695 635 59 49 62
646 554 59 46 72
662 20 43 41 70
596 123 50 57 65
648 247 58 39 67
647 389 41 50 81
687 172 51 60 74
669 733 55 52 58
643 554 59 50 47
500 19 55 60 76
667 519 44 42 77
583 568 58 53 76
693 383 45 36 65
646 671 42 58 71
625 450 56 46 74
587 428 42 50 62
608 0 42 41 78
505 301 58 43 61
612 397 58 43 73
652 188 56 42 54
628 493 55 48 45
618 134 45 55 86
553 188 40 39 84
504 692 54 53 68
577 551 56 40 49
589 86 50 49 78
656 165 41 57 80
587 689 59 48 77
538 351 36 39 61
664 171 56 58 48
630 285 60 60 68
690 307 51 41 62
544 478 59 57 85
584 222 39 49 71
649 385 56 47 53
682 489 54 52 88
604 273 45 60 48
623 641 52 44 62
601 522 55 57 72
608 21 47 40 80
502 510 46 55 77
643 34 52 56 49
655 553 55 59 72
537 389 48 38 55
649 210 50 45 67
505 575 41 38 77
658 342 57 41 51
592 294 47 45 59
599 440 58 48 68
601 386 48 51 78
579 110 42 38 54
552 665 38 51 66
539 577 44 46 58
633 588 59 38 61
514 183 54 43 49
537 391 49 40 77
502 53 57 45 63
625 145 55 43 72
575 260 54 54 77
602 549 42 57 81
534 248 56 57 59
676 393 47 46 86
680 388 36 45 57
531 61 47 47 65
556 105 47 42 88
669 340 51 49 87
539 109 51 47 79
660 285 41 51 51
622 325 38 46 49
662 45 36 36 45
673 674 50 45 49
700 728 46 51 45
657 719 48 58 52
525 543 39 45 73
541 226 57 58 68
625 717 40 56 73
609 334 45 60 50
604 650 60 54 57
569 444 38 57 45
571 343 45 56 85
542 247 41 42 49
553 710 50 56 75
652 406 42 44 67
589 493 39 38 49
543 580 49 55 54
629 346 42 60 79
543 700 36 46 88
509 437 42 38 62
526 679 43 52 88
679 136 41 43 52
527 141 42 49 81
524 354 37 55 61
647 610 49 40 53
528 26 60 56 72
637 730 48 54 84
557 557 38 55 82
527 437 59 57 63
698 141 50 44 70
587 747 38 49 81
624 277 40 41 79
696 425 58 44 71
546 747 55 48 64
500 126 37 44 62
530 180 40 48 53
527 342 37 59 75
691 604 46 51 81
571 11 37 48 52
669 2 52 59 72
537 22 36 46 79
648 173 49 51 66
560 266 56 60 88
577 515 48 53 79
544 749 59 36 79
669 339 53 50 53
652 75 40 58 45
687 345 37 58 59
592 619 51 48 71
554 483 57 46 76
653 737 36 57 80
614 379 46 57 78
642 580 58 49 75
568 460 59 36 56
677 65 38 45 78
