603
204 83 92 110 9
1000
699 225 57 37 87
553 406 56 50 45
553 436 52 57 84
595 9 58 53 49
669 131 53 44 82
632 65 41 60 46
678 459 43 55 67
687 36 40 38 73
502 482 41 41 81
564 325 43 36 75
505 460 49 38 53
677 455 42 41 80
526 256 45 39 52
678 492 53 42 69
559 181 53 49 60
593 501 38 42 71
697 192 51 54 70
672 185 47 40 52
645 220 53 43 53
671 106 41 49 48
664 151 56 36 85
537 102 50 43 61
656 58 46 36 59
580 106 51 43 87
574 26 41 52 63
673 322 38 54 69
550 239 49 45 87
503 80 50 55 84
506 205 44 45 60
554 80 47 52 52
535 346 40 37 76
692 323 46 41 88
559 93 49 42 63
685 364 57 39 68
506 191 46 51 68
600 420 39 47 82
670 219 58 55 70
642 15 41 48 70
520 212 60 57 61
524 59 41 54 58
550 117 45 51 49
552 490 50 43 80
543 154 51 40 54
532 57 51 46 50
557 298 45 49 75
594 432 55 41 86
537 436 39 51 45
644 286 54 55 88
627 265 50 40 56
574 485 50 52 54
518 71 43 55 87
654 107 42 54 56
514 335 37 41 88
573 123 38 44 74
504 127 55 46 56
591 491 48 52 46
586 59 50 52 81
608 372 41 44 54
545 169 57 59 61
560 138 52 37 57
622 55 38 58 72
545 418 49 40 58
524 314 48 60 68
625 449 38 54 80
538 269 54 50 53
617 282 45 40 67
636 283 43 40 45
500 272 60 56 85
555 227 56 57 77
573 480 51 58 86
662 126 38 46 62
624 82 36 46 45
511 164 49 45 81
503 13 52 47 66
648 41 44 40 58
623 488 57 54 46
613 244 43 45 73
608 172 40 52 63
549 390 49 39 72
654 468 45 45 76
546 352 52 60 72
566 275 48 50 51
606 309 60 36 80
626 207 40 57 83
641 488 40 51 63
648 245 47 59 58
664 294 43 58 67
683 141 50 45 86
662 434 54 55 57
661 325 58 44 61
513 351 50 53 63
538 156 38 56 61
654 443 44 55 76
594 101 37 45 73
507 438 39 58 50
536 228 53 47 81
687 68 58 47 79
561 293 45 60 82
607 427 56 43 47
556 473 42 40 86
544 182 45 52 57
512 232 56 47 54
624 21 50 50 56
657 125 51 56 58
590 44 57 57 46
634 17 59 58 73
617 462 45 44 52
516 489 38 37 52
678 332 39 50 85
542 116 59 52 63
616 214 53 41 88
611 259 54 42 55
634 16 59 49 56
563 480 55 59 62
560 297 47 39 77
619 193 49 50 82
654 319 38 56 77
554 160 38 47 56
681 341 57 56 84
625 284 37 39 77
591 203 58 53 51
561 1 60 38 81
618 148 55 38 74
522 290 38 51 75
562 6 41 48 86
621 415 60 54 58
557 266 48 39 56
555 58 46 58 71
509 454 48 53 63
639 57 36 36 82
684 43 49 41 47
502 395 46 41 80
624 450 40 49 50
591 108 43 50 47
579 76 38 53 78
569 302 53 45 64
628 431 57 54 59
571 467 57 42 65
504 12 56 46 84
532 304 57 57 81
565 123 42 41 56
558 388 59 36 84
623 375 38 40 81
691 269 47 58 57
633 325 55 37 50
529 39 54 38 63
600 263 56 40 69
539 47 37 38 80
625 383 53 55 59
580 113 48 53 61
551 199 36 58 60
574 309 53 53 48
523 410 47 41 55
684 478 58 52 75
610 148 52 55 61
670 127 47 52 60
658 436 53 49 88
654 315 52 55 84
591 234 38 49 57
558 166 37 45 78
639 199 48 40 56
530 17 56 56 69
595 496 41 58 77
633 417 41 51 75
586 257 46 47 70
627 70 53 57 77
501 33 37 58 48
523 139 59 52 73
647 59 60 59 84
546 191 51 50 66
673 24 43 43 63
598 33 43 44 77
537 24 40 57 74
526 425 51 38 54
569 254 55 39 55
645 128 48 41 86
578 484 59 36 78
652 45 51 52 74
510 315 55 43 57
632 459 51 53 70
676 166 49 52 65
569 250 50 36 77
692 63 44 59 77
642 219 41 39 67
659 107 49 37 82
529 389 37 45 80
616 444 53 59 53
542 64 58 44 62
558 376 47 42 79
597 341 56 48 81
670 1 46 51 69
650 381 52 37 61
560 292 42 54 79
573 274 58 56 77
695 13 54 48 72
502 376 59 40 56
549 255 41 56 67
618 444 47 56 56
689 326 37 41 66
608 327 51 38 55
683 395 39 42 57
635 368 56 53 53
694 349 46 42 57
516 495 57 55 58
524 37 44 46 63
658 325 41 46 59
687 8 46 49 82
537 455 53 58 53
554 191 50 48 82
565 46 57 51 83
683 66 50 54 68
622 282 60 42 51
699 222 42 46 75
600 305 51 56 67
649 218 49 41 48
574 498 55 36 82
645 266 47 42 67
681 4 38 38 45
649 319 49 48 85
624 113 56 39 73
661 79 57 44 75
675 88 41 58 65
555 93 45 40 80
659 265 41 47 46
571 279 40 44 58
629 247 50 48 53
523 55 37 52 84
518 396 53 53 54
571 105 39 51 66
559 344 42 45 79
537 392 46 55 60
582 31 54 41 80
620 123 50 43 79
526 82 49 54 52
505 431 47 40 77
630 271 43 47 58
632 367 48 49 63
602 461 51 59 77
683 79 38 54 66
548 254 45 52 48
585 436 42 49 76
559 397 42 41 83
585 200 47 50 75
510 440 44 57 87
600 3 40 56 68
645 384 37 43 80
668 53 45 60 46
654 455 46 53 45
547 452 52 60 46
540 431 43 40 52
575 378 43 59 74
690 21 42 42 88
554 237 42 51 55
604 50 37 44 46
571 297 51 53 82
512 488 54 44 71
599 318 40 45 76
688 93 55 60 45
508 321 39 52 66
592 121 58 58 74
532 99 38 40 55
652 175 57 55 67
592 292 50 54 74
649 381 49 57 74
580 175 51 59 77
539 130 57 49 49
618 123 59 59 75
612 277 36 36 73
691 25 51 38 53
512 334 49 60 77
536 56 55 49 87
634 58 48 55 73
605 422 58 51 75
596 174 51 36 77
520 232 40 47 85
542 345 52 58 67
660 18 39 39 49
636 61 46 52 84
652 82 54 59 69
560 37 54 59 83
520 108 36 39 76
529 9 53 39 63
505 152 40 54 79
667 226 58 56 47
696 373 47 42 56
638 54 46 56 54
670 496 45 56 67
633 38 41 58 54
545 100 40 42 53
694 143 43 36 46
514 48 36 37 74
632 338 54 54 47
572 65 42 55 78
682 278 51 47 72
591 372 40 39 76
555 151 44 48 66
508 187 43 41 51
610 156 38 57 87
516 132 48 41 52
543 133 54 41 82
538 440 49 45 79
573 330 56 40 86
526 79 37 38 45
651 462 51 57 77
616 361 46 47 64
651 374 49 50 53
558 102 57 56 47
627 392 44 55 58
514 31 36 56 62
668 474 43 39 86
526 246 44 52 79
509 256 48 48 66
606 157 38 53 76
577 191 40 47 85
635 285 55 39 77
691 482 47 58 54
630 372 54 52 50
598 424 54 51 69
501 296 48 42 88
501 301 41 39 77
689 205 54 58 86
669 218 43 52 70
536 407 55 37 51
597 252 39 38 85
692 310 40 53 50
550 15 41 37 77
636 237 37 60 82
676 249 41 39 52
661 67 57 54 78
586 491 36 53 70
632 431 55 36 48
513 171 36 51 73
563 496 46 46 63
640 94 43 36 73
667 88 55 49 81
586 390 57 48 84
514 297 58 41 50
512 33 58 43 66
508 118 45 48 57
537 122 39 42 60
621 222 49 48 51
508 325 57 50 88
545 469 59 58 82
693 388 44 37 53
626 414 41 59 46
517 429 47 37 70
668 326 54 41 56
601 306 40 52 66
627 21 41 41 85
524 132 48 49 85
643 35 52 40 47
651 363 58 50 77
620 53 40 40 74
694 233 56 53 55
595 234 46 47 58
647 275 46 44 53
658 343 48 39 68
522 328 44 43 67
557 267 51 38 56
617 133 45 50 88
538 332 43 52 72
538 243 59 55 82
690 335 37 45 58
615 242 43 47 67
510 116 46 59 81
654 439 42 39 50
615 118 46 59 45
503 191 59 48 51
518 218 38 60 81
567 18 40 36 51
673 293 58 37 61
653 59 54 45 62
573 402 56 55 84
690 160 59 51 71
554 3 39 37 60
550 470 38 57 51
555 64 59 49 71
677 13 38 40 71
637 470 47 45 62
597 270 39 37 47
652 214 59 59 45
662 38 57 58 72
575 254 39 60 45
582 427 41 48 62
535 80 42 49 81
696 169 51 53 71
561 286 36 54 54
589 91 45 55 62
624 503 48 51 84
623 4 44 37 81
512 81 52 41 62
515 41 53 55 46
577 225 42 47 63
574 473 54 46 48
582 425 53 47 71
509 439 47 51 71
606 74 46 39 87
509 327 46 46 68
644 55 50 36 74
642 171 46 52 80
601 392 42 36 57
531 269 58 45 57
586 319 55 45 86
538 111 36 42 68
617 416 38 53 56
667 177 47 59 58
539 171 46 53 83
545 449 41 52 77
593 8 43 46 73
619 30 40 55 78
502 298 39 39 58
517 57 43 52 52
665 257 54 41 57
559 378 39 39 74
673 381 44 44 82
647 330 39 50 84
556 371 43 53 59
688 341 44 41 52
500 302 52 39 80
585 232 48 55 57
655 132 40 44 86
652 382 49 57 84
521 37 49 48 60
595 296 48 46 54
586 22 56 37 83
629 57 49 36 50
527 487 57 45 86
635 222 52 48 58
697 251 47 48 87
596 76 51 57 64
538 70 38 43 88
586 448 51 50 75
633 344 55 53 86
569 264 37 39 73
575 207 42 36 58
612 121 44 50 53
662 123 36 54 68
547 282 44 52 83
644 371 46 46 49
519 465 49 46 52
562 475 36 38 86
635 154 42 38 61
653 69 39 43 62
533 400 58 60 49
643 106 40 52 63
670 172 48 58 81
588 412 54 56 70
660 290 53 58 71
609 104 48 56 81
618 138 44 58 77
639 470 45 36 87
551 429 43 48 57
568 151 44 52 50
598 100 40 43 76
685 162 47 38 54
621 118 44 54 75
581 503 53 40 83
500 70 57 47 50
645 48 41 38 64
636 203 45 59 47
608 430 44 54 66
500 240 50 39 85
693 262 42 55 51
531 394 51 51 62
531 173 46 55 69
668 396 47 49 64
676 401 50 54 66
502 254 47 41 69
530 57 36 39 88
643 209 53 49 58
664 342 44 53 53
501 314 56 36 74
502 227 40 42 58
638 101 52 44 66
678 268 41 59 79
518 256 60 39 59
688 502 60 58 49
651 208 56 43 51
655 439 52 53 62
626 273 58 38 82
636 405 56 59 54
578 76 41 42 86
539 475 43 46 48
613 231 46 41 62
673 415 38 59 47
573 9 50 55 61
542 139 59 54 84
675 80 59 57 63
627 424 45 45 78
612 101 41 42 83
511 333 54 36 80
690 473 48 43 82
565 285 40 60 88
676 49 36 57 49
652 108 56 50 76
677 387 49 59 68
513 155 47 52 65
587 271 46 49 57
501 58 41 37 73
596 26 52 40 76
574 19 51 41 64
545 497 37 55 45
556 367 44 54 62
543 281 56 48 60
596 366 59 54 71
693 204 52 36 51
655 458 59 49 76
635 130 53 40 81
607 313 53 52 67
669 146 46 55 76
532 130 49 40 52
603 434 46 51 63
610 317 52 44 50
504 86 38 43 64
670 153 54 60 54
512 290 60 60 57
688 214 47 45 58
692 448 46 50 86
666 358 54 36 62
661 281 57 58 64
672 349 39 56 63
575 417 54 60 85
593 156 47 57 59
544 77 55 43 76
625 412 41 57 85
622 330 40 60 78
688 373 53 49 61
614 33 56 52 69
605 38 57 52 63
523 429 60 44 76
579 93 42 36 83
565 297 56 46 87
666 256 52 58 51
563 22 41 42 62
535 452 44 59 66
564 289 56 56 86
587 423 53 53 55
617 475 41 48 52
546 259 38 50 61
541 165 38 51 55
577 367 54 56 63
557 182 54 58 54
514 233 54 50 53
573 202 41 45 77
537 76 49 56 74
700 204 50 46 77
614 162 60 47 74
559 242 47 44 45
541 489 43 44 87
674 351 52 46 48
638 109 57 40 56
583 269 41 42 64
590 211 59 43 71
624 239 54 45 80
659 377 52 46 84
562 308 53 37 84
690 17 56 58 84
540 326 40 46 76
578 179 36 50 71
635 63 54 48 56
560 386 52 46 58
642 226 36 55 45
634 342 39 38 61
547 135 44 60 74
654 58 36 40 63
600 427 40 46 69
680 311 55 43 84
669 31 59 51 76
581 282 48 42 57
510 301 38 44 67
664 27 51 48 47
668 315 42 50 70
578 451 53 42 47
519 8 39 41 54
534 231 53 55 62
500 196 36 37 75
508 39 42 44 45
697 147 36 37 51
582 77 49 47 71
694 162 59 54 83
614 115 52 59 50
543 33 43 42 78
516 269 56 44 79
624 121 36 41 73
614 85 47 48 68
500 226 46 52 68
510 39 58 48 64
677 95 40 51 83
565 182 49 43 63
642 139 50 56 69
517 75 46 39 63
595 458 52 46 78
586 363 44 59 78
581 32 43 55 64
538 378 42 52 59
598 55 41 54 48
605 438 43 52 82
626 38 47 40 63
575 93 47 40 48
624 309 45 41 77
594 67 53 60 50
501 390 52 54 53
699 8 49 46 82
562 66 45 49 85
616 26 57 53 80
550 420 38 39 83
587 178 60 60 53
643 132 50 60 47
585 96 55 48 83
544 175 58 47 65
664 27 41 38 58
588 256 45 44 82
658 73 50 44 58
647 42 59 39 69
638 330 48 55 69
668 343 50 44 72
529 215 39 45 73
566 303 57 49 46
553 466 42 43 79
691 397 57 42 72
656 151 43 36 56
577 203 55 51 66
625 113 41 42 75
592 348 37 49 56
517 326 40 48 47
520 478 47 42 73
616 476 56 56 80
698 110 58 49 73
699 359 51 53 53
551 242 49 41 84
617 50 44 59 81
614 217 39 59 75
673 215 43 38 60
577 99 44 36 55
505 187 47 53 45
502 276 38 49 81
516 191 44 38 86
593 471 58 59 83
591 68 60 60 84
614 454 36 52 83
643 429 45 36 64
679 179 51 52 59
524 154 36 53 63
662 78 46 50 46
602 183 47 45 60
670 21 42 47 81
602 65 58 47 75
540 430 51 55 86
607 109 39 45 78
558 322 52 49 72
578 495 37 40 60
505 24 38 42 79
503 194 58 50 71
531 100 57 57 46
601 417 58 55 49
699 323 46 43 80
559 213 53 52 45
668 334 49 44 73
506 321 43 47 65
681 472 43 49 50
564 42 49 56 83
642 195 56 57 76
549 290 39 54 45
546 279 58 54 49
620 360 43 60 57
574 248 57 49 83
572 386 41 54 77
692 253 55 59 85
598 135 41 40 61
558 43 46 45 59
671 235 37 54 65
639 79 43 47 68
648 80 36 45 69
521 84 42 50 85
610 189 43 58 57
588 33 53 42 80
700 313 44 60 64
620 192 51 55 78
649 308 54 53 58
698 143 60 38 45
651 419 48 37 64
577 93 40 40 88
585 321 45 38 63
534 229 43 52 57
568 369 55 41 70
683 49 51 44 55
560 279 41 46 47
511 219 42 49 87
626 126 47 39 65
668 380 39 37 67
634 252 39 51 53
522 121 56 41 46
621 99 59 59 50
632 109 52 57 54
570 233 49 38 75
587 73 37 54 58
691 308 60 46 45
615 312 36 54 71
675 56 46 50 69
599 483 53 51 62
630 22 44 56 61
594 357 49 43 79
631 169 39 48 53
556 242 57 40 46
682 159 56 45 45
663 93 47 46 55
574 17 58 54 68
655 4 50 43 59
598 210 42 56 54
669 206 55 50 67
512 79 59 54 48
561 207 44 60 50
627 101 44 58 78
666 247 48 47 45
520 269 37 48 45
690 104 55 52 77
547 96 43 60 87
573 382 36 59 70
628 126 37 50 55
655 54 52 54 73
543 92 57 50 62
675 125 48 42 67
535 498 58 53 65
540 53 39 37 45
560 45 36 48 84
684 44 38 41 71
613 315 44 51 67
610 429 48 44 84
544 342 53 38 74
594 384 55 46 70
527 66 60 54 74
600 472 43 43 47
503 8 56 38 77
507 321 53 43 74
541 371 58 58 61
575 331 54 60 69
508 85 44 60 80
569 379 47 51 78
575 345 41 40 53
627 389 48 44 88
603 151 45 42 54
697 355 54 38 56
525 240 60 59 54
574 307 45 53 76
611 263 59 58 72
518 434 45 49 75
502 333 46 51 54
564 237 51 53 60
584 52 57 56 55
502 279 37 43 63
556 252 49 43 59
654 378 51 53 50
651 499 45 40 49
593 12 58 50 45
501 437 47 36 48
561 55 59 36 68
679 93 47 37 62
595 75 60 43 79
550 84 41 42 49
609 462 38 55 81
616 434 51 44 78
609 483 49 54 85
518 27 40 53 59
657 225 37 56 88
652 256 36 56 46
537 140 47 42 61
580 501 60 59 52
520 303 43 47 61
543 319 42 50 51
630 97 47 37 60
653 90 39 47 80
559 390 54 36 62
622 195 58 50 51
700 155 60 42 87
593 90 60 50 49
696 23 45 42 49
574 38 54 43 87
637 234 51 52 59
663 88 44 49 65
586 440 46 59 49
622 185 38 36 74
677 271 39 36 73
502 28 55 52 81
553 66 55 40 70
517 344 47 43 60
643 126 58 43 61
518 12 57 55 55
698 4 37 45 86
552 311 40 56 75
650 160 53 46 73
523 207 50 44 77
626 336 46 52 54
691 460 59 56 76
603 382 37 40 46
532 280 47 42 45
544 370 52 40 74
679 242 41 48 80
633 400 41 47 59
522 291 57 48 69
538 376 55 60 66
597 431 45 44 48
576 244 39 52 51
556 39 48 57 56
660 476 46 48 57
644 163 45 48 58
559 178 39 53 86
668 120 46 37 83
658 221 47 39 68
673 245 54 46 49
614 340 52 52 79
676 376 37 51 51
658 76 58 58 84
644 83 56 47 60
632 124 42 47 65
587 417 39 50 63
514 483 43 52 65
608 45 57 59 77
634 215 50 52 87
673 137 42 60 54
642 272 42 51 48
666 255 38 55 81
617 470 58 37 86
542 370 36 57 75
604 0 52 58 51
603 65 59 45 81
641 444 44 46 78
625 164 42 47 76
677 359 54 46 60
633 324 43 48 70
684 458 46 54 65
595 417 60 36 66
633 396 37 47 48
589 386 56 47 50
638 79 37 42 62
665 317 50 36 50
557 91 51 59 82
656 219 40 56 83
664 244 50 56 86
645 240 43 43 54
522 91 36 36 48
538 488 59 52 68
661 4 46 40 85
503 425 53 40 51
681 406 56 51 74
610 357 41 44 73
664 97 42 45 86
651 184 48 47 83
604 399 40 39 82
612 64 36 52 84
614 258 42 47 64
608 112 43 43 51
675 103 53 59 61
631 288 39 50 74
645 170 45 48 49
563 423 51 36 47
547 233 51 57 52
535 11 58 60 71
597 426 58 57 74
564 427 60 48 63
565 499 37 43 46
592 328 45 51 78
700 255 40 53 59
677 339 37 53 81
519 495 54 54 58
629 29 57 44 54
524 263 49 46 53
509 366 38 44 77
611 270 57 46 84
590 14 51 50 46
541 349 56 58 70
513 236 39 42 60
700 28 45 41 71
621 387 56 55 68
565 157 58 59 87
576 175 36 54 58
556 186 55 45 78
527 476 57 60 84
529 218 46 49 61
699 190 41 39 64
511 308 59 47 59
616 51 54 52 83
585 92 60 50 54
500 341 46 57 49
628 260 39 43 81
510 214 52 47 51
601 454 58 60 52
585 236 36 57 57
604 47 47 50 77
696 448 58 44 56
537 67 55 51 57
685 50 58 59 86
689 36 36 37 81
545 11 52 48 54
598 169 56 53 81
505 381 46 51 52
558 283 36 47 66
514 179 39 41 58
593 55 56 54 60
685 161 48 54 58
635 258 48 53 88
607 113 45 52 62
605 105 46 40 47
676 370 42 47 47
607 172 51 48 51
622 26 51 52 55
644 44 42 52 63
544 39 43 49 79
576 363 40 39 57
617 364 54 49 54
659 179 46 60 46
696 101 41 48 77
612 142 50 53 59
506 348 60 51 60
535 64 58 38 55
679 13 55 42 82
574 252 48 40 61
631 343 47 56 68
514 87 41 49 60
526 379 45 46 65
660 70 38 48 66
539 259 54 46 80
653 164 51 43 51
666 236 40 55 86
589 324 51 53 85
587 456 38 58 51
690 262 48 53 70
651 154 37 42 62
652 238 42 60 50
609 32 46 39 69
589 364 44 43 60
658 151 46 46 80
508 52 45 59 65
565 448 41 40 52
602 156 44 55 45
510 324 46 54 46
696 24 39 44 50
697 394 40 38 55
521 164 53 59 68
562 325 45 41 78
688 503 37 60 70
566 472 47 53 75
537 24 38 51 45
587 442 58 45 68
598 447 37 39 57
548 246 54 46 54
693 250 43 41 70
618 227 37 55 62
618 203 50 51 64
698 125 37 55 45
599 385 53 60 84
514 497 59 52 79
559 131 47 60 51
570 256 36 40 85
686 145 38 47 84
555 406 47 58 59
534 272 45 53 81
550 52 52 53 72
515 472 58 48 87
571 456 37 52 75
524 355 43 58 71
667 56 49 58 59
529 481 43 40 67
621 294 37 53 52
501 189 49 41 52
620 166 43 41 56
522 99 44 55 83
525 135 44 44 76
626 363 37 37 58
630 125 57 48 51
609 225 45 47 82
642 107 41 45 45
545 264 41 55 77
582 341 41 57 50
696 45 56 48 85
638 329 56 37 48
618 21 55 43 70
600 494 53 50 69
538 72 50 41 71
622 68 38 57 78
560 61 56 46 75
502 236 47 50 81
698 296 36 50 70
664 306 54 49 67
677 409 52 37 71
691 43 36 44 57
671 261 51 39 56
527 482 42 59 76
500 283 58 57 49
660 323 55 43 47
595 309 50 38 71
646 265 43 48 46
615 223 44 51 50
604 215 37 38 60
551 155 53 39 47
647 354 58 49 65
688 188 43 43 80
517 312 37 55 66
621 376 49 48 54
687 143 57 50 71
543 345 48 44 68
