504
144 74 78 59 4
1000
-863 116 52 38 79
-741 397 55 53 77
-837 320 52 49 87
-778 232 40 45 61
-803 248 49 58 77
-882 233 54 49 58
-865 2 42 52 59
-790 357 45 45 78
-788 374 53 43 79
-897 5 51 51 78
-803 355 43 55 68
-752 330 44 42 77
-817 78 52 60 58
-718 324 36 53 67
-728 402 58 52 86
-705 181 59 40 73
-731 150 45 44 58
-792 88 44 36 52
-751 286 41 49 82
-840 398 51 42 71
-848 101 60 42 80
-881 330 55 43 74
-714 55 37 50 67
-798 385 56 58 89
-870 224 59 46 55
-750 187 43 41 64
-762 90 54 59 68
-808 106 43 59 64
-763 342 54 58 83
-837 364 37 47 63
-899 395 60 42 51
-900 254 50 36 51
-779 67 49 59 87
-760 399 57 60 84
-842 151 44 38 78
-710 235 58 39 74
-711 232 51 42 57
-761 382 57 36 54
-747 40 59 44 72
-788 356 46 36 53
-812 279 37 54 75
-704 82 37 60 69
-820 212 49 53 56
-725 193 42 56 62
-888 402 36 47 56
-852 173 57 47 53
-746 251 49 45 55
-860 280 48 40 78
-815 266 37 46 74
-841 208 57 52 57
-747 371 55 50 83
-881 131 46 41 68
-821 246 40 44 84
-729 150 41 40 66
-835 134 55 46 52
-730 105 55 58 89
-849 191 39 46 72
-835 283 59 60 71
-850 62 46 52 66
-735 87 41 41 64
-871 149 46 41 54
-849 17 37 44 56
-814 370 54 60 72
-724 376 44 41 81
-828 13 51 51 87
-854 45 51 46 75
-809 200 45 50 73
-880 114 41 51 60
-722 15 53 40 70
-844 166 49 55 89
-869 365 57 60 54
-893 282 50 59 52
-745 70 52 45 82
-795 355 49 48 73
-878 189 58 49 81
-878 274 56 51 58
-878 400 47 59 73
-863 379 39 38 90
-752 104 56 39 89
-753 93 58 57 89
-842 29 48 52 60
-732 138 54 58 79
-867 195 44 57 82
-855 76 43 60 73
-760 315 52 53 67
-863 68 40 41 83
-706 341 60 41 79
-714 53 55 58 83
-800 245 52 56 69
-828 259 44 44 53
-845 382 48 51 55
-762 293 40 36 76
-738 113 38 60 62
-703 230 52 36 62
-869 109 56 40 73
-779 24 47 60 69
-816 1 60 44 53
-880 29 40 51 78
-894 317 50 40 77
-818 213 48 38 64
-701 360 50 51 80
-823 183 38 48 77
-865 268 49 45 72
-714 200 39 49 78
-871 169 40 46 54
-842 157 41 51 53
-898 2 55 38 75
-818 159 52 57 76
-756 242 55 39 73
-897 29 41 50 70
-848 206 56 57 81
-771 250 50 54 53
-740 190 59 37 61
-740 268 39 37 90
-712 316 57 60 75
-708 28 50 41 89
-879 36 56 40 82
-783 402 49 51 64
-836 181 40 58 82
-721 376 42 50 59
-781 162 52 50 81
-890 184 44 41 77
-745 19 59 52 71
-726 144 38 59 57
-894 145 49 41 70
-814 207 51 49 52
-820 306 60 42 66
-766 172 60 44 61
-772 239 51 57 59
-745 22 48 47 87
-821 152 37 52 77
-809 105 51 44 58
-724 327 53 48 68
-827 78 40 44 54
-701 295 53 55 51
-772 246 41 55 73
-870 277 36 47 52
-725 91 44 59 78
-712 94 43 52 75
-776 111 59 52 73
-819 341 45 58 59
-852 368 49 43 68
-722 257 40 58 67
-876 268 60 54 62
-822 72 47 52 82
-863 44 46 49 55
-749 271 46 46 74
-744 303 58 42 65
-702 210 50 50 76
-883 39 46 54 68
-841 311 45 58 62
-736 114 51 47 77
-767 356 36 60 66
-861 1 44 56 75
-897 257 36 45 86
-809 25 39 48 83
-792 157 52 57 59
-876 193 59 58 63
-872 192 48 41 86
-713 374 37 38 76
-846 341 44 42 54
-760 36 40 38 84
-869 59 55 47 84
-725 115 36 36 52
-775 215 36 49 69
-777 116 42 45 66
-729 354 47 42 51
-805 163 58 37 79
-875 185 51 48 80
-722 302 40 48 70
-889 165 54 39 59
-817 102 43 52 84
-752 362 49 52 83
-774 2 38 49 57
-766 95 48 48 58
-771 214 36 38 71
-860 338 41 41 69
-831 227 40 44 65
-873 155 45 37 76
-744 85 47 55 68
-849 357 51 58 85
-761 149 45 49 52
-853 151 50 41 90
-858 268 43 51 78
-723 97 50 45 67
-855 343 40 39 75
-782 263 45 46 57
-726 240 57 58 61
-857 357 50 47 80
-732 108 46 56 67
-801 191 37 60 81
-709 13 50 42 54
-840 331 51 58 82
-811 176 41 58 88
-834 308 37 54 72
-805 349 59 45 69
-752 74 55 44 56
-745 253 42 41 83
-815 79 49 47 75
-832 165 55 51 70
-748 385 45 53 86
-785 117 38 49 51
-822 50 51 58 57
-825 232 57 42 66
-755 49 48 51 54
-714 87 43 55 65
-852 237 57 57 51
-829 166 41 38 78
-835 393 50 42 83
-721 310 52 41 52
-854 230 55 56 51
-772 315 43 42 78
-763 268 48 51 66
-850 343 45 41 60
-876 318 37 50 72
-837 208 40 58 88
-788 22 40 52 87
-736 335 50 52 66
-872 377 58 42 67
-720 197 47 52 59
-776 139 58 47 81
-756 72 56 54 76
-883 320 38 44 81
-845 105 53 47 55
-767 22 38 42 51
-728 102 55 43 71
-798 180 42 59 77
-897 325 55 57 55
-872 151 38 48 64
-851 31 47 36 63
-829 278 57 36 72
-742 112 44 38 89
-771 76 43 45 74
-776 233 52 47 81
-890 57 55 60 56
-723 160 59 48 55
-892 232 36 58 71
-890 368 38 48 56
-754 83 48 46 90
-867 268 48 60 78
-786 339 38 55 88
-744 133 59 45 52
-884 242 36 59 77
-728 380 50 44 84
-818 165 58 47 71
-839 238 51 44 87
-840 197 49 40 53
-734 130 36 38 80
-711 141 59 54 59
-894 160 54 36 51
-865 81 51 60 56
-870 20 39 36 51
-853 163 42 40 51
-755 224 54 60 70
-811 354 38 55 64
-737 288 56 51 75
-743 263 37 50 69
-870 207 44 52 62
-833 29 54 57 77
-896 315 59 39 70
-767 130 36 36 66
-798 12 58 49 72
-760 365 46 46 86
-781 30 57 39 76
-769 319 45 45 88
-800 139 60 43 82
-825 350 47 60 60
-745 184 49 49 86
-893 266 58 55 58
-764 252 46 54 65
-758 268 43 60 51
-840 0 54 58 83
-837 403 58 54 79
-744 378 55 36 54
-726 122 55 44 77
-736 48 54 36 58
-722 329 44 44 62
-853 280 48 39 74
-826 19 44 50 60
-865 286 49 55 82
-708 384 51 42 51
-738 236 52 50 58
-743 167 36 42 60
-802 77 43 49 70
-859 385 36 38 73
-792 302 48 49 84
-875 171 45 38 51
-868 87 42 50 54
-740 264 54 54 52
-704 366 56 52 80
-855 265 44 53 85
-847 181 40 59 71
-890 347 59 49 81
-803 231 46 39 82
-885 103 57 43 72
-719 225 40 58 83
-741 27 55 55 51
-842 191 57 47 60
-738 129 44 53 57
-805 370 52 48 83
-900 340 57 57 76
-727 320 60 53 82
-750 142 36 51 57
-784 202 40 55 65
-875 350 49 36 78
-879 115 56 53 69
-721 167 49 50 79
-836 50 42 39 83
-896 116 55 46 61
-839 189 45 45 66
-819 0 54 37 82
-748 404 48 60 67
-759 187 38 52 51
-852 275 56 46 67
-810 369 37 37 67
-778 390 48 41 51
-751 273 45 49 64
-793 145 56 49 60
-817 29 51 41 77
-845 296 58 59 52
-783 381 38 40 59
-857 250 52 37 65
-769 237 48 40 74
-895 327 57 60 86
-759 143 42 36 65
-763 357 44 38 83
-708 90 46 47 83
-770 125 59 40 57
-724 89 56 49 57
-792 0 45 38 74
-776 345 40 48 59
-813 285 58 50 67
-753 138 48 45 81
-739 187 46 39 77
-889 89 37 58 88
-878 107 43 57 84
-709 232 44 45 72
-703 401 60 41 54
-862 289 45 45 55
-746 125 45 60 76
-897 200 39 55 56
-896 182 59 38 80
-794 252 57 41 75
-812 229 49 57 77
-734 248 56 42 79
-811 83 43 51 83
-847 64 52 39 73
-774 88 37 47 75
-784 339 43 38 67
-753 70 50 41 71
-807 46 43 36 67
-828 80 56 60 57
-813 209 46 53 88
-796 277 48 45 77
-868 339 37 47 87
-789 127 58 45 86
-763 105 46 39 55
-711 7 57 45 77
-830 347 43 60 83
-826 257 42 49 60
-769 65 49 47 52
-788 319 45 44 57
-811 166 52 36 63
-846 128 55 56 66
-865 349 50 51 75
-733 160 57 52 86
-874 104 42 42 62
-739 211 48 60 72
-783 99 51 49 64
-840 246 52 59 83
-854 365 49 54 74
-896 267 41 47 72
-875 70 57 49 66
-765 201 36 51 75
-726 380 52 43 66
-846 230 44 56 69
-709 52 53 54 67
-811 314 56 55 69
-702 275 51 39 59
-737 298 57 50 61
-885 302 43 45 70
-740 332 46 49 76
-850 311 53 42 65
-885 59 45 60 89
-785 113 52 48 86
-703 226 44 56 73
-703 199 36 46 64
-744 191 50 46 59
-853 63 42 47 78
-771 169 52 37 77
-757 120 38 45 83
-813 32 43 48 71
-896 399 52 58 73
-787 99 48 45 51
-881 159 39 49 63
-706 263 51 41 75
-895 335 48 57 56
-875 99 36 58 51
-781 367 57 42 69
-713 124 60 48 73
-752 27 38 56 60
-742 392 38 57 66
-804 266 43 53 66
-773 365 36 54 76
-820 340 45 44 71
-820 240 37 49 78
-733 247 42 60 85
-854 40 42 53 72
-858 288 45 37 59
-712 362 36 58 62
-701 260 52 42 68
-841 295 44 47 74
-827 258 54 36 86
-800 336 55 44 86
-846 257 43 57 66
-802 364 55 53 80
-737 41 47 40 56
-718 37 57 40 80
-782 304 36 55 73
-860 89 60 59 82
-836 375 43 47 83
-887 252 37 46 87
-798 304 55 60 56
-856 268 48 47 70
-806 165 45 58 53
-858 284 41 48 62
-706 370 43 49 89
-839 387 45 42 74
-764 133 39 49 60
-731 331 47 56 79
-756 284 58 38 89
-784 249 45 41 51
-878 139 45 55 86
-860 162 45 59 78
-754 249 46 39 69
-736 352 54 52 60
-838 238 48 58 68
-712 188 43 38 60
-898 336 53 50 69
-814 348 55 38 80
-731 169 54 39 75
-842 42 36 49 56
-787 182 46 50 55
-810 402 48 53 57
-866 321 59 37 86
-845 337 55 59 80
-798 252 48 50 59
-787 259 56 40 82
-741 317 41 41 83
-764 91 36 44 71
-774 310 38 51 78
-731 36 53 58 79
-882 31 39 45 88
-764 137 46 52 63
-873 312 57 50 69
-752 100 41 52 53
-836 117 44 56 66
-704 241 58 55 62
-900 62 43 57 56
-892 153 39 54 52
-712 383 53 52 90
-810 111 54 52 85
-815 283 58 42 56
-769 358 51 51 90
-842 18 47 51 83
-788 262 50 37 68
-826 378 37 36 86
-802 229 45 41 58
-819 97 59 38 84
-765 158 58 53 90
-857 350 49 59 89
-833 327 55 44 75
-818 304 41 57 86
-759 279 45 40 57
-727 162 40 56 90
-899 309 58 47 84
-826 30 38 50 67
-751 306 37 56 79
-821 169 54 54 80
-816 15 47 50 83
-723 98 36 51 67
-762 247 59 52 88
-897 254 42 40 68
-889 334 60 45 61
-756 87 42 55 52
-780 325 46 40 64
-878 310 53 37 88
-822 255 45 54 80
-858 127 39 56 69
-807 218 42 60 69
-717 33 57 50 56
-868 54 41 55 69
-795 81 54 53 70
-832 158 58 37 66
-757 219 50 40 60
-704 63 37 43 66
-864 345 51 53 88
-862 211 60 57 86
-762 253 47 45 81
-834 285 36 40 69
-741 245 57 40 52
-876 0 52 49 76
-743 229 51 48 59
-706 27 57 58 59
-794 104 46 36 82
-835 165 43 60 84
-708 148 54 38 57
-837 91 55 51 63
-893 193 58 43 56
-752 368 50 41 55
-886 310 59 43 68
-775 275 41 44 87
-876 15 50 58 69
-768 228 39 45 73
-713 322 43 53 69
-858 214 36 55 65
-824 117 37 57 65
-702 195 55 36 87
-881 195 46 43 90
-855 319 37 38 83
-875 50 59 56 90
-742 17 48 51 81
-840 19 51 57 69
-744 95 51 52 64
-880 239 60 44 77
-795 274 42 57 82
-896 213 43 54 57
-800 268 42 55 63
-743 73 53 41 55
-855 208 59 45 82
-850 105 41 37 90
-715 332 52 49 87
-815 146 40 45 79
-815 354 41 43 69
-877 204 36 46 63
-729 14 57 40 54
-795 20 57 50 57
-896 98 52 59 62
-845 120 57 42 86
-879 64 56 54 63
-762 299 56 50 58
-720 77 41 48 60
-827 190 48 39 76
-701 95 39 60 74
-726 388 48 48 67
-745 164 50 41 85
-750 148 60 50 55
-757 18 38 60 86
-831 350 36 50 67
-782 119 48 42 80
-870 20 56 49 66
-790 128 49 45 58
-718 229 46 53 53
-879 393 40 43 61
-898 82 47 51 59
-868 346 40 39 90
-728 64 50 45 74
-718 253 56 60 56
-827 181 54 48 69
-792 310 42 57 70
-711 91 36 47 85
-803 219 56 42 84
-764 213 51 48 69
-831 8 40 60 60
-899 209 52 46 81
-788 150 59 36 83
-810 273 60 51 75
-858 236 53 59 70
-887 112 47 49 73
-772 306 53 52 57
-873 204 43 46 62
-774 207 55 59 88
-795 140 55 48 83
-853 339 42 53 57
-834 199 41 60 84
-762 72 52 60 72
-757 180 54 51 82
-867 219 60 58 81
-844 194 40 60 77
-831 72 55 45 57
-805 73 51 48 62
-701 383 52 52 63
-729 402 52 45 74
-795 206 50 39 73
-879 317 57 50 82
-794 319 42 56 53
-882 336 60 50 55
-865 229 56 48 70
-727 397 59 44 58
-872 59 48 60 73
-735 111 49 60 66
-815 16 42 48 81
-850 206 59 38 62
-740 298 59 42 86
-708 24 56 43 62
-712 83 39 53 65
-825 190 36 60 79
-735 161 38 49 64
-885 197 43 53 73
-719 328 42 42 89
-751 154 56 42 68
-869 285 50 53 59
-710 329 57 49 86
-884 268 52 47 53
-721 219 53 38 74
-804 323 42 55 75
-703 136 41 50 71
-739 71 56 46 78
-828 290 42 58 53
-700 202 48 43 71
-836 280 47 36 67
-739 14 45 38 69
-844 108 40 50 71
-700 303 41 45 55
-872 99 42 40 55
-715 382 37 60 60
-795 146 55 48 68
-718 183 53 57 70
-848 207 57 53 84
-786 31 42 36 73
-706 110 40 53 72
-886 373 43 38 73
-791 396 48 50 68
-815 329 60 53 77
-871 44 53 40 85
-713 148 45 51 78
-825 71 52 50 82
-759 78 54 53 82
-739 183 44 58 68
-851 126 56 47 73
-828 245 45 40 61
-784 10 55 51 90
-723 197 55 47 63
-837 177 42 53 88
-856 51 58 57 57
-772 115 55 60 90
-864 70 41 36 64
-705 379 46 55 78
-770 359 57 49 66
-895 118 58 46 86
-745 346 57 36 82
-717 232 56 54 77
-816 158 40 52 69
-759 209 40 53 63
-853 339 40 51 58
-753 151 52 44 78
-848 279 50 58 52
-886 260 58 45 64
-732 380 48 39 89
-854 54 59 41 59
-748 149 46 41 62
-767 282 42 46 62
-808 269 38 39 88
-799 343 60 41 84
-812 162 45 59 65
-740 212 58 38 54
-766 89 48 39 72
-802 208 59 52 71
-891 131 41 54 68
-870 254 51 49 82
-894 26 40 50 77
-741 272 58 52 65
-870 318 57 51 53
-722 104 53 55 76
-899 228 54 44 78
-772 254 50 40 74
-796 282 53 39 59
-801 386 46 52 76
-795 59 44 41 67
-850 24 47 40 86
-709 166 55 40 81
-845 161 60 60 53
-747 221 38 37 52
-799 58 37 36 63
-705 200 54 37 79
-882 378 50 57 66
-784 305 54 48 74
-878 398 47 36 86
-708 169 36 53 79
-756 14 60 48 87
-710 360 38 39 59
-868 337 50 57 88
-813 312 44 41 81
-767 31 50 37 58
-883 23 52 47 63
-798 86 38 59 54
-788 324 37 46 67
-819 219 46 56 81
-818 163 42 42 74
-821 363 52 41 86
-701 217 58 40 72
-788 391 56 40 78
-813 266 41 44 77
-899 30 49 36 70
-795 350 57 45 67
-777 72 56 60 69
-731 402 50 53 53
-759 114 46 45 71
-704 124 59 46 72
-787 146 37 39 87
-875 366 60 49 55
-701 345 51 51 79
-763 70 57 49 79
-870 78 46 36 88
-822 6 46 55 70
-700 235 47 47 71
-783 24 39 52 70
-821 11 52 50 83
-878 205 54 56 59
-741 270 59 56 60
-797 198 41 36 65
-732 388 37 45 54
-870 217 37 36 72
-811 315 48 40 66
-758 228 54 37 89
-773 327 51 38 65
-852 175 41 44 64
-717 199 41 53 83
-866 359 41 45 86
-764 250 57 50 56
-726 28 42 39 78
-877 376 48 40 61
-774 209 47 58 74
-882 193 57 39 57
-861 329 41 48 80
-762 396 42 40 66
-771 21 54 40 67
-829 41 51 59 64
-863 181 45 36 56
-744 113 40 50 74
-801 58 47 51 68
-816 275 54 37 62
-816 218 44 45 87
-719 32 42 42 76
-782 124 51 51 89
-829 88 54 53 57
-747 62 56 52 86
-870 245 44 48 67
-815 36 58 60 68
-822 325 36 37 77
-743 290 54 51 73
-803 76 43 52 67
-745 114 53 55 73
-779 84 45 43 89
-848 29 42 40 74
-759 244 40 53 60
-897 257 37 41 82
-788 249 42 55 78
-888 196 36 47 88
-704 116 46 59 78
-787 303 56 52 87
-768 277 42 55 64
-896 120 52 46 90
-808 200 37 45 66
-898 102 44 39 62
-815 185 44 49 63
-728 386 43 46 83
-703 115 49 42 90
-854 374 43 53 59
-772 159 42 51 81
-885 340 44 45 67
-804 396 49 53 56
-757 23 48 56 59
-729 168 56 49 54
-836 56 45 40 63
-869 72 46 43 90
-804 389 36 46 90
-805 219 36 57 85
-866 123 42 52 86
-828 196 54 46 62
-813 287 50 50 87
-878 144 48 48 85
-751 102 53 56 73
-796 393 59 47 57
-797 85 58 46 73
-785 392 50 40 60
-733 336 59 50 62
-731 39 53 48 58
-767 200 40 42 81
-881 82 49 47 85
-857 74 46 56 90
-741 173 50 48 84
-846 387 59 54 74
-821 153 48 44 70
-798 300 59 42 56
-731 164 39 55 89
-847 114 55 52 56
-856 125 43 53 70
-773 22 43 54 81
-787 348 51 43 66
-722 270 55 38 61
-827 296 37 42 75
-781 63 48 45 82
-842 244 40 57 76
-751 112 56 57 58
-702 334 52 41 74
-834 27 55 57 76
-881 271 52 58 77
-734 94 49 47 64
-763 189 42 49 81
-774 200 58 55 52
-846 65 36 60 85
-705 80 37 55 90
-896 284 47 48 71
-863 227 36 46 55
-802 20 57 42 80
-786 326 45 50 78
-802 260 47 56 84
-735 36 38 44 89
-733 172 46 45 56
-825 220 44 41 72
-720 353 37 52 83
-892 73 56 50 90
-724 9 40 57 73
-794 254 53 51 75
-873 277 43 53 84
-835 294 58 57 61
-863 207 41 50 84
-799 276 52 39 85
-793 365 50 56 55
-782 169 38 48 87
-716 154 56 38 78
-748 289 52 37 77
-721 78 52 50 60
-766 27 38 37 80
-886 188 56 56 58
-724 132 42 50 68
-807 138 37 49 87
-793 389 38 47 81
-708 163 36 40 65
-873 69 54 39 61
-785 347 49 46 71
-808 46 58 59 74
-740 393 50 57 58
-735 81 60 38 65
-873 46 58 52 54
-766 227 38 42 54
-723 273 52 54 53
-797 395 55 59 51
-826 170 45 36 75
-830 339 44 52 53
-724 337 56 50 75
-845 322 38 46 69
-824 137 56 50 67
-715 67 58 60 53
-753 131 42 53 88
-774 376 40 48 61
-715 280 56 50 64
-828 373 60 37 85
-706 370 36 56 81
-813 315 40 38 64
-822 26 43 46 81
-729 353 37 54 88
-799 358 42 38 73
-781 233 55 55 64
-756 217 37 39 71
-836 285 48 37 67
-806 73 47 59 86
-740 204 57 50 69
-707 139 60 36 56
-730 159 58 42 82
-839 92 59 42 73
-737 103 49 38 85
-818 324 38 45 53
-833 194 59 56 53
-708 318 44 53 51
-717 34 42 38 89
-878 194 56 43 54
-759 354 42 58 74
-824 247 46 56 84
-868 131 43 53 85
-823 92 42 45 71
-867 233 58 37 71
-757 321 45 37 70
-741 88 45 44 67
-786 107 47 60 90
-701 327 45 54 54
-880 245 56 50 78
-742 49 38 38 77
-758 4 56 51 68
-815 124 57 55 76
-712 171 55 57 59
-705 21 56 41 85
-896 17 53 54 85
-769 299 44 59 80
-796 351 54 50 72
-776 363 54 60 90
-840 5 48 51 56
-725 75 59 60 85
-735 171 57 47 76
-889 91 46 54 57
-847 351 42 58 74
-752 216 52 43 68
-828 146 37 48 82
-837 397 57 57 77
-750 233 51 46 69
-782 265 52 50 81
-788 26 41 51 83
-828 66 47 37 68
-722 56 50 52 68
-884 217 50 48 80
-739 336 56 49 64
-887 385 43 54 56
-738 261 37 55 74
-764 295 40 55 82
-850 298 59 49 53
-744 252 58 57 62
-823 319 51 57 52
-833 132 51 42 74
-871 135 54 40 80
-818 325 56 57 71
-728 162 38 53 78
-719 1 49 50 78
-799 60 46 58 63
-795 293 40 39 56
-747 164 59 60 82
-712 298 53 49 60
-899 12 45 58 79
-843 258 44 46 87
-855 349 37 47 51
-728 135 60 39 75
-815 337 36 56 81
-701 133 43 57 68
-819 195 49 53 80
-868 274 36 42 51
-763 290 59 41 56
-742 237 52 49 89
-846 308 51 59 69
-705 259 38 56 58
-707 96 56 60 71
-900 45 43 39 80
-713 310 51 54 52
-799 330 45 45 83
-753 102 58 59 87
-781 295 50 60 55
-841 277 46 43 81
-855 300 39 42 68
-721 247 53 55 68
-795 198 53 41 66
-799 12 47 37 52
-797 382 55 36 76
-765 55 49 45 88
-779 224 42 39 86
-863 388 59 36 56
-771 47 54 58 79
-799 67 45 54 87
-894 47 48 45 61
-772 372 39 57 74
-839 184 37 53 79
-876 257 50 55 74
-723 215 55 59 90
-746 266 41 57 76
-719 47 44 45 82
-739 16 59 49 72
-752 393 55 40 74
-764 219 41 48 87
-704 29 43 46 81
-796 22 57 53 63
-797 332 39 52 53
-818 342 57 53 79
-706 401 48 52 76
-851 310 46 43 90
-746 397 40 53 63
-732 82 38 55 65
-721 389 37 52 71
-728 20 50 38 59
-740 46 60 50 72
-870 251 60 53 81
-820 395 45 38 88
-712 356 58 44 80
-803 242 53 36 60
-717 327 49 53 63
-780 31 60 53 88
-813 192 55 57 58
-782 77 43 43 87
-819 98 54 50 72
-707 134 45 36 75
-873 99 44 58 81
-712 252 58 58 64
-733 323 45 40 57
-757 371 38 45 78
-762 126 38 57 68
-800 359 53 41 56
-842 390 42 44 55
-892 10 38 44 52
-875 174 39 38 70
-875 349 48 46 64
-723 81 49 56 74
-879 153 45 51 61
-791 273 57 38 75
-792 72 51 57 76
-850 309 41 37 89
-900 390 36 39 74
-727 251 50 44 80
-751 141 45 55 55
-790 151 57 51 88
-794 264 39 59 73
-822 381 51 56 73
-739 293 58 38 52
-754 342 49 46 84
