856
330 107 100 81 8
1000
523 247 45 47 69
688 559 54 50 49
688 121 59 49 58
639 442 44 59 58
522 738 45 46 85
500 190 50 51 56
679 561 60 51 45
684 251 48 57 69
549 343 45 47 82
634 753 42 36 57
501 178 41 36 54
599 19 58 43 55
695 451 37 48 88
683 356 40 44 85
648 372 46 53 70
506 256 45 50 57
626 1 50 45 52
565 179 40 60 68
627 652 55 36 86
503 229 54 50 88
549 470 50 60 87
567 500 43 53 62
640 725 37 44 66
510 240 41 52 46
689 516 43 39 50
657 402 49 51 74
647 227 56 55 66
623 143 54 47 55
603 677 52 37 82
636 742 43 43 59
666 321 53 55 69
663 432 37 52 45
678 145 39 39 61
571 629 38 52 48
630 19 60 44 67
671 390 47 56 53
697 513 50 56 74
528 699 42 40 48
611 581 55 59 49
693 73 60 37 55
518 661 44 44 58
602 518 46 43 55
645 253 46 58 65
568 434 59 60 45
665 529 58 41 52
700 215 55 37 68
608 691 54 50 79
582 538 38 41 87
661 41 56 42 60
654 310 54 39 59
514 19 45 49 75
558 242 51 47 67
644 159 56 38 66
516 484 43 57 82
515 495 44 49 50
538 440 57 45 73
525 456 49 55 61
530 335 36 56 69
554 649 54 57 76
659 150 52 57 74
527 338 59 49 62
550 352 37 53 71
626 435 48 54 52
546 123 59 37 50
530 617 50 59 86
549 48 39 37 57
603 390 49 46 74
609 615 39 41 64
593 472 59 38 64
605 259 50 43 54
677 6 47 36 74
516 472 51 45 78
516 388 57 39 45
661 733 45 45 60
612 556 60 56 46
646 192 46 48 69
666 715 38 48 82
671 644 36 50 54
653 447 36 41 86
575 743 51 52 60
547 119 60 37 83
627 177 53 41 70
625 307 49 40 77
581 339 54 50 72
500 6 37 43 55
675 4 52 56 59
635 529 45 36 72
645 490 44 50 64
634 18 44 36 68
587 199 53 38 68
603 87 47 58 50
692 724 48 59 60
511 556 50 57 46
507 76 57 52 72
650 422 54 45 51
561 427 40 37 60
613 237 50 48 88
624 282 56 48 87
688 325 52 42 51
693 377 45 44 76
533 278 54 37 65
533 629 44 54 78
500 455 45 50 59
536 123 36 48 58
603 672 40 40 86
588 92 42 60 55
523 739 47 49 87
639 19 39 45 83
593 288 43 42 88
608 183 49 37 59
682 405 57 45 70
586 690 46 42 71
664 541 49 56 82
693 68 51 60 49
578 528 50 42 58
509 32 54 42 68
536 471 60 36 58
643 371 54 60 55
603 35 51 51 57
515 740 45 53 46
662 368 52 48 48
662 38 46 42 88
683 61 53 39 54
563 365 44 39 55
540 463 57 48 56
666 700 45 55 66
578 435 59 44 69
532 450 37 49 53
580 433 56 42 64
543 719 43 48 75
649 485 49 37 49
538 367 50 40 57
645 728 39 51 71
586 608 47 37 60
552 13 47 59 48
626 252 57 37 75
698 40 49 60 57
511 595 40 55 61
525 383 54 46 86
662 330 46 51 47
519 165 40 43 80
694 495 45 51 75
670 142 38 46 84
522 167 58 57 52
642 409 44 46 73
576 493 46 52 55
588 533 38 58 83
648 590 57 53 51
648 242 57 49 63
543 610 41 38 55
599 178 51 51 60
605 504 43 57 71
606 569 58 43 48
596 533 39 54 81
664 253 50 40 50
570 604 48 37 49
584 440 56 47 70
670 122 49 60 85
575 524 55 42 83
527 324 53 46 71
700 30 39 40 46
608 357 54 50 56
597 277 37 53 46
539 499 36 58 66
554 710 59 52 52
646 494 48 57 83
698 611 40 37 66
652 416 40 59 61
635 739 43 46 72
602 654 48 43 69
563 119 54 58 72
584 446 53 42 60
691 222 49 42 81
503 518 60 47 66
606 285 53 50 78
647 317 37 37 55
527 460 41 54 58
606 420 56 59 52
501 220 55 56 84
628 740 47 57 60
511 688 39 58 53
537 112 37 59 56
664 435 46 39 85
665 571 43 36 48
644 377 43 57 85
551 134 59 58 61
648 349 36 60 67
642 103 57 51 82
620 519 40 40 86
699 252 37 58 45
646 508 37 53 88
526 658 48 45 81
607 140 59 56 77
528 201 57 57 79
543 587 37 56 52
579 223 52 40 68
630 301 42 51 57
656 288 39 59 61
565 636 48 58 47
550 756 52 40 80
666 503 40 50 68
513 738 38 54 79
644 274 41 52 48
644 660 60 43 79
602 596 50 39 62
533 689 39 60 56
527 517 45 57 50
606 565 60 51 88
510 751 46 49 72
641 725 43 42 57
550 243 49 51 60
586 137 56 58 88
501 82 59 54 54
670 619 40 57 80
520 270 59 39 52
571 146 45 44 75
631 650 57 41 79
578 136 45 44 54
559 472 40 50 80
556 351 48 46 71
591 73 60 44 74
547 261 38 49 74
564 709 47 44 64
518 175 53 50 54
591 132 42 47 62
536 342 55 53 82
572 493 46 47 52
696 611 59 42 87
547 578 43 46 83
670 542 54 41 53
547 562 53 53 74
549 42 45 53 45
517 152 40 51 75
596 161 49 57 60
586 645 60 43 56
676 153 56 59 79
526 538 56 57 81
645 445 53 49 84
616 522 50 50 71
667 321 42 59 72
644 533 56 39 53
572 418 39 37 53
682 146 46 51 76
513 505 40 38 86
687 753 48 55 53
574 394 45 50 64
540 394 57 59 66
509 409 43 51 62
661 617 39 58 61
623 704 50 56 72
598 176 45 51 55
572 411 57 50 64
538 3 58 39 85
574 272 48 57 80
527 381 46 54 59
528 725 55 46 60
635 169 53 43 52
589 6 52 58 80
620 329 57 36 85
560 196 54 47 78
608 49 39 46 52
514 254 37 42 54
565 149 50 54 48
519 296 59 36 79
699 621 40 41 85
594 297 60 60 71
660 374 43 41 54
553 20 37 42 62
624 276 57 59 76
568 324 49 42 80
594 688 57 53 58
581 207 38 57 85
590 723 58 57 73
538 486 45 60 52
607 492 54 55 49
532 68 49 40 68
695 618 49 59 59
651 192 38 45 52
690 306 43 58 70
587 680 38 37 68
538 184 38 59 47
587 697 48 37 70
591 263 54 42 66
550 429 41 44 73
620 735 59 43 82
576 702 57 55 54
669 539 54 58 82
529 715 53 49 87
646 597 41 48 55
586 42 40 56 70
670 406 45 40 65
615 587 36 43 62
675 387 60 58 78
541 28 38 50 49
521 319 47 60 86
571 434 47 40 70
665 603 46 52 45
626 242 41 51 77
679 678 53 53 67
694 154 45 48 61
660 465 40 47 45
608 411 50 46 86
637 145 51 50 62
653 429 52 51 53
661 512 53 53 65
652 655 60 37 47
680 105 39 55 72
634 381 42 42 55
507 630 57 56 54
503 25 52 43 76
671 161 39 37 88
623 439 39 52 53
623 308 55 43 46
621 607 39 46 60
555 452 44 45 70
645 46 51 52 81
649 485 48 39 83
683 57 58 49 70
601 525 41 58 52
524 39 56 50 61
534 752 57 43 53
674 490 49 37 66
641 41 51 55 50
515 516 38 60 83
563 695 40 41 68
552 422 51 36 67
566 29 59 44 77
677 578 37 49 62
570 628 51 40 68
700 103 46 58 65
514 317 42 44 79
689 77 37 42 55
690 9 51 50 79
579 314 54 60 68
579 444 45 42 87
594 502 55 44 55
676 37 59 47 65
684 147 48 40 69
531 540 39 44 68
500 354 50 51 50
573 492 49 46 55
500 96 45 53 67
641 224 60 54 81
616 607 47 45 57
679 501 43 45 54
523 71 44 58 83
599 618 45 44 78
625 588 54 53 68
577 60 51 42 75
626 190 41 37 86
522 14 51 51 65
624 173 53 44 88
635 396 56 48 59
665 416 49 54 60
661 398 54 44 69
533 311 46 52 52
699 84 46 44 69
607 736 54 37 50
551 251 56 39 73
592 56 55 40 59
645 177 58 46 65
502 656 58 36 87
668 341 59 50 70
582 123 50 53 54
621 299 38 55 50
674 515 54 51 56
544 236 50 43 57
528 134 47 38 67
569 573 36 60 48
578 275 56 36 75
547 610 39 45 52
631 241 36 37 47
598 422 43 40 74
646 205 58 48 79
681 392 40 48 47
570 548 46 59 72
543 206 58 55 58
578 104 47 39 50
644 643 44 60 56
621 357 44 37 68
594 671 39 36 78
530 617 60 41 67
691 118 54 45 78
641 320 51 48 54
680 571 49 55 72
644 575 52 57 63
521 323 37 54 74
624 715 50 50 66
530 574 49 43 51
608 394 57 58 51
645 637 42 39 72
555 481 47 39 69
549 443 44 57 69
582 729 48 53 68
674 208 43 44 63
680 308 49 43 51
633 472 56 50 73
621 221 45 52 47
507 239 52 60 65
532 747 60 56 57
515 597 56 60 62
606 476 58 42 56
599 269 55 60 55
561 387 40 55 51
553 287 55 57 83
575 214 37 53 59
642 666 58 49 69
670 707 44 58 82
608 164 38 60 78
687 749 54 58 86
586 147 51 43 50
652 664 60 46 87
615 685 49 51 71
633 328 59 56 61
519 506 46 56 73
528 451 57 57 85
557 65 40 41 86
643 9 41 51 51
563 39 59 36 49
591 576 48 54 53
511 251 53 40 45
516 492 43 43 50
585 418 39 38 60
633 65 46 45 77
696 345 54 36 47
652 724 52 40 52
648 289 50 56 79
664 106 40 59 45
564 458 52 48 46
528 727 42 58 69
594 308 57 54 62
626 449 49 41 78
500 591 38 36 52
656 49 55 49 85
508 34 52 51 66
530 649 50 40 45
669 155 37 39 46
605 549 43 56 74
636 392 43 42 88
556 12 48 38 80
668 492 45 60 47
549 196 46 48 50
623 179 44 43 77
630 421 47 39 78
639 725 57 47 80
510 458 45 47 72
694 569 45 52 56
682 362 58 49 52
578 341 55 40 69
542 468 37 51 57
563 308 45 60 77
570 544 38 57 76
584 714 41 40 50
543 14 46 37 55
646 301 57 51 52
585 61 57 58 61
668 100 48 41 84
590 480 58 59 81
622 287 47 54 78
628 73 47 52 69
523 275 38 40 64
603 386 54 47 51
603 459 58 54 48
646 378 60 53 84
614 552 45 40 74
672 199 57 49 68
580 49 52 49 56
540 187 46 49 51
634 244 43 47 59
615 98 39 48 49
557 746 54 59 54
646 33 49 58 49
626 349 46 48 57
585 683 41 44 46
517 273 46 39 73
641 394 37 51 52
502 550 41 60 60
500 2 52 43 72
600 605 47 43 51
590 402 41 60 79
675 371 40 48 66
552 41 38 57 56
530 560 41 36 71
567 62 41 39 64
582 410 54 42 72
628 454 50 43 70
543 520 38 45 88
692 217 54 38 67
689 152 52 47 64
552 232 59 40 53
628 253 40 38 64
524 450 51 37 63
616 239 50 59 87
576 395 52 53 74
613 432 57 51 83
579 539 58 52 65
687 148 55 47 51
517 426 36 55 48
507 29 53 50 71
620 435 55 50 86
640 631 51 59 75
533 176 55 45 77
656 598 54 41 49
506 505 58 55 57
526 451 52 60 75
652 4 45 45 51
535 182 46 41 74
549 571 51 57 70
698 374 53 56 87
627 653 49 60 77
529 710 58 41 72
606 174 51 36 47
557 411 57 42 64
515 436 56 40 68
561 214 38 45 47
606 409 54 39 65
589 53 50 46 82
581 72 52 41 67
500 228 54 46 45
541 223 37 46 66
545 23 58 54 54
587 371 47 57 68
559 411 38 41 80
527 592 43 56 86
582 679 60 37 63
533 568 46 42 81
529 663 58 56 80
621 63 37 39 48
598 122 48 42 64
687 648 39 54 59
594 110 39 45 53
675 435 60 46 85
529 24 55 39 60
547 521 40 49 68
524 535 53 42 60
675 33 52 60 48
584 238 59 46 46
660 83 45 45 60
668 288 36 42 51
645 546 56 53 52
529 459 47 44 65
560 443 39 58 47
648 374 57 47 49
548 656 39 53 50
505 433 60 45 60
589 375 49 59 74
660 617 47 53 61
632 167 36 54 86
663 678 42 48 76
577 163 53 49 61
501 165 58 59 49
529 732 38 54 74
666 298 45 45 50
666 653 42 55 49
689 242 60 41 52
558 324 50 50 76
507 646 36 56 72
666 727 57 38 75
697 175 52 49 62
589 621 40 51 49
631 377 48 54 52
599 86 48 45 85
614 420 55 57 59
540 126 50 39 50
532 478 48 39 83
620 214 49 50 71
699 119 42 47 88
685 329 48 39 74
596 24 48 59 81
524 52 38 36 66
569 178 44 53 85
539 410 56 39 73
544 327 49 58 74
539 193 49 42 50
688 644 47 50 66
536 557 48 54 78
516 440 44 41 70
603 74 37 47 70
608 77 53 48 64
632 456 54 55 68
565 742 54 37 82
653 431 53 59 54
660 547 49 43 51
522 684 51 59 88
686 367 52 59 49
563 485 58 53 48
613 295 44 60 86
535 56 50 53 46
656 642 38 47 58
624 722 54 47 72
506 525 41 39 74
675 598 39 50 76
595 523 53 52 72
640 405 59 36 82
570 286 47 51 49
632 570 59 52 54
664 61 47 41 69
544 680 45 47 54
678 703 52 57 87
580 84 37 46 51
552 603 60 59 65
625 242 57 37 48
591 611 49 36 76
525 441 41 53 82
503 3 56 58 50
686 388 60 36 53
652 69 60 38 45
561 561 40 51 58
683 361 40 40 69
588 667 58 49 67
558 165 43 59 62
603 153 54 39 51
661 60 51 49 71
656 265 45 44 48
671 188 36 38 68
526 623 56 41 46
535 469 43 56 47
647 241 44 60 86
652 270 59 43 79
621 355 55 54 47
553 271 53 53 45
580 491 51 56 51
576 304 43 57 54
642 130 45 44 70
647 510 41 51 55
677 172 39 48 75
650 237 38 60 79
635 61 56 45 76
610 182 52 53 76
633 676 54 40 65
693 60 38 57 48
645 293 39 44 48
523 538 49 53 77
694 210 39 59 86
526 12 43 50 48
583 215 54 44 51
516 567 59 51 57
564 700 36 49 66
699 436 36 38 48
520 420 36 53 53
586 284 42 48 57
591 565 58 57 85
572 662 47 38 53
692 437 47 53 58
564 389 53 47 57
608 307 58 37 61
684 561 52 40 82
630 84 42 52 78
616 560 52 47 55
625 561 56 40 86
570 239 53 39 66
609 576 59 55 77
513 494 43 55 81
561 232 36 60 86
521 266 60 37 48
509 97 49 57 81
526 587 46 47 70
629 146 58 58 84
679 538 49 47 57
596 146 37 41 85
570 63 60 60 78
608 383 46 40 56
505 450 48 42 47
608 296 40 41 76
550 513 56 52 50
614 64 46 53 53
700 403 46 43 68
531 174 49 44 80
675 125 55 51 75
690 750 44 43 87
531 140 54 43 62
505 270 55 51 66
568 706 54 54 60
552 276 43 38 48
678 304 58 44 65
675 30 57 55 86
667 700 55 40 55
656 746 47 56 79
502 6 60 39 88
594 470 44 52 82
680 628 43 51 45
503 399 60 53 52
513 405 57 38 65
548 370 43 56 68
550 235 58 54 46
631 336 47 56 47
695 51 56 45 71
695 186 53 44 55
649 494 52 46 72
562 135 47 57 55
618 299 48 38 50
512 87 38 58 77
542 228 44 39 81
579 540 49 45 70
700 492 57 39 77
531 548 41 44 70
611 358 48 45 71
503 721 51 42 64
565 607 51 41 58
652 485 59 58 56
645 686 36 37 84
540 452 52 46 46
616 292 46 45 55
603 152 38 55 62
610 585 47 53 51
523 111 43 48 73
635 666 56 42 84
623 562 50 56 86
555 237 58 53 73
543 474 45 39 55
656 205 52 50 54
617 604 37 56 56
564 36 50 46 62
592 84 43 48 77
559 427 45 49 46
509 586 53 57 70
542 747 39 60 64
589 55 38 38 51
520 402 52 57 48
527 746 58 55 79
506 450 58 40 50
583 437 47 42 62
617 311 36 48 47
660 555 53 41 71
510 380 38 45 50
606 122 46 59 57
556 292 53 56 45
509 12 39 42 68
589 181 42 60 45
596 166 56 48 76
505 672 58 45 60
639 76 44 43 83
513 526 40 49 48
509 625 40 43 85
568 285 58 40 68
533 698 47 40 66
543 88 42 57 80
647 181 44 36 80
555 451 39 56 84
598 533 60 44 52
607 97 36 46 59
673 202 48 50 69
600 192 60 50 88
502 16 43 57 75
527 240 45 43 54
529 655 48 48 81
686 275 47 41 50
542 263 45 44 81
684 677 46 52 83
677 167 36 37 46
698 4 46 36 77
677 198 52 58 45
521 382 48 44 84
514 303 46 60 49
550 202 36 47 80
628 234 51 51 52
629 259 40 46 78
623 522 39 37 88
673 426 36 41 63
652 698 54 51 50
619 316 49 42 64
613 478 55 54 76
641 147 41 57 59
577 127 53 42 75
640 741 56 57 59
510 5 48 47 61
504 469 46 50 68
568 471 60 51 51
576 512 60 51 47
628 33 42 46 71
539 20 59 54 51
579 668 56 57 82
582 100 47 37 57
583 180 54 46 85
644 627 46 45 55
596 70 57 50 88
580 265 60 50 48
503 173 56 48 62
504 610 47 59 53
614 403 57 53 73
521 622 56 59 55
700 454 57 45 77
547 198 54 52 88
609 372 42 46 53
515 498 44 55 49
510 222 53 60 83
517 98 37 41 80
637 42 41 58 72
657 392 48 58 72
674 357 52 60 70
560 490 45 39 88
640 495 42 58 78
679 718 40 42 71
593 497 52 49 76
625 78 40 46 62
503 678 42 43 46
656 603 52 46 82
626 148 42 56 86
511 497 37 40 63
636 461 43 53 48
595 137 43 36 47
561 745 55 48 80
668 375 44 54 67
532 558 53 57 64
695 505 42 40 71
573 246 52 48 59
645 92 41 49 86
523 437 53 57 77
583 654 46 57 73
641 299 43 57 59
559 61 42 43 58
506 164 49 60 80
502 720 40 54 45
598 416 43 54 66
530 458 36 42 49
595 692 39 57 83
532 209 41 52 45
564 600 47 48 52
520 714 40 39 49
617 89 58 40 78
535 396 59 51 75
623 289 56 45 48
639 579 57 55 74
502 403 55 58 57
520 541 51 59 78
699 128 36 46 45
569 118 45 38 51
682 428 53 37 76
588 89 46 46 79
660 300 39 51 60
595 721 41 58 49
591 175 45 43 56
524 599 52 38 65
558 48 49 38 79
652 622 38 56 64
605 566 56 51 47
572 681 46 38 57
583 306 58 51 75
687 193 50 39 54
608 658 39 46 52
677 557 39 56 88
591 718 57 39 45
540 482 60 55 59
534 567 51 42 68
541 363 50 55 55
544 97 53 49 77
656 157 51 38 82
608 5 51 48 80
673 527 50 39 65
598 695 46 44 49
510 470 59 38 85
624 431 54 50 87
627 302 51 38 81
629 89 40 55 71
513 623 59 44 55
574 556 47 37 60
641 151 53 48 82
578 634 43 37 83
695 434 38 58 52
576 651 55 53 86
660 180 55 46 51
680 340 40 51 79
532 544 47 40 67
585 257 59 48 45
678 76 58 36 48
675 313 46 37 47
651 348 47 58 80
557 182 39 40 59
552 548 48 41 72
578 388 46 45 68
630 449 48 41 85
529 474 60 48 83
630 256 55 58 66
680 497 42 38 74
567 22 45 48 58
512 628 52 56 65
652 516 58 42 78
583 194 51 51 56
660 362 60 43 77
663 167 57 37 46
626 195 41 42 49
647 544 37 60 85
559 472 58 53 45
603 106 58 43 55
688 253 40 52 56
678 453 52 41 61
690 577 51 47 71
667 575 53 48 78
585 28 56 44 59
572 227 58 48 72
603 616 52 39 46
679 507 56 57 60
621 538 57 43 74
569 251 43 40 46
506 671 41 48 88
698 574 43 60 87
503 22 39 36 49
590 395 55 45 84
537 92 55 56 57
580 743 49 45 52
514 593 36 48 66
589 712 39 40 84
636 35 45 38 85
661 219 52 44 76
630 106 57 36 82
611 637 59 44 50
686 687 55 46 80
613 298 53 54 65
600 352 57 46 70
700 312 53 42 62
528 590 50 45 57
551 242 57 50 75
630 155 53 51 64
680 433 45 50 73
648 15 40 37 52
595 162 53 38 57
599 574 46 55 78
698 395 49 56 51
525 749 46 40 88
678 428 60 38 47
647 452 50 40 80
513 408 51 42 50
699 291 41 59 69
534 702 50 36 50
570 420 56 44 69
560 616 47 39 75
552 319 51 42 80
619 62 43 49 80
629 263 46 53 55
640 561 50 60 63
583 304 55 48 64
543 659 41 56 69
546 398 39 60 88
551 505 57 36 58
517 211 46 39 50
508 36 45 60 78
681 574 58 58 61
681 28 41 39 51
523 678 42 50 76
611 456 38 58 85
570 337 50 44 64
680 501 36 60 67
542 63 57 39 51
575 669 39 42 82
664 604 41 55 62
604 362 54 55 84
539 358 36 40 52
603 202 53 46 46
690 262 54 41 70
526 733 40 41 69
681 500 47 51 56
513 626 42 42 87
606 578 49 45 53
566 546 49 56 77
561 620 58 45 68
529 367 43 43 79
686 756 51 45 78
584 298 55 38 45
573 541 52 37 48
693 547 49 51 46
600 660 55 45 87
641 322 47 47 87
697 496 41 36 57
626 147 36 49 79
700 648 51 47 86
509 210 47 42 69
664 80 47 46 62
569 105 46 48 73
546 71 36 51 67
594 295 40 47 63
681 190 38 38 52
670 316 44 56 80
654 388 49 36 58
699 242 48 45 58
661 508 44 42 50
659 506 59 51 63
525 131 40 49 84
668 491 54 36 46
500 129 43 37 79
536 553 42 59 74
668 407 40 57 59
556 576 58 51 55
632 723 49 47 50
593 305 52 56 86
603 648 59 48 52
620 87 42 44 52
516 108 51 57 61
518 325 39 55 64
657 33 51 45 62
550 298 51 45 47
577 466 60 41 71
655 51 50 57 63
508 482 41 56 81
630 398 38 38 81
525 625 41 58 56
639 614 43 52 77
679 327 53 43 76
608 379 40 45 82
694 683 50 44 71
595 126 59 39 58
