865
624 56 107 83 7
1000
524 617 54 41 75
547 266 58 49 69
662 181 44 56 79
522 398 41 60 68
582 209 60 60 68
684 83 54 49 54
682 544 59 53 58
674 586 44 45 71
558 535 58 47 59
654 149 42 41 77
540 336 42 43 67
557 57 58 43 66
676 696 56 48 78
629 444 41 44 73
568 8 50 46 63
591 613 41 48 77
537 547 55 47 67
666 430 45 51 44
627 674 42 45 69
607 186 59 53 79
561 707 43 60 50
596 258 42 60 74
562 531 57 43 42
508 304 54 51 56
511 748 47 59 44
665 588 59 49 80
519 755 41 56 59
543 279 50 57 78
660 226 41 41 41
588 259 54 42 52
511 400 59 53 48
503 309 53 54 42
610 311 59 55 46
603 434 43 46 76
590 503 45 55 68
640 338 44 58 79
535 136 44 46 76
643 621 47 48 69
552 466 46 42 66
676 437 52 60 78
502 682 57 50 60
536 393 42 43 51
649 595 47 42 74
695 763 48 44 64
583 99 55 47 78
682 254 56 55 56
628 560 52 50 43
683 646 45 55 73
548 758 57 59 74
547 216 44 59 58
536 404 42 58 57
536 658 47 41 68
539 93 50 42 63
649 80 44 43 69
695 177 57 55 69
531 138 60 59 65
546 141 45 48 63
606 383 46 60 42
696 719 44 46 44
688 577 43 50 72
624 582 43 53 60
698 572 47 48 66
630 748 44 60 41
620 285 60 48 56
658 122 46 42 77
686 685 54 48 67
684 216 54 60 53
633 338 58 45 64
594 134 53 56 65
607 238 47 57 61
567 527 52 42 77
681 638 50 55 57
544 589 55 42 77
514 123 46 53 73
632 760 45 47 67
592 571 60 41 62
642 621 55 45 42
607 231 44 54 79
547 726 58 53 61
582 54 55 58 65
602 743 47 42 46
539 343 45 42 74
691 339 49 56 51
697 431 50 52 67
625 402 41 54 67
611 315 52 43 74
624 693 43 60 61
644 600 57 44 63
575 303 48 41 69
522 2 60 43 61
675 652 54 41 73
700 88 43 58 51
581 260 56 57 53
692 64 47 56 59
546 543 56 52 59
647 79 47 52 52
617 513 44 58 43
525 310 45 53 69
687 175 43 46 77
573 562 50 60 53
637 301 50 48 57
552 26 59 48 65
623 457 53 45 79
551 468 48 59 75
519 207 60 52 60
633 223 47 60 51
508 670 53 60 73
568 183 44 53 48
569 73 42 53 52
531 604 52 44 67
656 381 48 52 43
538 567 43 49 41
677 101 45 59 67
654 368 43 47 63
506 737 54 41 55
633 325 55 56 78
554 414 42 42 67
526 656 58 59 77
579 467 45 53 69
592 566 42 42 70
600 687 53 49 41
561 311 60 52 72
570 153 56 53 44
638 33 58 53 52
665 344 49 49 54
517 563 41 49 51
601 37 53 42 74
537 628 45 54 74
651 716 60 46 77
671 182 43 54 62
691 121 53 43 57
500 615 49 59 79
619 537 48 49 63
671 224 59 46 68
646 129 53 41 42
559 90 47 59 72
649 663 41 52 75
651 672 55 52 46
579 578 58 56 55
558 508 59 53 57
547 276 43 43 66
556 209 58 58 72
677 155 58 42 48
674 615 53 55 46
666 219 44 55 78
685 427 58 45 46
554 699 50 42 48
671 496 42 55 50
606 211 42 41 76
545 162 53 55 74
543 397 44 43 41
586 171 53 49 58
507 322 51 58 63
546 476 58 48 76
606 252 41 53 43
605 392 48 51 46
538 241 50 42 77
648 659 58 60 70
614 518 53 45 74
680 344 52 42 78
594 472 42 55 46
616 226 48 43 67
688 461 55 53 69
540 45 49 59 77
538 716 59 47 71
545 399 58 42 67
587 393 52 49 60
678 373 51 50 52
652 90 49 50 70
648 661 60 50 62
557 206 41 58 58
695 406 55 55 46
516 94 53 47 46
507 566 59 43 74
504 284 52 55 41
700 285 53 50 50
660 172 54 42 51
534 118 54 50 42
546 598 48 50 75
683 538 60 52 42
692 583 41 52 80
687 757 53 60 45
689 182 52 44 61
624 255 43 52 55
571 508 54 50 44
644 222 46 52 79
534 153 58 55 71
507 331 42 53 63
534 749 50 42 60
670 725 42 48 64
565 696 42 54 64
664 354 54 60 76
649 732 43 52 75
542 525 45 44 79
505 109 54 54 61
567 0 50 42 41
578 39 54 47 61
690 1 49 49 58
605 135 42 50 56
578 688 60 47 67
672 415 52 45 66
555 682 56 48 61
561 405 49 44 62
652 24 60 58 42
540 100 45 57 46
603 742 58 47 61
520 672 42 44 57
637 526 55 60 43
646 231 49 59 69
691 166 52 41 55
648 476 57 59 69
521 641 60 52 67
693 501 50 53 45
557 549 47 42 57
594 475 41 43 70
632 343 56 44 41
695 56 46 53 76
673 35 48 58 61
687 500 47 53 71
543 693 60 54 64
572 580 51 59 57
641 162 48 42 77
572 370 50 44 55
680 120 57 43 48
610 77 53 58 48
523 469 60 42 71
500 174 58 48 53
617 430 47 50 72
618 372 43 47 53
564 125 60 58 62
676 282 55 46 58
578 602 42 51 74
612 171 58 54 50
696 593 53 48 50
500 478 42 52 62
680 655 46 42 58
559 132 54 45 44
508 602 45 60 68
556 384 60 52 76
549 631 43 42 60
534 570 41 59 41
504 555 58 54 74
689 343 52 56 56
553 639 46 53 41
569 333 43 42 69
621 757 59 60 60
684 610 51 41 71
508 319 60 41 77
564 113 55 60 66
577 457 49 55 57
675 109 55 48 78
589 208 52 51 56
680 334 51 44 79
594 122 45 58 48
679 504 43 47 59
571 561 51 45 63
631 712 42 57 71
545 364 55 43 70
685 635 46 52 48
644 153 48 55 70
676 283 60 53 75
649 738 58 58 41
560 618 44 57 47
642 266 49 42 60
500 518 52 45 67
606 161 58 44 78
674 660 46 55 48
611 353 42 56 66
565 335 58 60 70
548 391 57 43 45
650 207 58 56 46
623 611 53 43 41
550 144 56 45 42
666 316 50 44 79
689 573 58 49 80
655 530 59 53 55
672 99 54 57 54
676 728 57 51 72
691 45 47 53 61
692 222 47 43 54
501 9 46 51 59
657 52 55 44 47
622 273 46 53 55
523 499 49 51 57
550 75 59 41 41
563 469 45 43 55
698 504 47 44 80
621 265 45 52 43
665 242 54 45 63
684 321 41 48 48
515 444 54 58 51
621 369 46 51 62
565 14 54 56 51
536 390 56 45 72
634 161 43 53 42
564 653 49 59 52
696 469 41 57 65
618 177 47 46 55
611 201 51 57 70
595 512 52 50 46
665 119 47 57 79
602 643 53 55 59
648 5 48 59 52
608 598 44 57 70
597 126 56 47 77
636 361 51 53 80
688 526 54 49 59
669 134 59 60 58
574 501 56 44 74
681 392 44 58 51
555 650 55 52 58
677 261 44 45 48
669 695 58 42 50
552 110 44 59 75
645 239 41 54 63
642 434 56 46 48
547 508 58 55 45
557 135 59 53 60
517 321 45 58 51
585 323 51 44 66
641 134 43 53 74
655 205 46 42 74
670 138 47 46 50
547 182 56 52 61
636 495 57 55 49
593 232 50 42 70
631 696 49 49 63
628 324 49 56 80
578 171 41 59 71
619 531 49 44 56
633 52 41 50 45
606 526 47 51 57
511 523 58 52 50
565 440 55 41 73
598 456 46 41 41
665 538 58 42 80
537 519 57 59 69
574 476 45 48 51
693 172 41 57 51
517 25 57 52 46
699 387 52 42 47
596 26 57 50 71
627 328 48 48 44
660 191 57 57 63
520 621 52 52 60
539 363 51 42 59
515 659 44 56 42
607 263 43 56 80
546 81 42 44 70
611 266 56 45 61
648 521 60 50 47
518 726 53 55 71
625 138 59 57 44
569 558 54 47 48
672 30 49 60 72
582 121 50 50 46
675 621 56 45 41
684 682 59 42 49
603 649 47 42 75
539 755 55 43 75
545 447 57 54 57
521 477 42 48 70
695 160 45 54 80
694 355 59 52 64
583 452 55 41 61
643 655 56 44 76
588 694 49 59 73
613 342 49 43 57
655 688 41 41 79
624 89 52 45 68
629 73 46 42 69
622 201 57 51 70
580 34 48 47 47
511 375 48 55 73
569 715 43 44 46
572 312 52 41 63
613 345 59 58 68
632 323 52 47 56
578 314 54 59 43
649 718 46 49 47
573 340 57 42 63
530 408 56 59 68
597 296 46 47 57
647 79 55 43 54
614 379 57 51 50
558 52 41 49 52
664 550 43 52 67
501 556 49 47 62
697 700 57 59 47
668 682 52 48 68
632 4 51 54 57
679 461 41 45 66
673 476 52 56 68
617 373 52 48 76
502 565 58 53 61
634 145 56 43 78
523 510 46 60 51
502 751 51 42 65
678 53 55 57 41
692 308 47 56 55
671 159 46 50 62
688 446 52 48 78
650 17 58 58 61
589 510 51 44 79
514 256 42 44 56
546 441 60 59 45
514 141 50 57 45
552 368 59 49 68
513 292 47 52 79
686 484 55 52 48
542 56 56 54 64
643 565 47 46 46
682 655 52 43 46
661 462 58 54 46
577 743 54 49 67
577 57 53 42 51
559 452 46 49 72
608 749 51 46 68
682 727 50 49 77
523 198 52 45 57
545 588 54 54 56
655 34 57 52 66
520 259 50 53 61
635 688 41 57 71
688 530 58 50 60
680 746 42 54 47
618 414 57 55 62
590 378 47 47 80
575 7 54 49 72
662 482 54 47 74
627 311 45 45 75
565 194 50 60 45
598 365 47 50 63
520 698 58 49 61
665 644 41 42 62
596 565 60 52 53
636 427 47 43 77
691 687 54 41 71
613 265 54 46 67
656 536 44 47 67
514 661 60 41 72
568 152 49 56 70
577 556 41 43 75
587 106 53 42 60
577 382 43 45 54
502 62 59 47 63
643 372 44 45 43
606 485 46 41 59
579 70 52 44 65
659 410 41 56 44
613 382 41 53 51
504 365 60 47 51
677 743 44 47 62
581 558 49 59 65
578 349 53 46 67
505 511 45 45 64
664 404 47 51 76
563 321 48 52 74
528 654 58 48 56
524 344 60 52 50
632 440 45 49 80
544 248 46 48 44
612 283 52 49 77
652 671 47 60 63
700 304 52 41 53
651 178 41 44 46
561 508 42 54 70
641 96 48 57 67
592 349 55 46 49
609 439 54 43 75
642 685 56 48 54
598 553 56 45 62
687 360 50 58 44
527 511 44 50 71
691 259 50 53 41
667 288 57 42 75
527 203 46 59 59
550 403 59 57 59
518 421 55 54 60
513 560 60 51 72
596 758 57 51 42
665 210 46 41 63
573 651 57 46 73
661 531 48 53 63
556 675 55 45 46
557 674 49 53 51
531 122 58 45 56
585 16 46 43 47
670 529 52 49 64
693 628 58 44 73
555 189 52 47 55
552 187 46 42 55
685 550 49 58 55
509 353 54 48 67
644 366 42 41 59
636 609 54 52 49
682 174 54 50 45
681 219 52 41 44
656 227 49 58 63
500 28 50 53 78
600 244 45 52 74
587 367 43 49 61
506 317 42 46 42
540 86 44 41 43
506 519 54 50 71
677 619 42 56 46
552 638 50 55 78
658 381 45 52 56
572 593 60 42 57
632 678 49 53 70
687 377 53 45 43
563 173 45 59 56
517 324 45 51 46
628 613 49 47 57
505 711 57 42 50
504 701 45 44 66
543 97 46 51 68
521 277 56 45 77
646 142 51 55 55
608 354 60 44 50
643 604 56 41 70
500 751 44 41 73
585 160 55 50 55
617 158 49 50 52
583 223 50 54 64
548 509 43 48 51
623 270 44 44 79
555 35 51 48 63
545 415 56 46 43
606 441 41 52 59
686 621 59 42 78
598 247 58 51 66
685 583 47 49 75
653 469 46 52 57
695 131 46 60 57
602 290 50 44 45
609 56 47 46 68
574 105 46 41 79
658 38 42 59 77
518 662 53 42 54
569 388 42 60 60
617 389 54 50 76
535 22 53 45 67
530 545 59 52 54
638 69 54 44 50
630 47 48 60 47
545 617 46 51 76
507 573 42 47 55
588 561 42 48 77
620 224 48 52 60
555 610 50 43 44
535 459 43 48 60
567 404 47 50 79
511 369 47 58 69
586 34 44 51 43
699 326 58 59 77
639 430 46 60 73
617 296 57 56 48
696 725 55 42 55
633 744 50 60 46
569 335 42 48 66
618 381 59 53 80
527 760 56 46 79
623 36 60 60 58
608 374 55 41 72
676 65 50 56 74
681 406 54 43 65
526 567 59 49 56
619 726 58 46 47
528 305 60 60 55
632 663 45 51 43
579 249 56 59 50
538 394 44 47 72
528 533 49 49 57
662 120 47 47 80
534 717 52 59 78
686 102 42 57 73
538 259 59 58 52
575 637 51 42 73
685 372 55 58 59
503 574 43 53 51
593 277 58 41 58
558 508 53 57 75
502 440 43 51 50
625 623 50 41 58
612 620 45 45 58
538 539 47 59 64
541 205 52 50 69
546 292 59 52 77
577 529 55 51 69
543 317 45 48 71
520 581 51 59 80
603 437 53 58 54
530 44 47 52 55
657 309 55 45 69
622 83 45 59 67
638 289 50 48 69
541 293 56 60 46
582 17 56 42 45
563 621 54 43 73
657 632 53 49 45
636 515 52 51 74
571 319 56 56 44
661 372 58 56 72
587 81 58 49 65
665 41 44 49 41
676 77 47 58 46
509 96 49 60 76
592 113 52 43 56
674 484 56 44 61
577 570 53 47 46
695 415 49 49 58
569 395 49 51 75
697 500 45 57 68
525 552 42 46 73
649 471 60 56 54
653 272 51 46 80
528 160 56 41 51
616 594 59 43 58
569 702 47 53 66
650 513 50 54 72
570 443 58 45 48
680 201 56 49 49
639 86 45 55 51
541 447 59 49 52
677 361 43 50 42
587 605 52 57 77
685 52 49 52 49
589 648 52 46 77
567 500 60 52 79
563 137 47 50 66
607 423 41 53 42
625 516 54 53 66
604 722 58 53 42
682 369 58 59 68
696 420 44 44 43
601 495 51 48 67
689 729 44 55 63
671 112 49 58 74
621 290 59 58 77
651 619 57 58 58
691 522 56 49 45
530 629 47 50 54
619 324 51 41 71
546 275 48 59 66
611 495 43 52 54
669 277 47 45 41
517 627 58 60 46
522 758 57 45 56
686 240 47 54 68
617 374 53 45 61
568 715 56 46 53
520 656 55 51 70
659 35 58 55 75
627 305 46 53 43
639 649 58 42 42
605 268 46 60 48
592 616 41 53 72
502 606 49 52 51
502 147 47 47 71
671 189 44 60 78
634 489 50 45 51
639 104 50 58 74
559 526 59 52 49
565 744 41 59 73
604 66 59 54 61
506 675 48 54 71
522 247 41 51 72
645 189 57 59 50
672 673 44 58 41
541 111 49 56 79
618 586 52 59 51
557 468 55 49 60
616 269 60 43 72
510 172 54 47 55
606 403 57 57 71
529 401 59 55 74
600 52 41 60 43
581 199 47 59 48
634 555 49 43 68
575 136 41 41 59
674 137 42 44 42
504 243 56 46 77
605 281 46 48 61
635 752 58 45 51
593 167 47 45 60
653 377 57 57 64
500 525 56 48 73
510 593 42 53 61
512 323 43 54 74
658 719 59 48 43
519 145 47 45 66
649 571 59 53 51
504 144 57 43 60
580 667 59 46 67
682 655 47 52 49
700 115 52 50 78
656 655 49 54 71
538 29 58 42 64
593 712 49 45 51
637 91 50 50 74
698 754 42 47 57
663 334 51 47 41
644 168 52 49 52
685 137 52 57 57
566 303 47 53 59
530 758 50 58 59
588 132 52 53 46
558 629 47 45 65
607 589 42 60 65
571 0 57 47 48
651 498 56 53 62
581 317 57 43 48
696 113 49 51 72
647 546 44 42 61
665 272 46 44 44
511 197 59 50 67
699 455 48 50 53
583 174 43 41 68
552 17 53 43 44
542 126 41 53 79
609 696 55 57 46
635 110 52 55 73
612 327 42 57 77
562 26 41 49 80
517 533 54 49 47
522 391 57 59 57
540 636 55 48 45
693 89 45 48 70
549 509 58 49 75
681 129 47 42 77
544 714 45 51 71
692 397 51 54 55
581 743 59 53 68
673 282 55 51 44
571 121 53 49 43
635 506 44 57 46
505 537 45 50 57
535 252 50 55 47
622 515 52 50 56
617 336 48 52 73
540 743 56 42 67
533 513 43 58 63
528 59 60 41 63
502 315 48 54 57
577 156 45 47 75
507 190 55 44 42
631 541 47 49 78
548 45 45 41 59
593 539 53 59 43
524 10 42 59 68
587 370 47 57 72
610 254 41 59 67
637 201 44 47 63
515 194 48 54 80
506 411 43 59 54
563 394 42 60 65
664 503 44 56 64
668 54 43 44 70
532 52 53 58 60
540 84 55 50 77
539 4 41 55 45
700 504 47 48 48
533 745 44 52 73
573 19 47 49 53
691 418 55 49 54
519 401 45 41 69
646 47 54 47 52
681 746 57 47 70
689 460 46 52 62
535 635 42 45 47
548 328 55 43 56
545 132 46 60 80
505 549 52 46 68
510 218 48 42 56
580 285 50 49 43
531 593 50 43 58
548 13 44 59 46
700 387 50 54 48
621 748 54 55 65
670 524 41 46 53
662 630 44 55 50
567 409 52 53 75
590 501 59 43 71
560 673 45 48 61
526 93 51 50 58
699 308 59 49 54
674 139 42 52 46
601 405 46 50 42
537 511 60 59 67
541 706 43 46 80
696 426 55 48 63
696 227 54 51 54
533 358 46 52 66
504 677 43 51 45
543 157 47 44 77
578 25 48 45 48
540 311 45 51 68
647 317 45 56 55
563 31 43 50 67
637 652 49 49 46
606 524 54 42 55
547 258 51 54 55
677 401 56 48 66
528 709 60 54 56
575 493 49 57 74
634 757 48 58 48
599 57 48 43 71
679 398 55 58 64
697 129 44 41 78
630 444 52 51 59
569 11 53 54 63
674 674 59 45 78
525 335 47 43 62
698 93 55 55 45
663 330 49 49 47
681 257 42 44 80
678 312 58 43 50
700 603 55 56 61
568 282 48 58 44
687 523 44 55 79
523 592 54 59 76
698 524 56 56 50
566 561 55 47 51
652 754 59 48 78
601 732 53 48 77
589 167 47 59 66
546 252 41 43 78
669 508 52 53 52
581 721 46 58 80
611 487 60 49 46
546 24 51 43 44
569 368 43 43 66
694 655 54 52 64
517 151 41 52 66
530 4 44 57 52
616 124 52 60 47
502 489 49 43 47
563 538 46 51 66
652 701 59 52 77
645 209 48 58 55
536 612 56 52 45
607 256 47 42 78
627 324 51 59 68
590 604 58 59 42
510 27 50 46 51
536 721 46 48 78
568 105 53 55 75
602 294 59 51 41
658 449 58 47 68
684 255 51 55 65
690 353 56 47 66
501 496 57 60 69
551 526 46 51 79
629 561 42 54 65
563 123 42 55 61
624 68 53 41 48
525 106 43 55 59
592 636 50 59 57
538 392 51 54 49
589 270 60 48 54
510 595 45 47 62
530 513 60 55 79
660 519 60 54 52
623 27 51 50 53
558 330 52 58 52
561 616 47 57 77
681 765 49 51 48
700 561 48 48 71
575 72 49 51 72
607 98 48 60 66
556 700 55 47 43
638 517 60 60 58
651 140 48 48 66
595 462 47 41 46
596 577 41 60 46
582 580 48 58 69
611 26 47 45 45
638 283 60 48 43
513 737 43 52 71
535 82 56 48 59
646 192 44 56 51
532 23 57 42 80
635 34 59 51 45
576 213 53 52 62
646 275 43 48 64
516 616 60 53 71
516 282 44 47 63
638 109 48 53 73
530 760 46 49 55
619 527 53 60 63
535 195 44 44 74
590 715 48 49 80
592 635 47 41 52
509 313 50 59 53
620 166 44 43 61
657 36 58 46 51
666 526 54 56 71
578 740 42 47 68
633 45 43 45 74
534 147 49 52 46
511 417 44 53 41
630 125 57 54 44
520 452 60 46 67
565 575 47 48 77
505 472 48 50 54
577 203 49 58 55
680 226 46 56 47
671 622 59 48 76
609 12 52 59 64
618 235 51 44 71
607 221 59 50 47
575 452 45 55 59
532 561 59 52 51
650 288 45 45 44
533 270 52 56 56
580 562 60 54 63
687 666 49 57 74
642 210 52 56 66
573 477 45 49 55
616 440 49 53 44
641 454 44 54 69
687 197 47 55 80
687 133 56 45 60
626 747 51 41 55
533 14 48 44 77
604 680 50 56 76
548 463 60 50 69
584 124 51 43 65
591 384 51 50 69
635 732 53 47 43
551 417 56 47 80
663 293 58 54 71
600 163 59 47 79
500 129 49 51 68
575 406 54 55 67
537 221 50 41 69
673 594 56 56 79
669 335 56 43 45
626 287 47 52 51
596 26 56 44 73
575 709 57 45 64
590 144 54 43 62
649 142 45 43 63
622 298 42 42 45
669 341 51 45 41
645 716 52 59 74
514 380 48 48 65
568 757 50 56 52
618 448 58 55 51
591 10 45 48 45
505 31 45 43 72
566 320 42 49 70
679 761 60 50 58
675 516 44 42 64
649 206 52 42 76
614 164 51 41 79
668 327 47 53 77
662 550 49 54 72
623 193 53 58 71
522 476 46 48 67
687 639 59 44 59
581 479 53 53 61
591 739 59 58 44
529 635 45 57 77
625 322 58 54 75
633 117 48 46 71
604 180 53 59 70
639 692 60 48 46
539 244 53 43 41
534 476 57 54 52
583 344 54 54 55
696 18 59 54 73
641 651 47 51 80
635 230 49 54 61
501 338 48 51 52
527 325 44 51 51
563 198 60 45 48
610 196 57 54 62
607 602 50 46 49
644 642 42 42 73
615 143 60 50 45
514 699 59 60 53
538 425 59 58 70
621 291 49 60 51
686 208 58 53 49
503 471 42 42 42
533 478 59 50 54
666 753 42 54 61
563 624 50 56 63
544 581 49 42 54
610 173 57 41 79
651 98 44 42 52
605 582 46 42 77
666 448 53 41 64
510 730 57 41 74
559 269 60 46 46
590 66 60 60 60
697 487 54 48 49
582 735 57 58 41
