607
352 106 75 57 6
1000
-701 158 42 58 82
-817 39 52 58 51
-784 70 45 39 85
-863 469 47 55 62
-726 314 36 55 65
-877 410 37 47 59
-721 411 57 50 65
-818 429 60 40 86
-868 309 46 40 57
-826 438 58 45 66
-900 54 38 60 58
-894 105 54 42 90
-833 399 52 42 53
-799 177 52 60 80
-705 210 53 54 84
-890 477 48 59 82
-747 402 39 59 51
-853 189 55 57 58
-880 0 39 41 51
-702 459 51 52 69
-705 138 55 51 87
-874 81 39 48 71
-883 502 60 55 67
-846 142 38 38 68
-789 223 50 51 64
-799 235 45 57 52
-838 279 50 59 81
-737 348 55 44 74
-865 206 39 58 71
-820 498 50 55 78
-741 317 38 44 69
-813 356 49 40 61
-900 22 36 46 71
-800 73 47 39 84
-813 100 48 49 57
-739 28 56 60 59
-710 87 55 57 79
-826 27 51 45 86
-809 188 52 60 57
-885 410 40 41 76
-808 65 58 57 59
-731 374 45 50 70
-855 155 44 56 85
-804 447 53 54 55
-884 19 37 46 66
-714 498 55 45 73
-752 26 48 57 51
-806 377 52 44 67
-728 298 57 43 89
-703 358 56 44 82
-871 502 53 46 54
-857 273 39 36 85
-863 310 53 38 84
-786 198 53 44 51
-881 374 49 42 67
-712 21 59 50 72
-828 392 48 46 62
-829 449 59 59 72
-759 500 37 49 75
-825 292 53 39 70
-805 194 42 38 55
-731 71 42 58 82
-874 301 48 59 52
-814 505 51 40 81
-823 244 50 53 59
-891 239 36 53 84
-724 6 59 39 88
-888 182 50 46 86
-845 471 37 49 73
-751 193 57 56 69
-818 469 40 48 72
-719 161 57 54 78
-799 148 59 37 73
-770 39 44 36 82
-817 397 57 37 66
-729 285 52 36 82
-900 324 47 58 56
-774 334 52 42 72
-880 315 39 59 86
-717 275 43 56 67
-702 291 54 37 55
-702 21 47 44 59
-836 189 47 40 71
-767 45 50 40 59
-897 291 42 58 57
-784 239 55 37 53
-742 117 37 52 85
-818 296 52 43 83
-743 238 42 54 57
-872 117 54 54 70
-851 455 38 52 72
-757 310 60 53 89
-736 304 44 40 66
-788 360 47 55 68
-819 224 52 49 80
-897 162 44 59 77
-862 452 45 40 56
-889 384 51 53 71
-819 284 42 42 72
-728 360 53 53 64
-804 438 42 40 77
-878 278 57 48 76
-891 146 36 43 74
-837 186 54 46 58
-777 47 58 42 71
-844 428 36 42 59
-791 223 40 43 60
-820 17 41 57 62
-835 236 46 56 77
-720 190 36 48 71
-797 204 51 54 65
-788 361 58 50 84
-860 55 36 50 57
-831 29 41 52 57
-750 102 42 58 75
-794 303 40 49 83
-837 280 41 36 88
-778 145 50 48 73
-706 421 57 56 52
-737 212 56 49 81
-865 414 50 45 85
-789 468 48 44 74
-763 57 43 47 53
-840 420 38 52 87
-801 331 53 55 85
-753 486 46 56 65
-731 421 37 53 62
-742 457 43 53 69
-780 186 50 55 68
-772 229 53 59 89
-796 505 56 60 77
-816 370 36 57 79
-865 291 46 51 69
-866 121 38 58 70
-874 243 49 46 59
-789 225 49 59 59
-897 388 39 55 63
-759 405 51 50 68
-869 153 36 56 88
-845 361 57 51 80
-896 123 38 51 59
-710 156 40 56 66
-899 439 47 38 72
-834 306 37 57 76
-856 212 58 56 83
-892 363 58 58 65
-716 28 39 40 62
-749 290 55 51 58
-745 130 43 38 86
-819 358 38 57 82
-701 67 47 59 68
-735 340 40 58 85
-850 258 52 60 87
-716 402 58 36 89
-768 405 42 60 61
-712 84 47 41 69
-740 248 55 47 51
-758 358 46 53 52
-814 61 52 48 51
-866 162 52 45 61
-814 242 53 49 74
-766 293 53 40 55
-735 337 54 59 83
-742 92 43 60 71
-822 71 38 46 85
-849 294 53 59 79
-854 19 41 39 63
-839 283 51 51 52
-870 388 53 59 63
-881 148 47 49 57
-705 400 41 47 74
-721 282 46 50 59
-775 14 59 36 55
-872 322 47 51 70
-882 262 43 46 87
-753 239 51 53 77
-756 317 53 44 74
-809 23 60 53 53
-768 411 37 45 83
-841 415 54 50 75
-810 397 37 43 86
-756 239 50 60 69
-896 495 47 39 65
-879 197 43 60 69
-777 32 48 38 74
-825 254 56 55 85
-841 191 48 60 69
-775 298 58 53 87
-759 19 38 40 66
-818 498 57 51 90
-896 1 57 37 81
-882 263 46 41 81
-794 77 46 47 78
-870 248 40 49 60
-724 372 47 58 60
-728 234 60 56 66
-827 325 50 43 75
-715 201 46 44 53
-792 472 36 46 58
-702 59 45 60 67
-740 4 39 53 90
-844 174 49 44 78
-772 219 48 54 53
-780 168 52 38 68
-806 133 52 44 53
-808 110 54 40 87
-742 318 37 43 82
-872 322 46 57 69
-804 354 36 42 65
-734 156 38 48 51
-794 164 48 51 70
-760 414 38 54 58
-882 260 56 57 62
-756 25 60 59 54
-790 225 53 37 71
-796 73 60 36 51
-723 130 36 48 58
-873 308 40 39 60
-888 296 37 43 65
-783 372 36 42 87
-748 459 53 42 52
-879 460 56 37 63
-816 299 40 43 86
-711 26 58 51 77
-719 362 51 47 77
-828 392 48 38 75
-712 115 48 37 63
-745 3 37 55 87
-794 307 52 44 81
-793 53 43 39 58
-799 16 46 54 56
-728 217 49 40 66
-733 355 51 54 52
-748 22 56 59 87
-737 282 56 60 78
-893 66 60 47 54
-776 212 51 43 81
-841 58 46 37 73
-823 411 47 57 84
-810 169 49 54 86
-820 436 44 52 84
-774 330 39 44 78
-836 31 44 44 76
-819 291 55 48 52
-734 333 52 53 80
-833 346 40 37 88
-735 29 43 48 83
-722 342 50 51 52
-801 210 42 41 67
-883 205 44 44 73
-711 379 54 58 51
-801 288 36 44 60
-800 89 40 42 78
-886 54 43 59 78
-854 352 44 36 52
-816 498 57 39 76
-803 29 49 60 58
-709 23 42 50 66
-809 310 54 45 62
-867 496 43 44 63
-734 35 56 38 84
-781 84 48 55 90
-710 109 50 56 61
-790 430 55 60 70
-895 185 36 36 82
-855 57 46 54 65
-776 294 54 52 88
-784 181 54 36 85
-814 50 60 40 54
-797 4 56 60 71
-736 193 50 55 83
-870 327 41 48 85
-714 381 42 50 80
-815 186 58 44 74
-764 394 57 41 65
-821 126 57 57 61
-827 389 36 41 73
-827 323 44 50 72
-848 55 47 41 79
-737 443 40 46 60
-823 328 45 40 74
-861 297 49 51 80
-880 213 50 38 74
-772 443 51 47 79
-840 68 48 42 68
-744 258 44 56 60
-715 272 39 58 89
-822 40 49 46 52
-720 22 48 49 57
-783 365 40 36 61
-762 356 40 49 53
-790 469 47 39 72
-858 317 43 60 80
-721 117 59 52 83
-853 57 58 58 85
-874 369 46 54 67
-801 222 41 40 55
-718 438 59 49 54
-817 507 45 58 72
-806 425 40 58 54
-734 368 36 40 89
-830 310 55 39 62
-743 316 39 38 51
-847 197 44 47 62
-791 151 48 46 72
-882 288 37 55 75
-763 67 58 48 72
-831 38 56 46 55
-878 475 55 38 53
-718 225 55 43 82
-731 503 37 41 64
-739 441 60 53 64
-872 2 55 39 66
-832 303 46 53 61
-771 65 39 55 88
-736 169 60 58 86
-796 53 36 51 89
-890 202 42 48 53
-816 439 39 47 79
-768 282 37 45 79
-783 481 57 39 70
-791 499 50 39 70
-774 145 57 44 57
-812 206 54 51 70
-897 42 56 53 89
-730 448 45 59 55
-707 181 42 46 85
-723 506 43 42 61
-860 163 59 60 79
-779 95 57 59 60
-859 83 37 48 57
-803 198 53 37 60
-701 373 53 36 86
-842 374 41 44 58
-900 464 50 48 78
-854 434 46 59 69
-754 44 58 57 88
-742 235 37 47 86
-811 174 48 51 78
-779 68 38 37 80
-893 397 41 38 79
-719 198 58 37 89
-811 325 46 36 58
-810 167 46 41 66
-753 249 52 49 55
-774 383 59 46 60
-875 171 57 54 89
-733 386 50 53 84
-890 176 55 40 83
-707 484 53 51 60
-819 156 44 53 68
-802 78 59 42 59
-760 134 46 59 54
-879 268 47 38 66
-700 486 48 44 78
-704 471 55 46 60
-704 38 55 53 58
-764 21 40 36 74
-817 253 51 40 87
-733 193 36 46 88
-836 298 46 59 62
-827 32 58 38 78
-772 421 41 51 88
-829 344 44 41 68
-808 187 52 46 65
-837 230 50 38 62
-763 373 60 38 81
-830 306 45 50 77
-814 310 58 59 76
-835 16 43 45 69
-811 338 49 56 78
-776 236 39 58 84
-710 135 47 41 53
-802 40 40 47 90
-777 120 49 51 65
-724 21 58 43 62
-810 14 49 41 54
-721 59 41 55 57
-720 356 50 49 74
-788 461 37 44 78
-708 461 56 44 60
-763 91 53 42 86
-771 109 42 57 82
-840 419 48 47 58
-873 210 44 42 84
-722 241 44 50 70
-792 334 54 45 79
-848 371 53 41 70
-768 125 41 48 64
-848 0 44 40 58
-794 278 37 45 56
-798 251 60 60 80
-760 501 54 54 81
-732 74 57 38 88
-779 146 55 60 88
-713 174 43 41 65
-724 495 42 36 78
-775 25 44 36 63
-871 198 47 45 80
-854 53 55 39 52
-797 28 43 41 73
-702 142 50 40 70
-763 507 38 47 53
-748 454 51 59 86
-852 135 52 51 81
-823 89 49 43 57
-724 398 36 56 66
-738 255 45 43 82
-754 188 51 55 66
-857 92 43 60 57
-719 255 56 36 63
-887 64 39 42 63
-852 291 47 39 73
-726 82 59 45 55
-899 341 47 43 55
-728 330 45 50 65
-843 451 57 45 60
-705 113 38 55 85
-715 257 37 36 64
-724 363 57 53 81
-803 282 48 57 71
-779 33 40 57 65
-811 41 59 58 68
-704 223 44 37 89
-818 247 36 59 51
-857 332 53 40 54
-863 196 48 42 70
-777 281 46 39 79
-747 400 36 48 88
-761 442 39 59 56
-871 373 38 41 87
-744 192 56 46 61
-894 363 43 56 82
-899 10 46 44 68
-747 218 46 38 78
-780 181 60 37 90
-780 483 54 58 80
-810 131 58 49 89
-868 457 50 57 79
-781 461 56 43 65
-814 450 55 43 71
-730 137 39 60 63
-770 205 36 59 83
-788 493 43 58 76
-863 443 53 53 54
-860 367 43 52 90
-838 3 58 58 54
-879 206 57 36 76
-715 179 42 51 75
-749 173 42 41 83
-812 136 52 53 78
-807 279 36 36 80
-861 462 50 60 67
-708 412 56 36 67
-700 453 53 47 80
-844 85 37 59 87
-721 496 46 51 56
-813 303 59 37 76
-802 54 40 42 53
-791 385 48 56 75
-838 172 36 46 52
-728 23 49 59 62
-727 340 39 52 82
-766 298 57 37 59
-725 89 36 52 83
-843 43 52 49 75
-835 374 54 49 86
-898 451 38 43 77
-715 492 37 58 77
-811 372 60 40 63
-794 402 56 37 53
-722 100 45 50 71
-867 134 39 43 81
-716 347 38 54 79
-736 121 50 48 82
-869 265 55 38 64
-725 24 59 44 54
-799 237 43 49 84
-786 345 46 56 67
-788 223 60 59 87
-728 493 43 36 52
-790 209 38 53 52
-839 102 41 41 69
-765 311 48 53 79
-815 72 51 54 80
-888 61 52 54 69
-839 197 41 59 86
-803 322 42 50 69
-757 160 54 56 85
-818 47 58 56 79
-900 37 60 38 58
-797 438 60 44 64
-801 180 36 51 70
-757 31 59 53 69
-733 281 48 60 53
-820 283 60 56 60
-789 40 59 44 72
-706 54 57 47 87
-724 419 56 56 65
-788 6 38 37 74
-771 181 41 57 62
-803 34 59 59 55
-744 62 57 39 89
-840 200 59 42 71
-814 52 59 39 77
-896 309 50 47 77
-737 116 42 39 66
-711 271 57 37 71
-856 91 43 48 86
-854 127 51 52 89
-889 169 36 49 57
-743 33 52 40 70
-810 5 50 50 59
-714 484 54 38 68
-859 192 57 57 80
-763 138 43 59 51
-861 98 42 38 57
-738 309 36 39 59
-737 213 38 50 67
-882 212 37 43 89
-779 379 47 53 61
-743 59 37 58 73
-769 280 53 52 64
-761 311 58 52 59
-749 123 59 39 66
-896 181 57 60 72
-790 174 50 42 69
-794 112 56 53 66
-821 338 45 47 54
-842 386 40 40 68
-700 122 47 49 73
-873 438 54 53 54
-782 163 39 58 85
-708 452 41 52 76
-830 107 45 36 85
-822 7 50 55 54
-700 250 60 51 62
-826 412 54 44 53
-758 168 52 58 60
-821 201 45 37 70
-703 108 37 49 90
-739 479 43 50 52
-892 196 58 60 78
-810 197 38 46 53
-721 199 38 58 76
-781 175 48 37 71
-792 269 53 54 52
-727 21 42 48 63
-897 325 59 49 59
-705 430 60 41 65
-810 448 43 49 68
-839 174 53 41 53
-709 409 41 36 76
-854 203 37 59 80
-868 216 37 55 60
-742 234 48 39 79
-820 6 37 37 59
-809 307 54 42 85
-848 384 40 48 84
-843 15 44 59 58
-896 409 46 40 80
-849 300 37 42 55
-709 306 42 48 85
-711 417 52 48 68
-708 382 43 38 55
-773 257 60 44 83
-879 74 47 57 70
-710 403 52 51 73
-783 234 47 56 88
-888 55 39 52 84
-880 408 57 47 70
-737 1 52 53 65
-700 59 40 37 70
-887 320 36 60 82
-728 466 37 42 61
-701 250 51 42 87
-882 320 45 59 76
-761 333 55 42 74
-784 178 60 46 76
-856 440 44 47 88
-717 260 46 56 66
-811 137 48 57 66
-759 396 39 50 83
-862 237 40 41 70
-841 279 47 54 54
-850 321 45 55 79
-702 340 38 46 66
-796 285 53 60 80
-714 445 52 39 54
-882 0 41 53 53
-865 59 39 39 55
-782 174 43 51 80
-735 412 38 51 59
-874 139 48 48 90
-819 504 56 43 71
-807 345 56 40 80
-783 269 56 47 88
-750 171 44 41 71
-872 51 36 46 57
-834 295 58 56 90
-728 142 39 51 88
-717 248 41 50 68
-711 9 47 57 76
-770 168 55 55 66
-817 31 40 36 62
-735 110 52 60 63
-726 419 59 49 66
-883 120 53 48 82
-785 378 60 36 62
-814 310 50 43 72
-877 126 52 51 61
-741 263 40 37 57
-789 157 45 41 74
-758 266 57 54 51
-735 471 40 57 54
-771 43 51 57 73
-712 160 46 43 56
-793 466 46 47 58
-765 356 46 45 53
-735 125 37 47 75
-897 148 41 40 63
-803 232 50 50 63
-723 99 59 39 75
-708 373 47 60 80
-760 491 52 36 73
-855 192 60 41 75
-840 167 39 37 75
-853 236 55 52 55
-736 337 45 47 75
-756 305 57 40 86
-748 393 51 56 80
-829 179 40 40 70
-877 420 36 41 89
-718 55 46 50 51
-817 285 51 49 65
-791 457 58 51 87
-817 332 39 39 69
-745 205 37 38 78
-798 251 38 39 80
-711 187 36 37 88
-850 247 41 53 62
-821 283 36 42 77
-897 321 58 49 90
-799 10 41 37 71
-782 245 58 57 86
-880 298 46 60 80
-755 170 50 46 87
-740 67 38 50 64
-865 396 38 38 61
-836 232 58 44 78
-899 185 51 39 65
-891 361 41 51 83
-817 262 48 48 74
-896 271 45 44 61
-721 400 52 48 74
-737 94 51 45 62
-802 291 52 47 80
-851 375 55 47 77
-832 404 60 55 86
-866 368 44 54 68
-811 97 46 45 78
-870 7 50 45 66
-809 402 59 38 73
-754 272 50 38 89
-873 371 51 50 71
-756 1 43 45 84
-825 200 48 39 90
-788 34 41 48 60
-817 72 42 46 56
-850 469 51 43 68
-799 326 51 47 85
-856 48 58 52 87
-707 314 43 50 57
-721 140 44 58 85
-749 324 47 39 64
-897 56 44 43 61
-794 19 57 49 52
-833 259 54 46 68
-813 30 53 44 52
-707 265 56 39 88
-877 271 49 56 65
-838 263 50 58 53
-845 394 45 55 51
-863 63 43 56 77
-839 419 51 59 67
-837 225 54 43 68
-861 110 44 36 65
-861 159 49 42 70
-894 362 38 59 83
-756 91 50 40 52
-822 58 60 41 84
-874 249 59 38 60
-750 403 40 56 51
-705 424 41 40 55
-891 209 51 48 78
-737 216 43 41 55
-815 227 50 46 62
-784 269 47 39 75
-738 225 60 47 59
-881 17 59 60 67
-750 381 41 48 51
-727 214 44 45 60
-721 308 40 44 84
-899 74 57 43 65
-881 223 43 40 74
-840 16 60 49 52
-778 158 57 56 58
-737 450 43 51 87
-876 264 55 53 62
-900 382 59 42 76
-880 401 49 40 87
-797 17 58 55 53
-740 473 46 57 57
-883 342 51 51 69
-711 352 40 59 79
-783 473 60 58 60
-893 109 46 53 69
-873 398 45 41 71
-816 328 48 44 61
-833 260 36 55 76
-739 398 57 45 55
-813 456 56 58 60
-856 465 55 55 64
-884 365 40 36 74
-738 201 46 60 55
-736 394 49 48 74
-728 69 38 57 61
-774 438 60 40 68
-829 184 52 51 59
-854 320 41 48 60
-885 132 41 42 70
-747 419 38 43 75
-783 476 42 44 90
-756 232 53 59 52
-756 24 58 50 73
-831 146 53 42 51
-846 226 44 49 85
-726 228 60 38 86
-785 139 48 44 53
-761 184 47 53 82
-892 108 59 47 72
-769 87 54 45 75
-707 476 59 46 62
-737 480 36 59 66
-851 274 58 55 63
-733 130 51 40 88
-837 406 41 46 80
-816 300 50 49 60
-783 258 49 50 77
-715 122 46 44 83
-705 152 36 60 80
-715 27 38 59 60
-805 289 40 44 63
-845 127 59 47 58
-766 14 41 42 71
-900 190 57 56 66
-854 155 36 48 61
-734 152 58 36 79
-853 288 43 51 72
-750 27 50 42 52
-848 339 41 57 89
-702 402 41 44 83
-852 498 49 50 82
-765 20 49 53 85
-781 448 54 58 57
-898 3 57 48 86
-888 440 51 39 88
-866 98 41 37 89
-729 56 39 43 86
-840 255 50 57 56
-849 480 48 41 76
-881 142 39 40 73
-848 366 59 42 88
-739 331 52 46 70
-773 191 57 59 51
-737 189 52 36 69
-851 447 37 37 58
-740 58 57 48 84
-714 324 40 46 83
-811 295 51 60 58
-728 123 37 41 55
-742 61 37 57 60
-838 224 44 51 56
-756 26 39 56 65
-835 481 42 59 87
-850 64 58 47 88
-816 356 39 44 68
-784 21 42 53 65
-876 182 51 41 83
-718 402 59 58 90
-761 132 52 55 61
-771 357 40 53 51
-826 91 60 55 76
-726 382 57 50 61
-828 278 54 40 89
-760 140 39 46 63
-885 402 55 54 83
-709 187 51 57 62
-709 278 49 43 77
-848 440 38 60 55
-706 447 43 59 66
-727 242 43 47 52
-879 69 52 52 52
-843 407 56 37 88
-739 408 42 52 72
-739 168 45 39 81
-813 361 39 54 76
-805 144 37 46 89
-880 274 60 42 75
-783 295 40 58 52
-763 111 44 48 83
-811 360 55 44 82
-795 459 50 49 87
-780 427 43 39 77
-704 158 42 48 63
-727 260 47 59 73
-793 246 42 49 83
-709 366 56 47 76
-763 471 41 59 60
-807 62 39 51 67
-758 358 42 49 59
-808 80 37 55 78
-728 406 58 46 87
-764 67 47 48 76
-807 99 56 46 89
-783 33 42 37 76
-866 17 56 37 71
-816 318 52 59 85
-777 178 55 37 69
-731 204 52 40 57
-822 424 42 41 84
-789 235 48 50 65
-713 177 59 51 60
-719 461 51 51 80
-803 80 43 40 57
-780 208 40 40 60
-822 215 47 55 70
-877 240 43 51 88
-817 176 51 37 68
-830 90 57 49 73
-777 453 58 42 64
-867 393 36 47 77
-763 218 37 42 85
-748 405 57 48 54
-866 403 44 43 72
-829 88 49 41 59
-809 412 37 60 51
-741 105 47 41 78
-824 186 55 50 72
-857 489 36 51 73
-805 320 40 44 66
-893 301 46 56 58
-807 259 38 60 66
-894 142 36 39 88
-854 419 36 36 81
-783 421 55 47 69
-723 49 42 60 90
-829 158 53 48 86
-712 150 38 38 73
-753 424 60 39 66
-818 159 41 52 51
-810 106 57 60 59
-799 424 58 51 65
-843 256 60 54 83
-824 273 40 57 64
-809 299 60 42 71
-735 228 58 47 70
-727 429 50 37 57
-811 110 39 38 60
-860 41 60 40 62
-798 443 59 49 78
-711 282 50 51 51
-851 483 52 36 68
-849 27 59 58 65
-836 102 40 46 76
-802 331 42 42 76
-707 199 59 36 71
-782 264 37 52 82
-887 75 43 36 78
-888 282 50 43 77
-754 142 45 38 57
-816 147 37 48 75
-788 419 38 58 83
-806 185 47 53 84
-870 140 37 46 52
-714 380 51 51 83
-776 145 55 42 57
-746 499 56 54 56
-702 480 57 37 61
-783 61 43 38 86
-707 441 42 42 83
-859 127 36 48 74
-870 446 42 41 57
-840 37 54 50 64
-894 151 56 55 89
-756 342 44 39 81
-834 199 47 60 83
-895 268 56 51 69
-845 282 57 57 55
-738 42 57 59 89
-783 71 50 46 86
-733 457 54 40 80
-727 137 38 36 56
-788 500 36 60 81
-735 488 51 41 83
-884 421 41 60 54
-785 142 44 38 85
-841 166 57 60 80
-873 150 58 55 65
-787 503 40 43 77
-760 120 54 42 70
-836 226 49 57 51
-746 411 59 51 58
-839 53 58 52 54
-896 462 44 60 74
-882 79 46 48 69
-779 66 46 45 69
-892 398 44 49 68
-791 385 38 55 58
-716 210 43 53 58
-801 1 56 48 62
-884 496 51 42 64
-790 491 42 51 72
-734 350 42 48 66
-835 183 47 57 66
-900 469 37 43 67
-848 241 40 57 78
-708 465 41 46 79
-864 199 54 42 64
-760 497 50 58 71
-791 404 41 56 73
-712 179 56 45 51
-777 242 56 57 66
-799 158 44 45 57
-797 328 37 51 85
-721 469 56 49 80
-875 29 56 39 57
-732 268 38 41 62
-790 423 41 44 51
-780 382 39 48 61
-796 349 51 48 79
-740 173 52 45 81
-738 493 39 60 62
-765 477 50 59 82
-848 283 52 50 87
-725 265 59 50 55
-703 352 36 36 52
-852 487 53 52 80
-713 417 43 46 72
-780 36 44 43 71
-730 407 42 58 80
-819 257 57 44 71
-850 90 45 55 80
-808 344 45 41 56
-888 447 46 49 52
-705 72 52 41 77
-786 385 58 41 75
-843 66 45 45 65
-810 54 39 58 53
-835 25 50 40 88
-772 201 40 41 59
-772 201 40 58 79
-711 94 59 56 56
-816 195 48 44 80
-790 49 54 48 90
-895 370 48 46 70
-891 278 48 44 81
-732 91 42 36 52
-749 348 54 44 51
-844 499 39 54 63
-857 351 44 52 75
-823 358 37 56 71
-722 136 54 38 80
-884 451 45 60 58
-799 219 48 60 81
-710 23 53 47 79
-900 436 55 57 77
-889 459 45 60 56
-823 318 54 47 52
-805 81 39 39 81
-760 224 44 60 74
-874 2 57 43 79
-795 266 55 47 55
-751 237 44 45 52
-776 156 42 56 86
-897 352 56 39 83
-804 217 46 39 76
-893 56 42 53 71
-811 209 58 37 64
-798 317 42 47 61
-846 462 50 39 82
-832 414 51 51 90
-774 294 41 36 88
-811 237 41 53 83
-782 478 45 37 63
-727 255 52 40 86
-818 498 41 39 51
-763 300 54 45 51
-787 444 46 36 80
-738 72 45 38 81
