726
68 92 95 85 12
1000
661 525 51 58 53
686 195 58 50 63
561 345 38 49 86
623 67 52 60 88
567 343 44 55 69
598 581 60 52 52
677 269 60 56 78
538 331 49 53 73
554 143 53 50 80
655 580 44 49 75
684 72 42 52 51
667 152 47 52 49
618 71 49 58 68
626 463 60 56 62
615 143 57 46 87
687 129 47 51 79
657 105 53 45 67
574 465 49 55 66
604 499 41 59 69
655 411 48 48 84
570 163 36 36 50
622 82 42 37 48
589 87 38 58 87
565 480 44 50 54
693 259 41 46 47
530 402 57 44 46
602 60 60 39 76
543 247 36 45 55
533 226 51 49 49
663 595 51 46 70
671 186 60 41 79
556 226 38 36 68
550 189 54 59 76
516 550 55 44 58
671 145 37 42 80
590 419 49 55 53
581 356 37 54 81
598 266 40 38 59
500 42 39 41 86
539 399 43 36 50
616 109 59 55 78
577 230 54 57 71
517 153 54 55 59
514 548 59 41 72
504 467 52 53 54
616 469 55 44 72
602 188 45 52 53
625 364 47 51 77
510 383 48 50 76
585 260 48 45 74
621 377 55 59 49
552 43 48 59 62
549 580 39 42 55
677 432 50 49 70
625 161 60 57 69
542 176 57 44 55
692 413 51 40 68
648 305 58 38 46
641 41 57 46 53
510 204 40 38 46
569 51 40 51 52
693 557 56 59 62
674 379 36 39 51
564 167 51 50 85
542 346 55 57 57
676 626 48 54 84
576 350 40 37 50
545 587 44 39 62
661 31 40 53 51
657 476 41 53 67
554 572 47 50 55
653 349 54 45 60
584 509 46 49 87
625 193 55 50 47
591 505 47 46 63
511 604 38 55 88
511 492 44 58 68
526 405 53 43 46
647 338 55 50 87
518 73 41 42 75
645 213 48 59 46
561 585 44 44 75
647 174 52 59 50
648 157 48 48 79
611 452 55 56 57
635 564 44 60 67
553 590 55 56 76
601 387 40 41 76
550 226 45 41 71
623 53 46 46 60
544 185 40 36 45
511 1 45 42 72
651 400 41 42 81
537 8 51 39 51
561 125 55 39 74
673 267 46 39 72
599 351 38 46 64
529 574 40 42 58
667 535 46 42 79
563 623 39 51 47
575 188 41 48 52
678 197 36 57 86
510 201 39 50 55
616 513 47 60 70
659 211 42 52 80
657 190 52 57 60
563 498 44 54 56
554 572 37 59 49
695 32 37 42 81
559 513 41 60 86
609 584 49 54 87
648 32 59 56 68
694 379 41 56 75
649 208 57 58 46
677 236 46 49 76
624 320 46 40 77
638 416 41 54 87
686 235 56 51 76
544 428 36 46 66
555 350 46 46 70
631 183 47 57 86
662 328 43 48 45
686 443 45 37 84
602 66 47 44 85
573 280 59 50 68
599 343 56 42 88
672 460 41 60 84
592 40 51 37 48
675 301 44 60 85
687 499 59 43 63
601 431 36 44 88
610 212 43 43 47
562 199 53 60 52
619 64 55 43 63
593 542 59 36 71
541 333 53 50 49
568 494 36 50 71
677 149 39 36 45
519 593 58 57 61
643 336 52 47 86
513 15 45 40 47
515 466 41 40 46
675 276 41 49 68
574 433 42 59 72
553 83 48 45 61
631 226 59 42 67
657 211 40 42 52
686 469 53 41 49
665 557 49 58 45
573 411 41 37 74
527 452 52 47 50
508 301 57 39 48
583 540 53 53 59
552 276 55 39 60
659 103 51 51 45
620 175 59 58 64
519 21 41 52 53
620 313 41 54 63
650 544 42 39 64
674 198 54 57 69
634 134 52 52 61
591 392 47 47 64
594 360 43 60 68
605 253 45 46 80
601 494 51 56 67
668 110 55 54 62
654 63 49 55 51
559 62 57 50 55
528 196 57 42 46
569 159 40 55 55
652 575 49 47 59
606 199 51 47 73
635 338 49 52 51
639 34 60 46 81
626 82 57 58 86
519 337 51 41 79
579 479 43 52 87
650 399 58 59 85
564 469 43 36 85
559 546 52 50 63
682 270 53 48 73
685 532 56 37 75
581 561 54 56 63
505 58 53 53 87
667 172 54 51 68
542 349 51 50 45
650 401 36 59 68
542 166 58 53 50
677 265 49 43 75
521 544 53 44 54
581 309 52 39 72
587 284 43 43 52
586 565 59 53 46
646 148 46 56 77
646 588 52 45 72
539 138 48 52 72
559 145 41 57 60
524 121 37 54 75
625 612 44 58 75
537 131 51 37 75
691 601 38 38 52
697 128 55 43 62
594 405 37 39 81
577 329 43 50 80
586 409 40 49 76
519 50 43 40 82
692 447 45 58 52
503 544 49 36 46
575 390 39 58 66
502 17 38 56 65
699 444 37 56 84
615 13 36 48 86
597 221 48 43 73
564 323 45 41 61
663 106 45 40 59
550 200 47 58 53
577 286 54 54 83
632 18 46 36 62
644 99 53 36 77
607 412 47 49 75
520 70 43 56 75
639 195 53 37 83
626 415 43 36 55
603 588 45 45 51
586 554 38 57 54
525 514 48 45 61
600 335 46 44 47
530 292 48 59 60
507 123 50 41 48
529 215 46 46 71
531 203 54 41 63
699 111 48 37 53
596 625 43 51 68
567 151 50 39 61
641 341 52 37 87
683 231 39 51 48
560 0 43 58 64
556 307 50 39 51
666 288 57 44 76
564 565 46 37 48
505 156 36 41 88
553 534 58 43 74
612 180 48 38 76
584 369 46 43 55
606 262 36 56 53
680 191 46 53 55
657 360 54 60 80
550 465 36 52 80
640 451 57 37 63
699 76 51 45 52
665 31 56 37 74
649 55 48 38 87
612 256 59 56 72
695 613 44 39 85
517 209 53 39 52
530 182 41 43 65
556 461 57 44 56
561 574 56 47 48
602 249 43 37 45
583 397 60 49 83
669 611 38 50 58
696 265 54 36 84
530 391 49 42 74
614 13 56 44 49
570 97 46 42 73
612 294 42 45 48
571 498 42 43 54
517 46 48 44 57
673 570 48 42 52
660 612 51 58 55
607 6 53 45 80
686 427 42 54 45
537 142 45 49 86
525 80 42 48 45
653 369 46 43 58
597 390 40 43 78
667 456 46 53 55
653 531 49 43 56
608 263 47 46 79
697 271 51 46 59
511 125 36 56 81
651 300 53 51 82
537 235 44 58 76
600 24 40 60 78
609 465 39 43 87
518 62 39 58 76
671 368 41 55 60
509 159 48 52 59
519 377 40 50 64
522 451 57 52 87
637 103 57 48 67
640 100 51 36 71
570 130 60 40 55
676 48 59 56 83
602 553 50 54 58
597 473 58 50 64
531 450 52 47 52
678 508 60 47 48
611 578 47 46 45
644 139 58 38 46
679 94 53 44 83
580 558 60 36 54
697 415 43 45 49
600 332 37 50 69
518 377 40 57 53
550 78 43 43 45
648 614 54 55 68
523 46 59 37 59
693 536 38 45 45
550 16 37 52 58
579 151 46 45 52
552 190 53 46 63
698 427 41 56 79
556 482 52 48 78
700 527 36 48 69
613 42 56 37 75
646 231 57 48 88
506 536 39 38 79
652 428 40 45 51
615 403 59 45 75
665 388 40 42 70
616 169 52 59 50
660 466 58 42 76
588 77 52 40 54
581 392 52 47 63
598 132 49 51 60
570 600 50 41 74
676 341 45 48 69
681 234 58 51 50
630 302 55 50 49
641 325 49 43 76
626 327 60 56 72
625 350 56 42 66
671 168 51 37 51
534 485 36 42 55
607 483 46 39 45
534 482 57 37 64
602 414 52 57 87
647 248 47 51 73
631 351 46 49 66
544 21 48 49 71
637 163 38 37 88
648 189 58 58 71
531 189 55 46 50
574 316 50 54 74
690 293 47 53 64
677 451 57 50 88
589 162 60 38 87
676 248 36 42 47
524 388 52 42 64
654 505 51 47 50
664 462 50 40 83
512 378 43 37 83
584 87 46 51 76
561 498 56 59 76
603 161 47 41 85
562 505 50 50 46
630 188 39 47 75
685 598 47 50 69
505 271 53 42 69
661 620 58 44 76
632 432 60 39 46
550 363 37 43 64
582 479 51 55 51
631 12 49 50 53
569 145 36 46 80
650 300 57 55 62
615 295 38 53 52
693 88 52 36 63
637 461 45 49 62
511 276 41 44 54
539 413 50 50 50
586 87 49 51 67
587 117 59 53 77
515 254 38 58 88
640 529 58 55 62
535 87 47 47 55
625 32 48 40 57
508 543 49 40 66
636 467 47 50 58
631 407 45 45 51
602 191 55 42 62
643 512 44 56 63
528 408 60 50 66
563 152 52 56 53
621 623 38 51 53
632 77 36 54 76
697 585 55 46 80
646 203 49 44 47
505 92 38 38 64
621 93 59 44 69
621 534 57 49 66
592 23 54 41 49
571 103 56 56 59
686 360 57 37 65
574 441 57 56 71
541 562 52 59 72
629 365 46 57 76
537 572 60 36 46
697 291 41 38 47
694 91 49 37 86
518 108 45 57 79
504 437 43 49 78
551 542 59 47 76
600 110 44 39 87
562 243 41 48 47
563 379 55 54 79
558 596 38 59 55
636 375 60 41 61
685 444 57 53 64
586 562 45 37 50
576 363 36 55 68
539 43 44 49 52
522 57 41 44 81
649 303 42 52 75
506 213 56 60 85
656 618 58 58 58
534 71 57 47 75
695 553 49 54 51
556 75 48 43 58
526 309 47 59 75
545 441 39 38 80
690 327 56 54 48
575 34 50 58 62
531 615 58 51 57
618 303 48 48 82
693 259 49 51 78
620 102 57 43 76
513 187 45 47 86
606 610 41 43 63
560 75 55 36 67
666 216 52 54 84
523 469 37 49 82
550 40 51 59 66
684 288 50 53 54
528 408 40 54 80
659 371 48 51 79
694 302 45 37 53
523 82 48 49 64
526 271 38 51 79
509 348 58 53 52
578 316 40 57 78
693 60 36 54 76
585 430 37 44 77
670 413 57 41 64
599 245 38 37 65
635 475 36 58 45
548 74 52 40 70
700 96 44 51 77
631 315 59 47 87
601 578 57 47 70
541 523 45 56 57
585 343 44 46 49
676 85 51 45 85
628 391 54 42 67
564 12 39 53 72
512 107 43 41 60
631 527 45 53 80
556 437 50 42 67
590 568 43 37 45
525 216 46 47 79
699 291 47 47 81
588 409 48 55 53
674 356 45 51 73
691 194 58 38 45
640 349 56 36 86
698 544 36 44 60
684 168 60 39 78
654 23 57 58 69
582 271 47 52 63
541 222 38 49 74
629 448 49 51 76
591 33 50 50 68
564 243 58 42 55
658 165 38 56 49
582 150 47 47 84
529 554 43 57 53
652 290 60 56 62
658 99 41 45 67
643 165 42 52 84
516 143 39 53 82
692 510 55 60 48
644 57 57 40 48
611 243 49 56 51
518 599 42 54 78
646 105 36 38 68
591 203 56 46 50
642 435 49 42 49
646 372 53 57 74
542 12 44 45 88
578 389 49 59 68
571 146 58 44 47
615 48 48 59 57
601 147 39 57 70
696 92 57 50 48
626 338 56 50 57
677 487 55 55 61
623 361 53 46 51
523 564 48 56 83
584 238 38 47 49
591 222 51 45 47
500 300 51 59 73
505 573 38 47 67
587 226 43 56 61
606 600 60 51 57
537 206 43 45 74
614 591 41 53 65
501 520 56 56 86
637 597 54 51 68
665 413 45 41 76
659 46 58 52 64
501 195 57 58 59
661 343 50 56 77
624 30 57 43 71
674 475 49 53 58
666 620 51 45 85
511 606 45 46 58
546 278 56 53 86
572 99 43 56 49
620 487 56 50 52
510 394 41 46 79
695 495 57 50 83
610 37 51 54 58
578 413 47 48 82
697 477 56 54 74
691 221 50 46 66
542 561 38 58 51
510 369 52 47 57
684 140 39 45 60
516 547 45 51 50
671 77 57 57 88
511 308 56 47 79
533 155 39 40 45
521 159 40 40 46
616 370 53 44 81
684 526 45 54 83
664 238 39 57 72
595 157 40 38 79
510 212 39 53 66
515 558 55 38 79
500 338 46 60 84
505 306 46 59 67
698 191 39 51 87
611 250 55 54 80
553 206 56 48 71
655 172 39 39 55
642 517 54 57 59
523 288 40 53 46
656 617 56 42 80
622 376 39 59 85
631 188 54 56 60
611 328 53 36 81
502 620 41 56 72
502 91 48 51 52
669 15 36 48 69
514 268 43 43 66
606 32 42 60 59
553 624 43 50 65
569 526 41 38 56
659 560 50 60 59
600 326 56 41 80
689 300 42 47 71
669 199 45 53 50
676 97 56 45 66
514 2 43 43 52
589 84 49 57 56
520 62 37 54 82
560 360 41 46 88
574 400 48 46 67
629 59 50 59 67
536 601 44 59 50
532 338 48 55 59
671 146 44 57 66
659 574 47 55 67
608 293 43 43 62
582 127 54 51 50
529 362 42 43 86
543 568 37 57 53
544 478 60 60 51
649 206 36 39 56
613 542 38 59 77
639 93 50 58 47
645 397 58 59 59
599 494 41 45 88
679 207 44 43 55
619 441 52 38 68
609 218 41 57 76
547 603 47 39 47
620 458 53 40 87
625 509 47 46 79
623 589 49 40 45
656 496 47 55 45
657 207 51 37 68
551 513 60 51 45
622 171 41 52 54
606 385 59 45 55
651 626 39 56 88
668 486 37 48 58
650 367 44 56 84
646 8 37 38 78
665 264 36 37 64
590 453 48 50 78
652 582 37 38 73
555 398 47 58 65
697 114 58 36 86
583 554 53 53 88
654 513 48 58 79
559 3 56 53 65
611 270 51 51 68
647 1 44 44 76
591 6 39 39 47
680 54 42 59 65
631 172 38 40 53
643 397 56 50 46
521 545 53 50 69
564 290 58 45 66
500 372 60 52 74
575 502 49 55 70
528 197 58 42 47
525 459 45 39 60
606 223 36 51 71
626 450 44 48 64
549 502 40 58 88
543 101 47 53 47
502 276 51 59 65
668 36 39 40 49
550 388 53 42 47
528 259 46 50 49
518 87 37 50 73
636 277 58 55 72
503 439 60 59 76
549 515 51 55 77
623 165 39 45 86
644 437 36 50 59
620 530 37 53 66
513 423 57 39 74
616 206 50 43 79
532 578 45 52 50
561 270 48 45 79
535 520 36 51 73
647 554 59 54 80
698 604 49 49 46
676 553 43 60 58
648 459 57 49 50
545 140 55 44 84
625 417 59 52 47
586 391 49 49 72
672 206 45 44 78
577 10 57 57 80
625 212 50 42 88
582 72 42 39 59
654 132 40 49 58
599 246 40 36 79
516 380 41 55 48
666 8 57 38 71
668 229 58 50 59
626 527 43 56 77
587 306 55 50 46
545 545 51 46 57
624 400 46 53 66
636 50 43 53 86
659 4 37 54 54
546 452 36 47 54
640 414 42 36 47
680 28 37 50 49
630 458 37 50 67
608 358 38 36 49
647 455 45 42 66
635 602 47 60 86
593 433 36 60 69
591 164 54 36 87
530 415 38 45 79
662 167 52 41 50
632 501 53 55 71
525 587 59 52 85
695 99 49 59 55
692 127 54 60 69
678 608 53 43 87
621 275 53 60 55
625 214 42 56 72
661 76 51 42 61
615 54 56 58 62
621 558 51 51 75
526 106 43 39 85
552 447 52 59 62
583 432 40 51 79
694 379 59 58 79
670 109 36 38 59
640 462 45 59 50
646 246 59 37 72
667 446 47 60 57
627 466 53 45 84
661 86 42 45 56
558 42 53 38 80
555 575 58 50 54
691 592 47 47 86
580 215 55 59 65
671 124 53 49 53
630 133 44 54 87
623 469 36 37 65
547 312 59 40 71
646 415 36 43 85
688 142 60 51 85
557 375 54 57 82
592 472 36 53 86
633 508 37 58 56
644 385 45 46 51
596 142 49 49 55
594 313 45 59 76
556 583 47 58 61
691 413 50 56 77
683 179 47 49 80
583 472 41 51 86
603 263 50 47 53
500 472 45 59 47
654 77 44 50 81
626 388 56 46 45
665 390 49 55 58
683 141 55 46 80
619 340 48 41 82
662 173 56 42 46
645 76 60 56 57
694 404 58 44 62
656 232 55 60 88
585 9 49 38 46
647 218 46 59 46
616 462 52 48 76
661 206 52 60 69
647 298 60 39 79
593 449 41 47 78
563 91 36 44 71
655 599 42 54 50
598 261 52 57 81
632 461 36 55 59
578 154 45 53 70
520 267 58 57 71
617 278 56 48 68
680 41 47 48 77
535 580 54 45 72
616 252 54 43 60
576 593 50 38 83
684 486 56 47 72
563 614 46 40 59
686 567 58 39 67
503 422 41 38 81
512 19 54 50 61
561 4 59 45 88
651 366 42 46 61
584 467 50 58 52
539 228 38 36 59
636 204 53 44 50
693 24 37 39 53
515 403 45 38 75
633 246 39 44 54
527 318 52 54 53
678 370 49 54 54
504 8 49 44 66
580 411 45 58 72
589 508 56 40 76
688 473 42 56 84
615 511 39 44 85
532 277 58 41 45
557 592 41 50 50
596 532 53 50 63
583 459 38 55 61
650 613 60 53 81
643 119 42 52 78
697 209 47 56 88
627 496 45 49 53
606 164 38 46 77
534 406 54 43 73
625 211 53 38 76
691 507 51 42 48
608 381 49 53 86
618 314 53 54 78
545 228 40 53 64
546 0 39 51 72
578 551 37 56 69
567 600 56 44 49
672 324 40 37 58
547 580 56 37 50
665 289 55 45 83
630 132 56 51 77
601 415 47 37 47
518 539 60 52 88
583 84 37 50 82
594 604 42 52 65
653 578 36 50 69
575 512 46 54 45
613 558 53 51 63
605 233 39 58 50
618 573 48 49 52
572 293 43 36 77
659 455 42 59 63
561 387 50 52 71
640 264 45 40 66
590 323 49 36 47
511 451 53 44 56
629 620 42 41 48
640 432 58 51 63
599 38 44 60 83
658 354 42 41 68
600 310 48 60 73
699 279 44 43 88
518 224 58 53 75
553 582 46 54 77
503 280 60 43 72
650 397 45 41 83
693 414 48 53 70
676 239 44 50 45
685 443 44 56 47
609 293 50 58 52
590 489 51 44 56
574 207 53 44 62
640 530 54 54 49
598 355 45 37 56
646 83 41 51 82
669 275 50 43 70
548 167 54 58 78
529 106 58 46 86
606 540 40 58 50
563 127 48 57 61
694 606 49 57 85
655 135 39 48 48
669 234 52 37 50
688 624 59 57 83
653 403 38 37 86
699 98 42 50 84
580 311 54 48 66
670 449 38 56 48
695 225 57 39 54
679 325 59 51 67
696 226 58 37 52
578 191 57 57 63
520 183 57 39 77
684 357 60 50 56
598 223 37 38 50
528 607 59 57 59
523 85 52 44 86
681 91 47 55 49
569 399 55 37 47
596 501 51 53 82
509 237 49 46 57
679 498 48 45 79
696 120 49 49 69
523 33 36 55 57
648 398 45 51 49
602 502 48 59 52
631 471 43 57 83
621 31 55 50 81
581 603 60 44 57
600 25 39 49 82
683 616 60 43 47
653 271 49 43 71
639 576 59 58 87
684 97 51 42 80
532 568 48 55 56
507 467 42 53 70
674 587 58 53 68
635 251 41 38 68
558 591 40 55 71
509 339 39 41 50
598 373 57 60 67
537 293 51 46 53
680 36 44 48 47
574 487 41 38 78
639 55 59 48 76
638 275 53 49 75
509 116 53 54 67
573 77 60 39 59
681 48 58 56 80
535 399 48 47 65
541 260 58 53 47
609 166 43 42 84
681 290 42 45 79
578 119 56 41 87
666 336 56 57 55
652 518 42 38 74
619 565 43 39 55
536 386 48 39 87
687 310 36 45 88
554 176 58 57 73
520 308 39 46 85
566 262 43 44 82
522 281 56 44 49
639 414 48 44 69
609 538 54 49 62
673 377 42 38 77
602 278 48 46 87
646 197 41 40 47
525 559 47 57 52
518 346 40 51 48
532 493 49 38 85
612 276 48 48 76
505 236 37 53 78
589 16 44 41 55
646 218 39 55 64
670 455 42 58 60
533 9 54 54 46
638 281 60 58 50
553 477 47 54 82
513 384 50 53 72
595 571 54 51 62
580 382 36 36 83
694 54 48 46 54
510 233 59 44 82
699 509 50 37 54
532 387 45 57 63
525 398 52 49 56
538 217 54 56 82
654 543 49 37 45
542 467 48 56 50
620 364 51 51 58
664 603 51 46 78
695 320 38 59 75
614 209 60 53 65
622 225 60 44 63
672 430 48 47 63
526 563 43 49 75
652 209 52 53 66
561 448 45 47 67
647 555 38 44 63
625 54 40 43 63
542 552 50 48 58
671 535 40 40 74
629 455 37 47 67
600 185 41 43 85
543 444 55 39 55
523 178 59 43 87
639 225 43 47 46
620 603 53 46 76
667 17 47 49 85
675 535 42 42 45
502 511 51 52 48
583 47 60 50 63
640 254 60 46 47
579 379 43 54 72
616 423 46 46 53
532 388 59 49 58
650 359 60 50 72
589 1 59 58 48
666 244 53 48 54
509 328 47 49 53
609 369 47 52 56
616 347 48 52 84
687 385 60 36 73
583 602 48 51 46
600 159 49 42 74
626 340 52 48 66
510 496 45 57 58
556 254 41 41 59
507 144 36 59 55
653 76 43 51 69
696 219 60 43 77
653 243 54 39 88
662 119 47 59 59
582 598 53 44 48
531 194 58 39 64
519 481 44 46 54
615 532 41 49 64
600 318 47 40 45
574 491 40 49 59
508 606 58 51 49
564 190 56 36 60
579 238 52 50 54
579 20 41 50 46
555 30 53 43 49
679 446 57 43 50
647 181 40 46 66
591 459 49 49 48
522 214 56 39 61
684 520 52 42 54
621 278 37 43 88
543 126 48 52 64
502 391 48 59 81
572 213 52 40 62
511 462 46 37 74
599 339 48 56 49
532 134 37 43 46
546 305 39 41 88
645 540 38 58 70
643 621 39 37 56
630 501 56 38 88
517 316 54 53 64
533 477 36 54 80
696 280 42 48 46
633 73 38 46 83
541 176 43 36 75
611 280 44 57 63
518 258 39 36 49
529 419 47 40 46
671 451 41 48 75
552 13 36 42 48
688 404 49 53 72
684 17 56 57 58
661 258 43 38 47
561 98 39 47 61
653 618 52 50 74
684 384 50 41 71
517 381 57 59 51
