977
16 105 57 83 10
1000
636 23 48 44 60
530 350 57 59 87
690 859 49 38 56
521 1 56 54 70
518 265 60 41 71
621 45 47 49 69
677 166 58 56 64
638 105 60 58 52
536 430 53 43 73
594 188 36 59 54
682 774 39 51 88
573 64 43 54 78
691 70 37 54 51
543 277 48 46 83
511 750 38 47 75
692 612 49 38 46
683 75 44 59 47
606 56 38 53 78
698 313 50 41 88
649 129 44 49 83
515 863 41 54 88
582 97 38 58 71
517 611 36 44 69
659 302 42 38 83
614 573 48 58 51
524 243 53 50 55
668 322 52 43 61
583 600 36 44 68
666 405 38 45 56
607 382 58 58 79
664 376 48 55 70
681 379 53 48 82
572 173 51 39 60
545 358 40 57 87
628 236 50 47 72
580 864 60 57 58
574 327 44 55 67
644 286 49 45 87
681 247 37 42 84
512 610 50 40 85
689 463 48 43 73
644 70 52 39 84
618 284 52 52 57
543 736 54 37 72
556 575 55 58 69
601 22 55 50 60
643 357 42 60 63
638 514 60 54 63
521 694 50 51 55
628 766 48 48 54
586 447 38 56 53
537 139 60 48 58
643 64 38 41 48
574 629 59 37 80
628 174 40 49 68
541 129 59 49 72
538 322 50 56 47
689 624 54 43 87
527 152 39 38 58
577 736 39 45 68
588 735 46 39 86
611 820 59 39 58
574 708 36 46 77
604 444 43 53 46
590 157 55 52 83
636 580 45 45 73
649 31 50 56 83
649 604 55 42 78
623 354 42 39 47
500 336 49 39 73
508 491 40 39 58
617 821 59 54 87
669 109 48 47 82
594 629 53 40 52
562 192 44 50 53
585 788 41 46 67
596 64 52 42 56
681 531 43 57 65
514 138 58 43 77
625 55 60 45 68
596 542 42 59 63
632 73 38 49 74
586 264 49 36 70
700 262 42 38 59
614 402 37 44 61
577 482 47 43 67
527 704 49 50 56
689 207 48 59 61
574 197 41 60 53
615 553 46 36 76
540 305 55 55 65
663 237 55 59 86
603 46 59 52 63
642 854 43 42 80
542 724 53 43 73
565 636 50 60 55
524 347 60 39 82
617 30 60 45 60
560 874 60 42 87
542 556 49 60 65
638 148 52 52 78
618 672 49 51 86
519 716 55 43 48
643 534 40 56 84
680 840 37 56 78
625 296 47 42 62
649 689 37 46 76
545 698 39 43 66
667 53 39 56 68
581 851 53 47 56
530 149 43 37 52
523 182 48 39 59
570 438 53 50 48
525 727 46 50 49
549 358 39 43 83
671 390 57 46 58
666 509 47 55 59
665 330 54 39 48
636 361 42 53 80
501 680 58 42 83
504 492 45 55 77
611 258 47 49 77
641 633 60 45 85
649 655 42 57 55
633 782 55 57 78
631 650 60 43 60
612 13 45 46 67
517 247 55 41 70
514 612 38 46 71
621 461 44 54 76
606 434 45 42 74
504 754 53 58 84
603 327 60 37 80
517 695 48 39 75
567 524 37 48 60
526 547 45 47 67
524 133 50 43 63
607 491 50 56 50
526 240 40 40 62
586 470 40 46 82
698 229 43 50 68
560 781 36 46 79
506 157 47 43 54
568 455 46 58 78
656 256 37 55 54
563 474 48 46 51
552 643 42 49 85
538 524 51 39 62
672 208 60 46 83
662 716 38 55 51
577 311 51 55 64
519 390 53 40 64
526 19 47 44 79
640 726 48 48 78
626 447 43 46 78
586 57 59 37 47
544 55 42 49 48
592 301 40 46 83
661 375 39 47 66
529 504 51 58 81
520 833 41 36 79
617 35 45 37 53
662 174 60 43 51
523 251 51 49 78
675 4 55 50 54
573 40 37 57 80
502 157 50 56 50
669 67 43 44 88
675 867 42 54 79
688 702 39 36 77
582 836 37 36 83
651 680 46 55 82
569 469 60 45 52
513 848 46 48 55
537 372 48 53 88
520 737 40 57 75
696 269 54 41 81
635 182 60 55 48
545 264 52 48 50
691 423 59 43 67
560 546 51 59 76
641 561 44 36 47
672 866 55 58 58
513 75 53 51 57
645 317 59 58 47
517 441 51 46 83
560 521 46 59 72
525 67 58 55 73
698 683 47 43 56
555 693 47 39 65
640 557 49 48 56
578 402 41 39 66
585 616 47 45 53
648 652 54 48 76
528 803 37 49 78
632 438 56 45 84
502 450 50 49 71
553 177 42 40 69
667 843 56 47 83
534 686 42 55 75
685 30 39 41 47
538 363 40 58 70
577 588 42 41 71
553 68 36 45 59
629 357 43 56 61
528 780 58 45 60
622 261 36 45 50
676 68 60 43 64
662 307 55 51 69
527 193 58 60 77
554 726 37 54 60
670 611 42 45 62
565 491 45 46 66
538 264 40 43 65
503 716 41 41 52
532 704 60 52 51
622 291 58 37 81
631 223 41 54 81
547 652 49 53 60
669 875 36 43 74
531 824 37 56 67
613 172 45 50 78
646 639 60 38 70
573 93 50 45 84
526 325 47 58 63
561 671 41 55 84
666 505 47 58 72
690 396 52 47 85
566 535 59 39 52
516 637 60 46 62
585 682 48 42 83
621 701 52 48 48
545 383 56 54 83
674 426 58 40 78
567 525 48 55 87
514 411 43 40 84
659 95 38 44 86
671 438 43 51 46
627 189 54 51 55
688 592 55 55 56
642 112 49 53 57
608 236 55 50 65
544 54 47 56 46
652 358 37 51 83
535 597 38 57 86
522 59 40 40 85
530 375 39 52 87
519 223 44 52 48
578 590 60 44 60
593 553 45 58 67
505 532 38 43 80
677 331 52 59 65
674 517 41 37 67
634 127 38 43 73
586 171 52 48 87
585 813 42 59 54
518 821 53 36 76
662 315 46 39 61
573 103 40 46 59
606 574 52 46 70
527 786 55 42 56
600 839 40 49 50
655 494 49 42 58
504 682 52 44 87
577 189 42 37 75
563 384 53 40 63
535 686 53 53 45
580 313 39 39 74
635 22 48 48 76
696 719 58 52 84
526 352 46 48 64
635 215 47 47 86
633 100 54 42 71
573 114 56 57 73
531 811 51 54 68
594 516 47 36 85
545 834 57 60 51
575 681 55 48 75
671 297 51 54 50
522 516 53 55 62
551 4 44 36 86
604 431 53 43 77
666 106 41 54 86
628 341 52 41 79
549 342 53 42 67
598 749 51 58 76
687 683 51 55 65
508 347 45 48 70
553 489 48 52 71
553 373 57 59 59
655 768 52 57 57
634 355 37 57 63
638 339 40 42 48
613 143 53 57 74
628 459 36 52 83
553 647 58 41 64
667 510 45 58 79
583 575 53 45 67
665 302 40 51 71
694 299 55 49 49
685 421 50 36 73
693 79 41 56 75
516 311 56 56 48
500 610 54 46 68
667 29 60 50 46
617 216 47 39 79
655 9 49 47 82
660 558 50 40 73
507 665 36 53 78
528 535 40 52 70
628 702 44 49 70
590 691 50 47 80
553 597 38 54 61
503 857 36 54 76
623 84 57 58 73
681 244 40 43 47
552 849 47 59 76
584 272 48 38 81
635 97 37 59 69
522 414 39 40 55
547 113 40 36 74
550 259 54 39 63
644 685 40 54 81
661 404 42 56 83
521 770 43 60 82
516 252 43 49 86
698 507 58 45 79
676 299 51 43 71
651 845 41 45 47
551 663 43 52 62
669 312 44 46 72
685 172 52 52 88
634 320 58 53 64
650 35 38 46 59
606 849 39 47 88
509 877 37 54 49
504 501 56 47 69
626 402 39 40 81
504 806 53 57 85
552 153 59 36 54
679 253 40 40 50
618 237 50 45 52
647 332 41 40 87
505 868 56 40 73
542 138 36 56 62
541 82 39 41 83
604 643 45 60 81
681 40 56 40 73
660 847 39 42 64
591 615 42 54 49
513 617 42 49 62
639 568 56 39 72
517 844 57 48 83
641 832 44 60 76
600 170 50 60 71
565 203 55 60 70
559 554 56 60 69
508 353 50 45 86
516 216 41 50 53
580 301 57 47 52
579 522 48 59 59
502 757 60 40 86
509 767 44 44 68
621 171 46 40 55
601 159 39 40 51
659 118 56 58 60
543 600 41 50 88
507 437 36 40 72
509 9 51 60 73
674 326 59 57 47
552 779 52 55 67
532 131 53 48 65
527 430 53 54 63
589 570 42 52 59
608 689 48 36 84
697 714 45 39 55
632 845 39 57 49
526 440 42 56 58
594 742 57 52 78
627 248 43 57 51
528 103 38 54 55
508 549 49 45 83
581 553 59 43 73
598 38 56 49 71
612 643 45 43 80
503 275 55 44 67
518 481 53 47 83
625 243 56 60 45
547 793 41 49 50
651 192 50 46 77
632 444 54 52 71
617 323 45 44 59
682 541 39 60 75
657 853 39 41 73
633 762 46 51 76
531 45 51 52 79
584 8 39 46 74
632 560 45 42 85
558 808 54 46 79
560 194 38 48 75
581 254 38 45 75
610 412 37 57 79
592 370 51 39 54
593 276 43 52 85
595 414 41 56 74
565 113 54 38 75
597 522 57 36 66
549 519 41 46 48
674 363 50 60 63
590 325 46 53 45
681 854 49 55 49
587 815 41 53 51
673 799 42 36 64
563 523 41 57 69
682 79 43 39 50
500 869 44 54 55
657 572 49 37 59
586 620 57 53 74
666 73 49 51 77
642 239 57 43 64
612 554 42 48 60
700 700 37 50 52
695 404 51 51 70
638 32 48 50 57
618 562 40 51 66
508 30 48 50 54
583 607 47 39 46
579 432 38 45 64
603 248 54 47 57
516 611 38 43 80
696 746 36 50 67
696 244 59 60 49
529 21 40 45 49
546 509 42 53 79
578 111 44 42 49
668 723 50 52 55
610 48 40 45 79
630 292 37 55 50
620 603 54 39 61
588 683 46 57 46
628 147 44 60 62
700 668 59 45 65
649 138 55 45 60
567 534 59 38 81
518 327 53 47 71
629 450 36 42 61
553 713 49 41 77
539 533 53 53 56
606 357 54 38 65
539 438 41 39 51
626 665 41 38 45
514 27 43 60 50
540 629 53 41 72
624 10 36 44 79
682 404 49 40 73
535 843 43 53 68
675 761 41 48 82
627 718 44 59 81
582 17 43 57 72
570 729 45 44 61
564 280 44 51 85
567 432 40 57 55
658 225 51 55 73
662 88 39 60 58
601 538 50 50 60
525 682 51 36 50
683 277 36 41 72
647 722 50 57 79
504 177 51 44 88
556 804 42 42 74
640 615 41 51 68
510 632 46 41 60
700 805 43 45 55
513 167 54 52 85
604 701 39 42 77
673 450 38 59 82
501 49 37 41 73
501 340 48 38 56
623 585 38 59 65
665 181 37 52 54
512 185 43 41 86
549 452 52 57 73
675 752 57 45 56
679 874 56 46 80
672 142 39 40 80
530 284 38 50 86
659 461 57 60 58
597 598 38 52 65
550 866 57 42 85
572 215 41 60 47
500 306 43 60 84
650 557 42 51 62
648 244 60 51 70
668 699 44 57 86
549 647 48 58 52
627 464 58 56 50
551 17 59 54 48
599 458 49 40 48
693 518 52 60 83
576 248 49 58 59
579 617 44 43 87
513 520 58 48 61
505 796 40 42 64
641 10 42 43 74
666 504 43 52 73
591 84 50 47 73
691 284 37 51 87
640 459 38 36 69
684 838 44 44 81
584 653 45 58 61
642 45 36 37 71
552 349 57 36 77
694 683 43 40 74
645 443 52 44 45
655 105 43 40 85
697 812 40 38 81
511 288 37 38 79
676 565 42 51 57
685 803 52 60 50
597 290 56 47 60
635 628 55 45 60
565 435 46 48 55
682 579 39 40 88
689 231 36 44 65
616 116 55 56 67
662 482 60 40 67
623 153 56 44 74
546 228 46 59 73
615 747 36 49 69
587 807 47 37 46
576 531 39 59 78
514 568 48 54 70
622 196 48 36 56
666 492 41 43 56
662 471 48 39 56
587 178 45 46 71
529 228 41 39 54
660 419 48 60 46
685 38 55 42 50
700 30 44 48 71
618 215 60 40 47
606 658 50 49 50
559 99 40 42 78
653 116 53 47 84
526 63 36 37 81
685 801 38 45 62
640 10 58 58 84
563 146 44 47 45
697 624 48 43 78
690 546 48 51 75
518 225 40 46 56
643 821 45 48 70
678 632 37 49 79
583 98 43 56 49
562 818 38 38 71
613 658 41 56 63
629 323 43 41 84
678 175 39 56 65
625 592 54 37 52
677 782 54 45 59
674 522 54 53 79
641 605 54 44 83
696 585 58 42 66
674 442 58 56 50
675 864 38 40 82
596 49 59 50 50
543 466 41 39 46
566 92 46 59 65
595 180 47 45 77
617 649 51 47 83
689 496 57 53 86
656 662 44 44 60
626 456 59 39 68
633 220 57 45 81
542 390 58 58 47
544 555 59 42 73
532 49 43 36 50
579 762 52 52 52
553 277 45 59 65
562 274 51 57 82
530 50 54 52 80
575 501 45 55 81
626 401 48 41 49
616 266 55 52 85
552 26 39 37 50
556 436 39 38 54
693 108 37 43 54
566 256 50 48 63
651 713 42 58 49
569 568 57 53 79
602 530 48 41 65
599 148 52 57 59
526 273 38 59 45
638 316 49 38 87
633 475 51 44 65
517 647 54 36 79
604 602 50 37 61
573 502 36 42 62
650 170 54 45 52
632 510 59 48 71
534 808 37 52 85
648 1 60 37 48
549 831 36 60 79
610 768 38 36 79
576 183 40 39 68
561 628 43 52 47
676 766 49 43 78
565 191 45 50 59
694 870 46 49 55
645 279 36 36 47
556 165 48 53 76
585 124 52 58 69
582 130 55 60 86
679 523 41 60 83
516 836 57 44 77
667 385 52 36 78
653 118 37 41 81
686 95 54 43 68
662 234 47 42 47
568 314 52 59 46
555 58 48 41 67
593 108 43 42 58
600 614 58 38 58
542 866 49 43 59
696 509 36 44 45
687 518 36 58 50
661 643 56 44 61
641 744 45 59 50
572 583 53 44 58
646 823 36 54 51
663 70 48 59 50
626 214 51 50 53
573 585 49 57 48
633 636 42 41 85
678 846 45 54 81
590 873 36 45 72
683 537 54 56 77
673 205 45 42 72
615 548 48 46 46
504 46 36 60 86
661 579 58 58 47
686 366 50 58 84
558 481 54 47 69
557 407 51 57 85
600 197 59 54 47
537 779 47 50 49
546 713 46 55 52
501 694 41 44 54
698 206 46 48 72
564 808 52 48 78
512 149 40 39 67
554 371 47 45 87
669 197 42 55 82
660 549 51 39 53
572 124 49 49 55
622 872 58 38 50
699 314 49 54 85
507 558 51 37 49
586 431 37 56 69
562 308 52 41 47
655 575 56 39 48
581 673 41 56 82
682 582 47 44 62
627 394 52 56 79
656 706 58 47 48
660 128 58 42 71
534 657 40 57 53
526 687 60 44 72
544 755 60 56 77
654 699 43 60 84
661 860 51 40 72
569 315 41 46 78
585 711 41 60 69
508 517 54 50 82
649 178 48 47 73
523 413 36 48 64
630 67 56 43 51
539 542 36 58 58
505 118 46 38 57
523 654 54 44 47
554 862 57 48 55
674 592 46 38 65
664 240 39 43 83
565 518 43 39 79
563 533 45 39 53
515 167 47 38 70
538 323 48 49 79
513 475 58 36 57
698 469 56 45 67
527 763 37 45 47
578 600 59 38 61
641 168 46 50 73
568 238 38 39 52
674 811 45 58 71
565 98 52 59 69
622 851 49 44 61
503 729 59 58 82
584 727 50 44 73
526 307 55 58 82
691 871 38 38 47
552 227 40 50 64
528 874 52 45 82
700 5 55 50 56
607 442 49 46 87
501 100 57 39 67
620 636 52 59 85
681 464 46 59 70
636 347 41 45 58
563 55 43 57 47
514 326 36 36 63
555 765 48 46 72
669 865 44 47 74
679 120 36 39 66
528 767 55 47 62
580 164 40 42 54
611 868 51 51 65
641 808 38 39 52
603 371 57 56 51
546 31 52 58 55
660 611 49 41 62
566 666 57 47 49
648 687 44 47 49
571 563 49 49 57
512 697 44 54 53
535 797 57 53 65
655 794 48 48 62
531 728 40 49 78
577 563 50 59 79
629 677 48 54 46
543 19 51 47 87
623 74 43 43 88
669 212 58 54 56
501 135 55 52 49
566 823 48 47 75
604 491 45 38 85
557 415 39 59 62
628 308 55 38 47
556 535 38 50 85
545 772 36 57 74
506 51 43 52 48
678 811 47 41 78
642 225 39 41 76
655 620 47 37 87
695 435 48 39 52
525 415 53 51 53
650 485 56 41 62
589 270 51 48 64
543 405 49 51 83
517 118 56 56 67
699 856 45 40 61
683 497 43 43 87
550 212 45 41 82
589 178 37 40 64
674 654 51 55 85
610 453 57 51 86
549 242 55 59 78
621 121 48 48 71
623 209 39 57 46
512 842 38 50 51
685 596 39 46 45
549 578 54 60 45
567 431 44 58 50
665 607 49 43 79
653 71 51 38 80
562 99 36 56 80
642 666 44 54 67
500 264 46 41 68
512 658 53 42 57
672 86 52 41 58
538 333 43 57 79
546 786 44 54 64
564 561 36 43 81
661 475 38 47 72
686 221 47 56 49
601 129 41 42 80
562 258 60 39 55
514 42 41 38 67
534 449 38 53 77
597 331 49 55 61
648 322 59 42 81
546 860 60 43 52
673 798 37 56 84
595 483 48 51 58
636 307 44 48 77
568 735 60 56 48
623 178 44 39 53
661 611 43 54 66
633 261 36 46 80
643 142 51 39 67
621 740 37 48 68
685 704 46 49 61
607 6 48 42 75
518 562 37 49 77
538 316 49 38 45
659 760 40 44 67
576 267 42 40 78
650 220 52 44 82
576 53 60 47 50
658 850 52 44 69
555 275 56 58 65
548 49 44 56 68
520 761 57 40 86
654 665 55 58 76
523 782 46 47 46
686 280 57 41 78
591 407 41 44 62
596 132 58 48 79
521 446 56 55 73
680 833 36 41 69
500 647 40 51 53
562 464 48 36 57
692 810 55 42 52
693 596 39 37 80
546 720 53 54 56
604 33 60 60 81
676 117 51 39 55
520 646 44 50 49
545 7 58 40 80
514 413 55 50 83
554 589 38 59 69
512 330 47 56 48
532 187 54 42 48
526 792 48 49 64
537 455 57 39 65
591 304 57 49 62
606 789 39 49 72
668 364 48 59 48
601 609 42 47 83
615 21 38 40 54
679 432 53 46 68
679 162 58 46 63
548 785 37 56 54
608 680 40 52 65
652 503 60 48 46
667 457 37 45 75
650 608 46 39 67
653 742 39 57 64
669 77 44 55 62
571 455 54 42 78
642 321 40 58 85
666 288 48 48 68
690 750 56 37 48
555 758 50 58 61
647 70 54 48 84
689 155 43 37 49
550 751 57 48 68
583 201 55 49 72
653 454 42 53 72
534 606 46 46 75
616 460 46 57 47
666 397 41 51 76
634 393 56 55 74
648 261 47 40 79
530 267 47 54 86
672 820 38 53 47
525 47 59 53 83
518 131 37 42 66
500 400 53 39 51
668 702 58 58 79
505 335 47 49 46
681 472 51 36 61
620 396 57 49 84
667 759 43 46 47
508 670 52 52 48
579 7 51 46 45
692 499 55 43 68
603 837 46 37 55
553 70 39 47 59
597 630 44 51 45
535 545 48 59 74
653 855 45 39 59
696 691 38 52 54
661 506 57 54 82
680 590 37 36 57
678 456 37 43 79
614 103 48 52 60
506 544 57 51 82
687 326 51 36 50
672 185 50 56 46
586 661 38 45 53
506 109 40 42 86
692 163 58 43 60
573 752 43 53 53
557 127 56 52 46
564 334 52 36 67
597 189 45 56 49
543 682 58 46 67
660 657 45 46 77
514 114 46 36 88
691 675 50 55 83
565 547 37 58 67
581 764 46 41 56
692 441 59 36 58
603 262 36 58 79
505 382 52 36 69
585 835 48 45 48
508 874 47 54 68
585 207 43 39 75
551 536 59 55 82
670 642 43 45 74
656 553 37 52 53
591 326 40 53 70
632 361 45 47 75
531 523 46 52 78
680 74 43 51 56
616 489 38 59 84
579 496 38 53 85
678 644 50 38 72
653 251 53 57 48
501 529 41 59 88
564 597 51 37 52
555 212 41 37 56
695 214 57 50 74
595 518 40 50 85
551 63 41 57 50
587 460 53 36 55
644 8 58 59 52
684 168 43 40 47
609 505 36 39 67
657 485 59 40 59
563 559 51 55 68
651 596 38 44 71
585 770 41 60 72
523 285 42 60 68
665 655 56 51 45
569 17 53 52 69
601 524 55 60 48
615 593 55 36 52
580 254 42 57 45
690 603 43 45 47
646 613 39 55 71
611 359 38 40 57
551 829 59 41 64
552 129 38 37 54
668 641 51 60 81
560 425 47 36 64
624 29 41 60 46
603 552 41 46 86
619 691 59 43 50
508 654 36 40 85
674 478 59 37 58
647 489 44 60 54
628 237 55 47 78
669 483 56 44 78
504 873 60 47 87
557 710 39 56 70
539 319 50 47 64
545 50 51 48 69
624 655 40 53 67
653 213 49 59 46
544 114 37 48 88
575 809 51 60 81
598 488 39 59 57
522 619 53 53 67
604 152 41 43 70
627 81 54 54 51
561 755 36 42 79
554 843 48 44 58
537 107 56 42 53
688 83 44 37 69
628 286 56 37 54
511 408 59 60 72
550 513 53 44 66
522 812 43 56 48
640 200 55 51 71
524 141 44 54 85
602 462 56 44 74
576 157 51 56 47
552 123 60 39 56
553 851 46 56 78
585 17 38 51 58
591 345 44 42 47
645 821 40 44 56
511 39 45 40 62
643 499 52 54 59
602 37 46 59 75
688 854 58 46 64
592 787 41 55 49
609 692 46 53 61
606 181 59 44 81
616 535 42 60 79
612 562 38 54 51
602 841 38 39 74
624 21 45 42 84
605 279 44 39 64
629 477 57 43 68
512 254 59 54 49
530 721 45 58 80
694 637 51 49 75
569 491 55 38 65
657 285 60 37 84
633 353 42 42 80
620 252 36 49 50
647 805 52 44 47
626 577 57 60 71
695 223 52 50 46
666 606 54 42 50
632 461 41 48 53
652 559 46 55 85
585 684 42 58 61
