737
230 66 80 91 8
1000
561 337 51 55 41
635 612 52 56 63
542 506 48 60 43
502 385 52 59 45
680 418 57 52 44
626 549 52 56 53
681 292 47 55 46
577 475 48 54 76
678 67 57 53 53
554 626 51 45 53
518 387 47 58 75
689 16 50 53 66
694 583 50 48 55
608 315 41 55 77
527 187 52 59 57
530 603 47 58 57
672 157 46 59 47
537 425 58 47 62
542 533 46 56 69
596 43 53 56 68
673 282 55 44 73
520 293 55 59 66
568 340 44 46 52
650 595 48 58 42
557 295 48 57 57
527 25 57 42 45
657 64 42 51 62
543 144 48 56 80
605 636 53 53 42
553 336 50 50 45
653 425 56 42 45
694 380 58 41 52
628 139 57 53 46
606 579 60 60 68
596 1 56 46 49
590 21 59 49 77
605 220 43 58 43
554 630 58 52 46
501 9 48 43 70
669 498 49 51 63
544 150 60 60 54
645 129 57 58 44
522 553 53 54 45
649 229 48 43 42
678 351 41 49 78
569 547 52 60 79
653 426 52 59 60
501 68 48 51 59
621 594 48 43 63
565 402 51 42 41
623 594 51 44 50
599 529 54 57 59
682 115 46 57 41
654 303 41 56 46
611 338 43 53 43
684 400 50 54 77
605 564 56 53 44
654 530 43 52 57
504 62 57 44 52
522 632 59 48 43
553 589 46 51 59
526 416 52 57 49
679 64 47 57 75
568 280 54 57 48
565 224 50 46 66
584 11 60 51 75
552 162 47 53 46
576 107 59 48 65
688 555 56 47 60
597 217 49 48 50
504 343 55 59 70
545 371 47 55 54
532 8 48 58 53
667 88 44 48 57
604 436 47 52 47
606 327 45 44 62
656 469 41 58 41
570 2 58 46 42
527 549 55 57 46
539 371 44 44 70
600 556 49 45 55
614 405 58 59 80
541 575 44 44 80
516 81 55 52 74
592 625 54 50 69
656 301 43 57 79
539 507 47 55 75
625 339 41 54 77
691 562 51 51 48
693 468 51 56 76
558 630 58 48 43
622 470 48 50 51
575 124 54 55 48
581 14 52 44 48
620 306 60 50 43
592 229 57 59 63
603 88 58 42 62
606 354 55 59 55
602 92 48 46 78
601 269 54 45 63
604 581 45 46 75
578 635 51 50 53
500 498 57 43 72
684 151 58 56 52
567 451 52 45 79
638 234 43 60 48
569 547 49 48 77
666 262 53 43 47
664 65 58 41 66
527 109 55 50 73
677 327 47 55 46
500 564 44 55 78
510 343 58 49 74
613 186 55 59 53
501 366 46 59 75
541 119 48 60 52
511 240 53 43 41
528 103 58 52 66
502 519 57 51 73
574 398 60 42 63
566 633 45 44 65
611 114 58 60 68
684 594 45 54 65
520 188 45 59 51
566 1 41 42 63
513 251 44 46 69
575 311 48 42 74
599 490 44 45 76
576 4 42 49 73
634 134 54 59 51
652 387 48 57 44
512 365 51 44 59
618 49 43 46 53
550 141 55 47 52
686 417 47 60 74
696 343 53 47 70
633 135 60 49 47
676 494 51 44 61
587 505 42 55 43
575 517 45 60 51
510 243 55 42 55
669 271 44 52 65
696 623 59 43 69
514 601 59 41 78
633 150 57 53 77
654 617 53 60 62
564 95 57 54 54
614 285 49 42 62
638 408 50 44 57
551 516 48 53 50
620 598 56 41 48
560 484 60 53 46
573 279 57 47 66
527 410 41 46 43
687 460 46 59 41
638 512 55 54 48
524 595 50 47 74
692 68 54 56 69
510 534 49 46 75
588 482 47 60 61
501 338 49 48 77
651 360 53 59 53
619 579 43 45 46
593 474 41 52 47
530 62 56 44 61
529 175 45 42 42
641 370 48 44 80
604 81 48 60 73
637 242 45 44 59
602 541 60 46 68
606 162 47 49 53
657 321 43 48 69
530 106 54 51 58
593 463 56 47 54
699 566 43 43 57
573 405 54 54 67
593 278 42 43 59
547 234 57 48 54
519 273 49 56 55
678 24 46 56 50
620 66 53 48 49
697 255 51 41 76
537 627 44 45 77
681 20 48 53 72
600 564 47 44 80
634 284 53 60 55
607 218 44 54 70
575 328 42 56 44
583 230 59 45 79
560 157 49 49 51
619 196 57 52 67
658 156 41 52 44
626 430 56 50 47
613 122 60 56 56
574 150 60 54 54
511 280 54 45 65
644 577 41 52 46
566 8 50 49 60
699 171 56 41 45
509 188 56 47 70
685 420 46 48 52
574 460 42 45 49
527 32 47 57 79
536 401 44 46 57
559 234 58 54 57
606 632 47 56 51
544 423 60 57 69
631 627 52 46 49
581 363 43 58 49
603 270 44 54 57
658 382 49 46 56
661 402 59 46 54
623 100 57 52 77
549 247 55 52 67
668 25 57 50 59
626 346 49 48 63
530 170 44 60 47
675 263 57 41 59
628 266 44 52 53
566 34 47 59 61
522 88 59 59 65
631 20 46 59 68
673 11 51 46 77
654 519 58 41 62
685 64 50 55 58
584 133 50 44 55
661 226 48 45 50
620 167 53 44 76
646 450 50 53 70
547 424 53 49 54
567 469 55 49 69
572 67 41 48 44
589 83 43 45 65
681 211 45 57 73
558 152 44 51 69
500 593 57 55 67
590 405 54 53 72
598 287 46 46 68
528 12 44 43 78
693 284 43 41 44
518 533 47 51 43
645 451 47 58 74
634 571 58 47 63
559 45 48 59 69
596 118 59 52 50
662 481 54 54 76
548 78 51 42 55
637 517 46 47 72
669 315 47 50 51
642 405 48 41 50
673 110 58 48 58
521 539 60 58 46
526 26 53 50 77
544 417 47 47 59
556 307 47 47 54
533 7 51 51 78
627 616 59 52 60
518 289 57 49 64
608 27 43 54 60
662 129 45 56 68
605 383 43 45 73
638 475 46 57 51
574 468 53 53 53
515 522 42 47 54
635 207 45 53 60
527 427 60 50 70
513 593 48 48 66
652 61 48 50 80
537 422 52 41 73
510 417 44 55 46
651 472 45 51 71
676 452 51 51 71
538 292 55 56 76
598 405 41 48 55
591 613 55 44 78
513 453 50 59 60
601 335 44 60 51
570 633 58 46 58
584 571 50 48 68
552 48 45 59 55
604 555 57 46 70
676 266 49 57 50
525 469 45 48 73
579 98 42 46 52
572 359 59 42 53
514 242 46 60 45
683 373 58 58 48
599 4 56 46 74
606 182 56 47 54
682 612 51 57 78
670 368 56 56 73
585 52 52 41 54
647 429 43 54 57
544 532 53 54 47
618 469 42 54 72
500 204 56 43 55
582 160 59 50 58
630 106 44 53 61
651 515 55 60 60
645 341 46 47 51
647 258 50 53 65
648 366 45 52 45
598 297 50 43 45
606 42 53 48 48
551 202 53 59 66
669 462 49 49 67
620 488 53 52 50
630 347 47 43 54
587 12 50 60 59
634 250 50 49 42
560 140 55 52 54
683 63 46 42 47
655 141 49 56 47
583 96 49 51 45
635 306 50 48 55
697 285 42 58 41
607 268 47 42 46
687 241 51 52 77
534 425 58 53 42
541 179 48 46 60
686 506 44 50 79
667 462 57 46 69
608 7 48 52 77
515 265 53 48 45
534 321 44 53 43
674 598 47 56 48
689 444 59 54 42
678 8 50 54 60
629 369 42 59 54
541 90 57 56 74
614 41 50 54 45
661 64 60 43 41
563 574 42 44 77
667 467 49 52 44
545 259 47 53 75
533 409 60 52 57
587 428 41 59 54
690 406 50 55 50
523 465 56 48 63
691 327 52 54 63
537 374 50 47 48
694 472 50 43 55
581 383 48 42 58
524 339 58 41 62
551 591 47 45 56
660 149 56 41 41
648 251 45 41 69
503 566 46 47 75
612 168 58 60 61
593 119 52 56 72
650 528 48 42 45
557 485 52 54 73
562 546 60 53 41
602 254 42 43 48
600 319 58 49 44
626 592 56 52 69
582 174 49 45 68
613 161 51 46 79
649 325 55 59 56
553 458 53 54 56
548 222 49 60 70
594 237 59 45 65
545 548 53 59 67
520 449 48 49 68
582 410 46 41 80
669 575 45 53 48
530 573 56 60 45
684 435 53 50 62
612 475 58 41 55
506 484 49 48 48
625 454 59 44 49
515 87 42 48 43
652 367 56 50 54
657 223 59 47 70
589 519 55 46 67
606 269 53 52 62
597 84 44 44 46
681 359 45 50 57
615 390 45 54 42
596 415 48 56 46
605 62 60 50 77
565 578 43 55 65
676 473 57 51 63
674 441 59 60 44
594 359 43 58 41
651 427 44 49 45
698 153 56 55 66
631 419 53 42 75
667 101 45 60 55
605 12 53 53 74
580 595 46 55 69
587 231 60 45 49
597 422 49 58 59
527 176 49 47 71
609 464 56 42 64
642 369 56 50 74
567 241 51 49 62
618 315 48 48 60
700 580 49 59 48
532 33 44 52 69
625 181 44 44 63
584 48 58 42 48
681 472 43 51 68
511 92 55 50 47
501 168 48 45 71
590 201 60 54 42
554 56 59 56 69
623 609 46 47 60
568 460 59 49 69
696 260 50 50 73
531 429 47 44 57
639 330 58 53 44
623 353 54 49 74
583 325 47 59 53
571 300 56 59 68
694 74 46 42 51
659 433 49 51 50
603 17 57 54 79
504 85 44 44 59
661 345 43 45 41
531 84 50 44 71
592 156 54 57 69
685 323 60 52 62
553 428 60 49 73
546 582 53 44 44
578 121 45 58 78
643 327 42 60 65
617 494 42 57 70
502 322 53 44 43
561 348 58 44 60
563 336 51 52 55
616 504 44 48 41
683 175 59 56 59
657 162 60 59 48
679 472 52 41 44
622 268 60 43 70
680 430 58 44 64
501 490 45 47 72
645 389 44 45 53
600 340 45 45 68
543 296 57 60 64
640 125 49 45 77
560 274 50 47 78
657 626 58 43 59
555 361 57 48 48
652 343 44 41 48
621 609 45 50 55
655 58 48 50 64
563 89 47 52 57
563 454 46 55 66
551 368 50 53 67
673 588 52 57 70
538 29 42 50 58
560 454 49 53 59
668 307 41 41 62
627 3 60 47 69
634 624 49 42 59
546 361 45 58 59
664 146 52 48 58
648 487 52 59 69
510 108 48 53 67
626 336 56 58 70
687 37 56 46 63
606 6 58 51 77
598 184 48 57 78
539 220 44 47 51
599 226 46 59 77
509 611 54 60 52
665 348 58 50 78
573 13 47 51 68
622 82 42 43 54
695 359 51 44 73
517 572 45 58 60
504 430 47 51 56
523 11 43 46 76
590 281 50 57 70
648 460 52 45 51
650 187 55 56 61
556 234 56 59 52
559 427 50 42 48
680 571 52 47 66
520 56 47 41 50
648 73 55 45 78
591 239 59 51 59
649 425 42 50 76
545 543 46 58 73
513 137 49 57 58
647 541 41 51 73
534 627 58 56 69
592 411 57 56 43
700 498 41 47 71
556 615 56 55 74
550 319 56 42 50
618 70 57 54 51
634 412 50 57 75
584 40 49 58 78
671 14 59 56 69
539 448 51 56 45
660 62 48 41 58
648 292 47 60 61
678 151 43 48 60
680 466 56 50 57
606 333 58 43 45
680 362 44 46 56
505 374 55 58 45
619 633 47 41 56
585 519 50 41 73
536 67 60 48 66
605 433 46 58 56
508 556 51 46 56
581 296 54 48 56
561 296 56 43 63
687 75 41 46 56
577 523 43 59 75
579 576 51 54 63
627 284 56 55 53
617 379 42 55 63
697 240 45 52 50
591 154 41 50 69
590 495 43 41 57
606 102 59 59 45
549 126 59 50 56
530 191 47 44 68
538 34 44 49 65
536 451 48 41 61
597 261 41 56 42
597 619 60 60 71
667 127 53 55 55
694 286 59 44 68
578 440 50 59 42
673 375 54 54 57
691 497 49 44 70
614 314 43 42 54
516 276 46 52 60
679 295 50 49 69
619 24 55 53 70
620 280 60 45 54
639 409 55 41 80
598 603 47 58 47
507 81 51 55 65
525 53 55 52 57
515 129 44 60 54
508 295 53 56 54
526 514 49 45 49
631 386 53 48 80
554 526 43 45 65
625 449 46 60 76
631 147 59 51 57
511 334 58 55 65
650 97 47 46 67
661 530 51 59 67
681 481 52 53 41
654 291 52 50 64
509 355 45 58 79
552 206 51 48 45
501 333 43 41 54
682 507 46 43 54
504 222 48 59 45
681 408 46 41 80
689 627 52 59 46
535 634 48 53 70
663 367 52 45 54
686 618 42 47 44
553 226 58 51 74
509 514 56 44 72
659 54 53 44 80
699 136 56 57 51
614 388 41 51 76
640 361 52 53 60
608 112 57 57 44
553 613 49 42 59
670 69 46 42 73
524 471 42 43 76
594 394 55 49 43
551 365 43 59 59
654 410 53 60 73
504 26 56 57 78
700 143 55 51 48
529 13 43 44 55
527 111 44 57 67
636 8 42 44 60
602 511 51 45 55
505 336 57 43 73
662 564 55 47 44
565 62 54 45 66
694 464 49 51 45
502 584 44 54 62
592 11 60 53 78
571 314 56 48 75
667 430 43 44 48
619 316 44 43 65
638 31 51 58 61
604 96 55 48 72
615 169 48 49 69
530 241 42 59 64
669 78 56 57 53
580 508 44 41 62
526 436 47 59 49
556 129 59 56 74
550 383 53 54 65
558 10 49 52 59
516 63 54 52 56
627 41 41 47 57
600 20 59 50 78
589 601 57 43 52
568 358 59 58 50
521 258 47 41 66
670 37 57 56 60
535 405 43 50 45
528 16 51 49 76
540 376 47 41 53
532 244 47 45 53
641 286 58 55 46
656 455 45 53 59
614 234 58 60 58
592 337 54 51 79
522 5 49 57 54
528 94 56 57 44
608 637 52 51 74
560 259 53 42 60
651 405 48 47 55
551 379 53 54 64
503 180 42 50 79
590 600 57 51 73
583 199 43 51 78
555 438 57 54 76
660 515 42 50 66
604 173 50 47 44
605 343 45 43 77
641 445 46 60 52
641 143 59 52 70
666 594 52 44 47
624 253 45 50 46
682 346 54 46 72
690 521 50 45 69
679 338 45 58 42
634 138 42 51 53
688 16 56 43 80
539 128 60 58 79
624 631 49 53 70
690 161 42 42 58
521 519 51 60 50
599 335 41 56 50
645 432 57 46 77
636 342 46 48 50
654 300 46 45 43
693 362 58 57 59
619 119 53 49 54
573 376 43 49 57
563 105 53 52 74
690 161 48 55 55
615 217 41 42 52
546 51 48 57 46
549 248 50 54 48
534 252 41 42 77
504 193 47 44 54
649 333 60 48 67
591 321 48 47 53
501 197 56 54 68
506 425 43 52 66
524 338 56 52 55
529 571 49 48 77
550 464 44 58 68
615 453 57 58 76
648 360 60 57 58
679 602 57 55 56
667 475 53 47 51
648 287 56 55 59
623 459 51 48 75
646 384 50 47 64
541 165 49 58 63
671 169 56 50 59
649 289 51 53 65
600 128 46 47 76
603 195 46 41 58
534 617 60 48 78
631 604 49 54 76
595 523 56 46 50
669 567 45 58 63
663 151 53 44 76
542 517 47 45 71
652 419 59 56 65
698 151 43 53 63
559 223 56 52 58
608 480 58 55 69
611 315 58 60 45
541 524 56 43 72
564 84 56 44 64
667 275 43 51 44
559 335 53 49 61
529 393 46 56 51
611 468 49 48 51
581 634 41 45 42
515 546 57 47 47
655 486 42 43 47
654 538 41 48 58
616 310 53 47 42
649 120 50 51 44
597 69 50 50 55
549 351 47 52 68
548 261 50 58 51
567 494 42 47 63
607 547 59 45 69
546 324 46 49 79
687 438 56 60 69
700 378 46 53 47
613 596 58 59 65
640 557 41 48 68
686 115 53 42 49
688 169 41 47 52
686 307 56 59 58
537 185 58 58 47
592 516 50 49 67
507 463 49 50 71
547 386 54 49 80
673 374 41 45 59
625 28 60 50 54
652 342 46 59 51
623 530 55 41 66
676 572 46 58 58
556 445 60 50 69
525 48 55 49 64
516 179 48 59 67
671 143 50 52 59
587 300 44 58 49
623 550 45 60 55
612 533 54 45 44
675 26 47 54 53
563 442 44 47 43
598 154 46 43 80
658 456 41 53 45
587 222 60 57 41
532 324 60 41 47
521 529 43 55 64
634 339 43 47 53
631 216 56 44 61
682 132 41 53 67
640 35 57 48 79
635 169 49 50 43
571 537 56 45 76
538 265 60 45 43
619 532 41 54 46
680 567 53 56 41
680 581 43 41 57
573 447 42 50 74
634 339 60 56 47
688 426 49 52 44
676 394 58 44 58
565 342 55 49 71
622 337 41 60 77
556 229 54 52 42
619 468 49 60 66
601 483 57 55 41
636 141 52 44 50
608 228 60 49 72
500 467 52 48 63
671 453 41 50 56
557 289 53 52 80
632 476 51 49 78
614 618 52 44 43
606 64 46 45 41
578 363 49 42 56
631 240 45 57 49
616 497 54 59 63
676 376 57 49 53
613 309 45 59 56
574 554 50 60 76
606 78 54 57 66
670 101 49 50 63
532 311 59 55 80
605 626 42 59 44
674 8 41 52 64
594 584 56 52 72
687 203 42 57 44
602 452 50 45 55
563 160 49 58 71
584 220 43 51 80
534 434 44 52 68
573 268 60 42 64
531 565 54 46 75
646 245 43 58 67
693 8 48 47 63
680 408 57 52 73
652 80 42 60 66
512 545 60 53 53
678 318 42 52 48
507 631 52 46 53
650 191 54 46 66
606 477 56 50 67
693 356 53 47 55
544 230 41 56 73
500 607 44 41 62
681 551 54 46 64
558 578 47 60 73
636 194 58 54 70
553 195 53 41 73
631 72 41 45 56
555 217 52 50 58
573 405 59 52 78
548 325 43 50 50
690 561 44 43 68
626 50 50 59 71
538 496 50 42 56
541 254 41 56 55
637 573 59 54 50
681 225 46 48 57
527 486 54 46 49
670 159 55 41 44
561 212 43 44 56
582 387 48 53 76
510 36 50 50 56
637 540 49 46 75
517 226 44 47 53
645 320 53 59 62
586 441 44 53 46
670 243 60 47 62
694 71 57 45 69
586 502 58 51 68
610 524 48 55 64
681 167 44 44 80
571 37 49 54 78
652 181 45 48 47
617 427 55 60 42
685 124 50 43 59
595 618 60 53 67
578 511 47 53 61
652 375 50 58 50
617 442 45 56 59
581 162 48 58 52
608 328 53 44 67
679 589 46 59 53
523 449 60 48 49
514 356 43 42 71
510 146 48 42 70
679 530 48 42 58
591 629 54 41 66
552 417 46 45 55
578 300 57 56 49
545 461 53 55 58
648 471 42 42 78
530 167 41 50 47
528 215 42 43 74
517 189 43 41 80
658 289 51 52 61
531 251 57 54 60
542 587 58 45 78
599 43 44 59 50
665 154 60 42 76
568 244 55 50 68
520 131 44 52 59
523 440 42 47 60
531 306 46 58 62
537 169 56 46 70
682 591 46 57 69
621 395 52 47 52
507 453 50 56 70
585 449 57 58 55
642 2 55 57 57
508 301 43 52 79
588 472 54 47 50
683 442 53 44 61
610 72 47 43 70
534 419 43 41 48
555 325 56 56 58
574 263 49 41 52
692 484 50 58 74
677 530 57 48 72
592 427 49 48 55
582 183 53 51 74
544 206 49 45 66
601 385 51 56 54
682 381 41 41 79
638 54 42 56 65
622 47 48 54 73
501 552 53 54 76
532 222 52 53 77
679 411 52 51 65
549 298 58 53 58
554 176 55 42 43
639 597 50 59 62
586 608 54 60 79
628 422 51 51 42
650 391 60 55 68
581 547 47 47 71
545 472 52 50 53
524 423 51 47 69
655 263 49 47 44
648 464 49 54 43
681 201 60 45 47
543 510 53 48 73
570 359 42 50 75
501 213 60 54 73
619 536 50 55 79
566 360 54 57 72
508 575 46 54 48
503 272 48 52 50
675 145 55 43 46
626 258 48 45 64
609 494 53 47 60
604 48 51 56 49
578 438 44 46 64
542 448 48 47 77
512 451 49 53 58
542 323 57 58 76
651 465 60 54 49
617 633 43 51 71
602 71 54 42 56
690 441 48 48 55
602 319 56 52 57
574 528 50 54 71
514 192 47 55 68
573 143 53 51 73
664 14 51 51 49
578 38 44 45 67
659 581 54 51 45
700 40 49 59 63
548 378 43 41 41
534 504 57 41 42
609 265 43 54 69
559 18 51 55 45
686 494 46 55 72
582 123 42 54 66
685 82 46 48 64
658 503 59 54 44
515 26 54 46 63
632 375 51 50 53
553 52 51 46 59
567 464 59 57 45
642 282 56 45 42
641 68 42 41 42
572 327 43 48 52
614 151 58 42 60
695 419 43 58 59
651 60 49 49 56
537 596 41 50 73
547 246 45 45 57
626 609 51 60 52
581 246 43 48 47
601 602 47 60 48
580 568 55 49 48
585 618 52 43 65
523 89 41 57 56
544 410 51 56 58
601 135 41 42 65
551 574 45 43 72
642 25 43 44 52
653 176 53 50 68
551 27 55 43 42
500 150 51 56 53
636 89 59 57 80
644 539 51 43 67
586 48 59 52 66
503 115 58 59 78
662 119 49 44 46
621 22 60 59 75
561 7 55 50 63
517 461 48 54 72
610 360 53 59 56
643 522 47 54 45
642 352 58 50 63
628 45 48 49 43
544 170 47 45 70
627 138 53 46 50
646 422 43 53 69
579 371 46 45 41
636 1 60 56 47
617 126 57 47 56
559 190 58 42 66
550 630 57 59 70
609 310 47 47 53
552 270 51 53 79
613 184 57 45 51
560 130 42 41 76
671 620 51 54 58
608 174 55 58 48
626 303 47 47 50
665 390 45 57 70
580 317 56 58 47
595 409 45 44 59
584 24 41 46 45
614 622 41 47 77
641 244 49 55 68
658 470 44 45 59
523 459 49 54 52
644 298 57 45 76
628 384 56 45 74
529 49 52 47 48
635 75 60 43 55
635 527 45 55 77
634 224 56 56 69
601 629 52 56 64
552 419 60 53 44
632 217 56 45 79
581 598 45 46 62
660 363 60 46 43
601 49 43 53 62
700 152 49 57 44
593 616 42 47 61
574 43 52 44 42
689 8 59 48 50
