869
336 125 178 178 2
1000
-294 660 53 55 184
-173 190 50 53 173
-629 514 60 36 174
763 14 63 66 183
-769 80 43 54 137
-530 584 54 57 113
-590 392 61 54 134
143 560 50 38 109
176 566 36 64 165
-647 730 34 37 177
120 390 59 34 133
501 349 62 57 141
8 585 64 57 197
456 303 34 38 118
275 607 42 50 178
27 190 49 65 193
804 375 66 57 179
712 124 60 52 116
55 288 59 57 140
910 334 48 58 122
166 272 55 64 178
-783 331 65 61 110
507 106 36 41 152
-319 500 64 38 140
-818 315 34 36 167
-912 114 42 61 181
429 467 57 49 107
-908 472 51 40 150
569 40 35 66 162
-7 336 65 61 104
-676 370 60 63 192
154 30 46 35 181
-64 10 56 56 173
116 325 36 60 114
621 302 39 59 147
968 245 42 39 102
-766 534 52 38 150
6 583 51 44 148
-732 652 41 58 169
-730 394 37 52 178
-717 306 36 57 136
966 281 56 50 107
-156 409 54 53 155
525 705 47 60 103
701 360 61 49 155
-657 98 35 34 146
796 110 35 37 158
-723 528 64 38 170
577 285 63 49 181
-570 731 58 61 200
-770 749 45 46 177
-947 752 65 49 191
-645 769 39 56 181
-541 243 42 36 200
317 248 59 60 167
366 407 51 60 129
-416 622 66 37 166
788 754 57 61 130
-435 0 62 57 121
-419 529 54 62 195
-944 610 39 38 189
224 527 53 36 103
-418 647 59 43 155
941 137 62 59 115
826 354 36 55 133
-969 502 38 59 125
127 128 41 62 134
450 176 51 55 166
752 670 52 63 200
398 655 36 40 115
-812 240 40 65 193
872 536 48 56 157
-272 11 37 53 136
864 116 36 39 116
-477 103 56 52 106
900 525 41 58 140
-932 700 60 59 140
-21 469 54 59 189
961 479 56 57 121
581 145 64 36 165
-113 110 40 39 143
520 767 54 55 176
-170 296 48 57 152
-768 209 39 45 172
928 367 36 51 167
-570 685 41 35 152
-411 599 65 66 161
711 658 64 41 126
916 150 38 58 139
-468 215 56 45 160
156 648 41 47 168
497 230 60 34 152
-774 539 40 62 180
-406 256 40 51 136
-952 443 43 55 158
-173 528 38 36 154
-672 121 36 66 159
706 465 43 49 127
424 444 37 65 132
391 680 45 43 177
44 100 66 53 123
266 662 57 43 152
922 12 53 62 162
739 593 35 49 189
-765 124 51 65 183
321 93 42 38 108
565 673 46 49 156
-475 193 42 46 184
171 255 46 57 158
210 195 64 64 153
-524 235 55 64 182
146 0 44 58 184
-168 706 52 62 106
603 516 50 55 148
426 90 57 46 195
-718 590 35 55 173
-255 436 52 39 108
-1000 194 62 54 140
372 649 56 59 159
635 376 65 38 139
-174 140 62 49 137
520 514 39 46 147
-829 316 47 46 162
529 445 47 48 163
-450 535 52 47 183
-921 413 64 66 195
739 470 53 44 174
512 748 39 46 154
-240 422 57 66 195
177 295 52 40 104
241 501 40 58 193
-331 89 36 46 169
600 60 59 53 147
-235 407 35 64 160
947 497 45 43 189
-594 639 64 66 164
-373 714 61 51 197
880 614 57 51 111
834 621 53 52 173
371 83 55 50 106
182 633 44 44 175
-659 525 40 65 156
525 150 34 65 125
-817 314 48 66 147
983 468 56 46 149
411 221 43 56 142
337 687 61 40 135
393 67 62 63 185
-378 420 49 42 136
-145 521 56 58 161
-560 410 58 61 148
-838 470 47 36 137
-861 600 45 50 185
-580 406 55 48 108
489 680 44 60 109
941 622 41 50 121
-116 632 56 64 126
-642 608 35 34 128
905 134 40 66 194
836 341 51 54 127
400 249 55 45 187
-6 458 41 50 126
186 712 46 57 189
479 273 46 49 142
-169 114 58 59 153
398 709 52 59 175
-195 32 50 35 101
88 745 55 39 102
154 698 35 58 131
-569 610 56 52 126
449 198 36 42 119
989 457 62 45 130
-23 306 58 66 173
340 319 51 43 168
-538 224 56 60 170
152 542 61 50 132
774 737 43 42 153
-577 578 51 39 119
-921 380 60 36 175
643 444 46 48 113
778 758 34 38 127
228 214 60 53 119
684 147 64 51 136
542 27 45 46 155
-653 205 57 49 162
-638 645 58 47 138
209 620 41 66 170
767 429 59 64 149
951 626 49 42 177
988 757 53 47 135
-298 517 36 61 174
528 132 46 56 133
-454 440 50 48 144
-722 406 57 44 192
-144 570 56 34 152
-698 0 49 66 162
-394 207 60 39 107
53 549 57 43 101
275 617 60 39 122
511 688 49 38 117
-761 30 49 53 129
638 63 54 51 121
-862 673 63 51 156
272 59 57 63 150
-509 696 50 48 182
873 357 59 34 167
-997 143 46 54 174
459 573 60 48 184
-117 710 36 46 154
-670 38 49 34 161
-989 754 52 64 117
-372 261 43 38 101
-241 296 50 58 158
220 85 34 36 162
28 116 34 42 139
-217 78 48 60 165
273 706 35 40 193
-594 496 41 50 114
-782 155 42 45 125
-22 357 56 43 125
-82 322 61 44 108
517 61 44 50 184
63 367 66 47 162
-74 541 64 59 129
-843 362 57 48 112
252 118 35 56 175
308 185 37 37 141
-387 678 39 47 143
-825 621 56 64 194
163 75 65 40 138
-195 656 37 54 165
782 47 62 53 178
351 221 63 35 142
779 510 53 42 186
-785 525 51 49 169
-784 95 54 41 160
-529 667 58 46 108
893 220 64 58 122
846 690 57 43 112
362 140 43 52 140
538 90 47 35 115
-626 411 34 55 195
-961 250 59 58 123
512 338 57 55 184
782 44 57 53 135
755 187 35 61 186
129 513 38 58 166
373 322 52 34 119
91 655 61 35 197
187 387 35 42 171
-436 332 52 55 193
-849 291 51 62 150
-736 474 41 61 136
-41 560 51 36 139
414 45 37 35 111
-953 707 41 64 198
377 745 47 41 179
-543 31 54 64 117
185 734 51 56 149
141 5 36 50 157
581 16 47 65 146
-704 757 36 40 106
-668 33 42 63 197
-832 327 51 42 182
717 278 63 49 122
-861 392 36 37 192
-336 767 60 54 134
132 617 53 61 128
451 410 53 40 185
638 175 54 66 174
682 600 64 47 160
-351 249 42 58 103
-869 631 64 66 132
292 185 34 34 146
-743 195 35 59 166
287 629 41 53 199
-25 360 55 61 127
24 205 40 37 151
508 346 36 41 104
-136 3 44 46 165
-606 113 46 35 147
363 388 47 36 117
-565 654 42 62 187
-913 593 60 52 171
858 456 66 62 195
395 541 39 55 111
23 300 46 44 132
291 181 65 44 152
-19 298 64 49 165
-38 67 66 61 106
-807 546 44 60 168
641 301 65 36 122
695 462 53 38 188
434 768 49 37 105
-80 72 61 39 134
565 397 53 59 108
373 650 35 53 146
833 239 38 59 128
963 557 44 42 119
435 582 62 43 160
-899 51 54 45 184
938 95 55 53 169
198 382 56 60 143
-788 513 63 46 189
-553 190 66 49 114
-319 301 65 63 165
-666 67 66 55 126
-102 742 34 50 118
608 6 49 44 134
-454 277 60 34 108
-320 231 60 34 125
86 676 66 61 171
-250 36 66 39 130
-666 78 38 45 145
-963 14 38 40 176
67 232 57 52 142
-18 618 50 46 186
962 55 54 37 126
429 394 58 63 137
848 508 52 44 119
-190 336 42 40 152
-154 576 61 44 164
-749 111 60 55 198
-973 746 44 62 156
-697 713 41 39 130
-649 614 55 60 106
-650 290 37 54 184
197 106 65 52 124
-357 622 39 46 186
507 77 39 51 172
-767 113 61 66 168
-461 329 51 51 178
269 722 39 36 180
-948 308 44 65 192
221 514 48 47 116
-619 24 39 45 186
639 751 55 63 137
-906 124 42 57 156
-605 602 34 52 118
-981 67 40 55 180
-548 506 56 66 157
182 326 53 65 179
-839 100 66 50 130
769 25 53 41 122
402 34 47 64 123
-984 256 54 40 174
867 416 45 41 133
-73 637 62 51 188
583 152 55 64 173
-262 138 39 44 150
-725 142 39 65 118
720 457 58 54 127
24 715 66 48 123
-776 393 56 64 165
-367 394 55 51 182
208 146 51 34 187
-424 464 45 36 169
664 748 34 42 151
-594 496 57 38 128
925 141 52 61 194
934 475 53 56 125
364 678 38 37 184
-855 374 55 65 112
109 56 42 59 154
373 364 54 62 131
601 266 36 59 123
-664 754 35 63 151
711 153 57 40 118
-408 642 55 59 172
994 618 51 65 172
193 467 35 60 132
927 50 54 47 122
-992 177 35 37 186
-915 563 42 52 194
-984 205 60 37 166
258 523 58 44 136
353 372 55 61 178
-803 312 61 62 137
212 632 37 54 141
442 304 47 46 200
241 565 58 40 144
-437 595 55 49 189
-670 229 58 35 160
232 197 56 50 104
232 100 53 64 200
-689 44 48 64 109
-646 82 57 47 161
288 535 62 49 104
-963 707 41 66 198
552 199 40 55 174
-222 316 53 66 157
-227 63 66 61 138
502 306 57 56 128
179 563 46 46 118
119 725 56 64 136
-468 514 43 53 118
947 312 54 34 172
-324 496 34 65 169
56 132 59 54 181
-253 418 39 60 125
39 287 43 65 156
759 493 36 47 197
-217 593 49 62 122
-655 676 35 64 123
636 569 55 56 175
-56 54 51 53 119
859 437 61 55 193
68 194 41 56 103
-520 613 40 37 197
625 86 58 52 197
487 209 49 39 143
542 214 54 47 160
-977 38 59 62 156
-676 424 62 56 157
-85 262 54 57 146
-397 539 41 58 159
653 298 35 45 119
478 41 65 43 131
-435 301 50 61 123
264 525 43 66 115
-848 440 39 63 159
716 427 53 66 168
222 355 48 39 135
-393 113 45 53 164
129 249 49 37 134
72 85 61 45 177
854 555 37 41 152
-38 349 63 48 192
-464 256 49 42 119
612 243 55 56 128
481 211 56 43 132
-524 418 37 44 108
276 740 62 51 116
-91 16 48 46 109
149 245 48 62 145
281 481 64 63 121
447 582 62 65 154
380 165 57 35 144
153 171 64 44 107
-357 227 37 65 122
145 65 61 61 147
777 451 47 43 110
-300 636 56 63 182
37 593 44 42 117
732 165 44 48 183
-54 182 54 51 103
-474 493 45 37 101
888 173 36 50 170
726 314 53 47 149
-538 191 57 66 111
-406 242 41 65 156
862 273 34 44 164
-818 417 41 59 110
756 639 57 58 194
9 320 54 59 131
494 284 62 40 181
524 289 54 55 136
167 186 65 39 122
52 413 49 43 187
-520 589 54 45 124
729 193 37 45 179
-283 689 40 62 131
183 411 52 39 170
-141 706 59 64 178
-579 364 40 58 145
-534 419 36 52 178
775 452 49 49 128
-382 326 55 66 190
102 510 50 37 192
645 505 64 61 126
656 414 40 38 117
520 705 52 66 141
718 564 37 52 150
934 695 54 60 129
626 696 50 57 103
189 493 40 46 150
918 669 56 36 118
737 674 42 57 115
189 228 57 60 167
-463 589 42 42 127
179 627 61 54 138
910 619 61 49 182
-971 590 46 51 160
405 497 47 53 142
878 612 47 43 145
908 499 51 58 182
733 482 45 56 112
416 83 39 63 192
-722 59 55 65 101
-984 230 54 40 179
-326 381 65 53 175
-393 684 56 62 195
-556 745 63 50 126
440 491 39 53 165
-435 148 64 43 179
-284 641 62 57 123
495 19 50 47 178
-118 343 41 37 196
-45 218 46 38 185
-979 695 55 43 186
-516 545 62 55 194
354 213 41 44 121
-746 18 48 60 186
-433 705 51 56 129
54 276 43 51 106
153 322 36 51 185
-768 76 35 46 130
124 580 45 60 148
638 632 49 36 166
-452 665 47 66 125
339 339 43 50 126
788 558 55 52 165
663 108 37 51 169
-843 235 59 60 168
-332 315 56 58 158
290 494 62 44 154
-553 287 61 39 178
-781 302 35 53 101
629 93 58 54 166
796 483 45 63 173
603 721 36 41 138
683 677 42 42 152
-264 46 60 49 154
-747 165 40 62 161
579 576 40 36 191
-176 573 63 50 171
-103 423 48 34 153
-637 553 47 65 139
-198 216 57 34 168
-896 345 49 45 134
-954 433 55 47 166
49 279 64 64 154
265 434 62 47 138
964 227 34 43 181
709 371 43 48 122
542 367 47 47 136
-115 468 34 34 161
82 721 46 37 167
-79 222 39 48 114
759 572 65 59 111
514 625 52 38 189
-478 170 63 47 197
-335 765 45 65 149
759 112 38 59 200
741 392 54 37 182
-63 177 52 55 135
376 324 54 56 159
-516 668 62 48 188
465 224 34 66 103
173 674 45 65 155
483 69 66 40 189
-846 254 37 52 172
462 660 46 36 126
-94 188 63 43 180
-595 765 49 49 149
809 462 56 40 126
-215 541 49 39 106
-713 15 44 61 182
-283 200 64 55 194
375 294 42 36 110
45 312 41 54 126
79 754 61 43 188
676 560 52 56 104
-754 246 46 59 150
-422 369 66 43 174
961 725 63 47 106
-502 127 55 66 130
-635 723 48 38 172
-977 517 35 58 124
-853 189 63 47 182
350 529 53 38 113
781 339 51 58 114
540 758 34 59 101
754 115 60 36 171
-643 297 50 52 193
-945 91 53 57 116
775 429 38 52 106
-822 224 49 41 129
949 504 51 44 179
-479 64 66 52 139
-712 468 49 35 150
-243 674 66 42 140
599 638 58 59 190
-553 325 54 63 109
-286 41 51 58 110
840 230 39 46 103
-131 766 63 55 172
-889 346 48 40 161
-710 598 64 39 107
38 437 47 47 168
-758 115 54 40 145
108 81 42 61 120
-707 460 40 57 141
-20 655 53 45 155
119 235 63 58 159
776 125 39 38 190
587 254 50 44 137
-104 10 40 41 116
-20 120 40 66 104
846 100 43 42 143
625 655 46 66 181
448 44 50 36 163
420 408 35 64 125
150 739 55 38 166
872 538 43 38 156
-135 356 57 45 134
556 718 44 42 125
86 286 43 46 154
-404 490 47 58 109
635 24 53 46 154
865 385 56 58 162
-376 250 42 65 180
-481 269 48 34 153
-19 199 37 60 191
-423 615 56 66 108
-4 548 56 36 124
464 101 63 39 165
-801 389 39 60 122
605 70 36 61 122
775 299 39 38 147
-277 374 50 40 166
-543 219 43 36 190
-194 43 49 57 170
-440 349 34 64 162
340 52 44 66 132
-491 393 55 52 190
-714 280 39 46 175
-864 427 34 40 181
41 671 53 46 126
21 573 53 39 179
-556 313 41 62 119
222 147 36 34 167
367 500 62 54 160
365 80 48 37 108
377 671 48 57 107
-109 436 44 39 159
-756 326 47 34 192
523 709 51 50 140
631 304 54 52 145
-129 507 47 66 136
-247 658 37 53 162
622 223 64 57 144
167 256 66 56 151
779 66 49 51 194
416 283 62 61 114
-381 315 62 52 182
161 724 36 60 171
-17 314 61 61 194
-292 63 38 44 148
628 402 59 53 112
318 254 57 48 116
-923 351 62 55 144
-796 350 38 38 159
806 173 56 36 156
640 116 55 37 118
660 356 36 39 158
-89 615 53 64 160
377 577 48 55 194
577 149 46 66 119
547 568 35 56 168
-828 384 53 53 119
557 282 52 49 142
-746 462 43 50 160
-744 256 37 35 199
562 556 53 57 156
-674 689 42 46 112
-22 641 59 48 114
-854 276 66 36 165
468 640 65 52 175
-153 457 64 63 115
780 308 65 36 141
693 713 43 38 160
109 162 44 42 166
214 565 53 60 198
-555 74 52 53 124
158 238 55 62 146
907 345 52 36 192
-932 49 44 36 172
-1 117 46 39 192
653 655 34 63 193
-447 22 65 61 146
55 485 50 42 189
-270 196 39 36 103
-592 89 39 58 119
465 73 42 52 166
-556 562 57 50 122
26 258 43 65 132
240 266 62 36 150
-824 571 61 66 141
-683 288 39 50 185
642 647 45 56 124
-494 174 47 42 146
-847 295 58 45 163
-666 456 35 36 143
672 383 65 44 137
-606 543 38 51 128
-577 720 51 44 130
-716 592 48 52 132
-554 435 49 61 164
-555 271 54 64 183
-89 708 61 60 175
-687 730 49 64 173
358 481 42 54 134
-781 251 61 55 133
-117 420 50 47 196
-87 208 49 62 133
392 670 56 47 123
-184 110 47 41 124
-995 605 43 52 154
313 33 51 59 200
-309 285 37 46 117
-702 506 61 52 171
-386 693 34 37 164
598 18 46 66 178
-756 492 34 51 108
-379 573 64 36 125
753 540 66 61 123
597 671 65 66 164
449 396 55 35 168
752 752 34 56 105
-806 766 35 55 166
260 579 44 60 162
917 615 34 36 146
-195 283 35 40 124
89 563 61 54 137
-52 444 58 47 152
532 359 39 65 137
-994 633 54 53 148
929 365 65 51 181
-219 634 38 37 194
-744 199 50 34 155
-218 311 58 60 177
-730 423 52 63 162
901 761 59 59 136
951 655 56 44 147
265 576 48 62 195
-174 167 42 66 105
216 515 46 60 155
-754 738 38 65 129
-251 390 60 46 115
-397 527 42 65 194
348 456 66 64 172
-453 332 35 63 109
171 466 55 41 171
860 194 45 45 174
999 412 49 54 122
917 19 66 60 174
56 438 51 60 145
8 53 66 53 182
-360 23 51 66 138
114 70 61 59 167
123 363 38 35 111
338 636 41 65 103
-740 402 37 37 175
-150 424 46 60 149
511 235 49 54 174
806 26 38 40 187
78 0 56 55 151
-400 238 37 44 124
155 35 61 57 129
712 75 48 61 126
970 285 46 60 194
595 200 48 66 184
-5 222 65 62 125
-783 341 56 55 190
-290 679 63 49 193
970 614 56 36 140
-871 337 37 44 106
-703 585 66 43 140
641 257 39 55 160
-299 431 50 47 169
-111 304 40 62 149
-349 329 37 58 187
594 320 38 66 106
-617 268 59 58 177
-698 548 62 60 125
-339 158 57 47 135
-269 457 45 56 110
180 247 51 39 123
31 210 63 54 144
279 733 59 42 135
807 592 40 43 111
-186 156 52 57 200
351 446 62 64 164
218 224 64 60 189
-392 578 53 42 108
-561 58 35 42 192
589 618 49 45 128
-261 12 54 49 196
-25 493 48 66 114
-87 535 49 54 134
774 658 37 39 133
128 316 39 60 128
321 22 61 57 175
-2 503 50 41 167
107 340 55 54 181
-108 412 58 41 178
964 498 59 34 108
-900 470 40 34 109
-884 397 51 47 131
-205 70 51 58 138
443 195 59 36 131
905 284 61 34 141
900 176 58 41 135
398 757 36 63 161
206 249 57 56 119
-728 580 48 62 167
-660 661 54 41 129
-72 430 48 56 136
-582 482 46 35 185
120 157 50 54 109
-906 347 47 42 130
269 624 65 50 111
877 382 46 56 121
823 422 57 57 163
-984 735 45 48 145
20 662 37 42 172
999 375 62 47 177
-745 150 34 61 141
752 524 38 60 153
-730 443 34 50 128
-89 357 56 49 186
-551 204 34 58 176
-977 760 51 49 174
342 225 35 39 200
949 743 62 49 101
-891 260 56 44 131
-729 205 57 39 173
704 188 59 48 189
-103 424 43 57 101
46 91 66 37 179
-130 448 55 60 172
172 74 66 48 162
8 222 54 64 192
-618 443 64 65 171
-90 250 61 48 104
575 53 57 62 127
61 129 57 35 163
-455 278 54 62 109
526 622 42 40 200
805 286 35 60 156
576 95 66 36 172
-75 757 37 53 162
311 715 43 52 171
-404 332 52 47 160
601 763 56 34 170
-321 429 52 49 164
882 637 41 35 120
-881 350 50 36 155
904 109 40 60 107
-352 69 50 49 138
-64 385 66 55 125
-602 29 52 35 130
-901 454 43 49 151
-221 269 57 42 185
-684 720 60 51 155
-311 416 41 62 145
82 122 58 50 121
590 110 60 43 150
-434 528 41 50 175
6 667 43 65 129
-408 262 38 59 196
-877 746 51 45 181
-222 196 51 42 135
79 114 46 49 129
-956 666 64 40 140
-609 429 59 35 148
-496 308 63 55 102
412 37 50 57 195
-42 306 34 56 102
-478 458 64 59 154
811 296 43 50 112
881 749 65 50 159
346 678 48 46 194
-998 37 43 35 146
107 411 47 49 162
-728 481 44 48 119
-434 386 62 61 104
685 727 49 51 164
373 758 66 47 143
-558 715 44 45 107
891 51 36 55 150
243 55 63 39 199
-784 365 39 38 198
-272 1 42 61 200
-846 304 58 45 169
-52 123 53 36 141
-183 566 50 53 132
177 362 45 55 172
694 180 44 62 166
956 542 58 37 170
88 51 42 61 125
-392 371 41 50 197
395 313 65 60 133
-613 549 63 63 135
745 253 38 56 131
871 174 63 58 119
566 757 34 48 134
285 301 36 43 191
-363 322 49 59 142
-970 466 51 39 168
-843 542 55 54 148
839 495 50 55 159
-791 330 36 53 167
637 481 40 53 183
-562 590 55 42 195
175 612 55 61 139
561 263 52 63 135
-531 750 51 37 184
-752 104 42 38 145
178 638 50 57 118
-256 405 44 44 181
111 70 57 57 143
-648 138 66 34 193
-632 385 57 49 174
-976 169 50 56 186
373 369 39 62 125
-308 525 46 48 168
8 456 52 36 185
730 243 57 65 130
-285 418 63 43 105
-271 389 42 45 189
1 716 41 58 128
-802 299 57 61 191
946 475 64 53 144
787 271 34 53 148
45 145 43 65 142
-765 95 53 38 135
-362 429 66 66 183
-999 338 64 48 174
-998 55 51 43 142
-751 514 61 41 147
-868 344 65 57 174
374 667 35 36 193
-958 351 57 62 114
66 391 43 54 144
-812 133 45 38 117
-602 656 34 58 116
299 733 40 41 143
-402 580 58 66 184
-946 543 49 37 132
141 476 61 39 138
946 327 64 61 122
97 410 61 39 198
-618 643 53 36 200
747 434 48 34 116
-771 736 54 44 149
-408 552 48 45 134
717 347 35 62 145
898 607 46 57 164
537 390 63 44 148
314 701 65 43 187
-971 252 36 37 171
605 280 41 62 180
-864 471 38 52 152
858 611 66 54 102
-570 457 44 47 176
986 97 54 46 124
497 22 63 62 193
-53 651 56 42 134
-862 39 53 56 189
548 291 37 50 173
666 240 39 62 179
377 435 48 37 110
-48 731 56 35 165
-685 701 53 43 129
239 162 59 37 110
-760 328 62 41 175
579 467 43 57 103
525 30 52 40 112
-687 738 55 42 187
-801 511 43 66 175
-940 136 66 52 117
-238 567 45 41 199
-9 676 62 47 196
537 556 61 60 142
434 758 54 52 117
368 399 60 48 179
473 298 35 45 114
236 738 55 44 117
-688 381 57 43 120
467 587 40 55 152
491 625 50 38 182
-582 47 62 51 173
72 549 56 63 170
970 415 40 47 154
782 682 47 61 197
676 121 64 55 142
672 327 37 42 148
879 262 42 50 151
-754 370 35 45 184
-932 398 43 49 133
178 362 53 55 198
97 484 36 50 179
970 687 38 36 179
-496 233 60 45 143
600 369 40 43 153
-537 208 60 48 175
240 520 62 39 199
980 520 49 60 104
