601
94 59 101 98 11
1000
599 398 39 41 69
614 51 58 59 85
698 189 58 55 57
599 37 52 38 65
567 293 51 51 57
587 144 43 42 55
677 450 49 57 75
689 63 44 50 52
588 43 40 53 72
685 351 36 47 53
659 295 54 40 66
613 488 47 40 46
581 221 42 48 86
642 33 53 60 75
567 94 42 46 82
585 416 58 46 53
643 279 46 50 88
659 365 43 43 48
507 178 60 57 60
633 69 48 46 50
572 498 45 54 54
617 362 54 52 59
651 408 53 40 54
644 416 59 44 49
581 370 48 53 79
532 260 47 40 52
519 215 37 37 49
623 335 49 59 82
693 463 47 49 45
666 395 36 52 54
599 240 42 59 74
594 481 46 43 81
563 133 54 55 73
627 467 36 38 53
542 74 44 38 85
570 321 45 40 73
686 73 47 54 77
600 399 48 60 76
661 460 40 53 45
528 360 55 47 76
604 335 37 49 58
619 390 54 52 74
542 279 56 44 62
525 362 38 55 50
653 467 37 37 68
624 283 55 51 47
507 92 46 36 46
669 195 53 48 52
605 369 48 36 75
689 446 47 43 73
689 202 50 60 79
635 52 42 51 65
678 343 40 44 59
527 221 45 43 52
698 407 45 60 81
643 322 43 41 80
694 372 51 42 79
527 491 46 37 79
623 250 41 52 51
527 282 52 47 57
535 375 47 57 47
508 225 42 57 62
523 388 49 48 84
544 200 56 48 71
594 207 56 59 67
695 366 48 58 46
540 163 48 53 68
695 121 41 50 54
680 401 53 36 85
585 351 38 59 55
601 314 48 43 75
646 97 52 53 59
542 354 45 49 68
515 416 58 41 77
656 45 49 56 58
674 151 48 49 45
694 167 54 53 52
549 7 58 47 48
613 192 41 55 49
690 173 58 41 66
695 27 39 57 57
626 482 60 43 74
577 76 42 59 84
572 4 50 54 55
584 101 52 48 75
563 418 45 44 57
667 333 60 48 85
608 365 37 57 72
664 121 59 43 47
526 55 59 38 50
571 123 45 41 47
586 447 38 45 77
549 177 56 39 68
586 124 57 38 78
596 301 43 49 73
502 291 44 54 46
636 360 41 39 67
586 216 56 51 79
619 418 50 41 76
599 329 47 47 70
619 495 48 46 74
633 422 54 36 75
606 286 44 42 70
603 4 38 36 52
548 412 44 51 68
698 380 43 41 49
596 182 36 56 80
584 107 37 40 62
533 408 36 47 88
649 5 58 54 80
523 344 41 49 51
560 375 51 51 52
681 61 58 59 67
610 413 48 49 77
666 96 38 53 83
676 9 53 36 53
600 188 50 53 69
596 276 45 46 49
700 427 46 44 81
682 64 40 47 76
594 321 36 59 45
511 50 55 59 61
508 391 50 45 71
528 385 51 50 65
644 18 48 59 61
608 285 56 54 46
677 490 38 42 50
553 420 60 48 47
630 34 59 53 48
670 313 40 36 57
523 146 59 44 51
562 251 50 59 51
693 149 49 49 82
545 153 60 57 47
581 425 58 56 53
699 191 43 51 72
514 429 54 41 75
511 234 57 51 75
692 150 41 53 83
696 213 60 36 67
646 148 44 50 78
517 167 43 51 62
558 305 48 54 65
653 321 41 59 68
576 70 55 38 65
666 135 53 50 55
659 182 51 52 68
684 275 41 44 54
561 88 57 49 69
655 352 54 39 64
552 136 42 44 74
503 445 58 51 84
586 76 56 57 83
508 144 47 60 63
675 148 45 40 62
536 292 46 43 75
606 480 52 52 57
559 257 55 45 62
569 312 44 37 54
645 286 43 45 53
666 496 45 48 83
678 37 59 53 48
660 314 60 45 67
646 473 53 46 83
690 372 36 60 51
614 362 39 54 65
604 301 60 53 73
504 215 39 41 50
555 304 38 59 85
509 116 52 38 66
562 50 43 41 78
659 274 54 56 58
668 215 44 40 49
626 254 55 56 81
594 7 49 47 74
645 41 46 58 69
545 223 38 57 47
683 164 45 38 60
599 191 39 40 59
568 223 37 42 60
517 14 55 55 59
556 148 51 38 46
560 141 42 56 88
577 124 39 40 77
653 259 36 47 57
530 473 40 51 49
544 494 55 57 87
576 387 59 40 85
567 491 50 44 52
680 446 44 60 83
552 196 53 59 58
515 201 56 47 56
562 429 40 44 65
570 130 42 46 75
680 380 58 44 78
669 317 45 56 56
663 40 49 50 88
609 137 58 36 45
603 407 39 39 49
664 249 41 53 74
694 116 38 36 86
600 358 37 48 79
678 268 58 38 75
564 351 47 39 80
690 39 39 58 49
590 144 58 37 84
576 454 38 52 88
642 133 56 46 80
683 20 44 38 52
515 148 42 40 79
621 49 51 56 52
663 428 44 49 54
664 216 49 41 88
502 243 59 53 59
517 497 60 42 62
559 301 52 48 86
554 394 41 51 53
582 487 50 50 54
592 301 54 38 52
652 463 54 53 76
591 43 48 46 67
576 39 58 55 52
566 72 58 37 69
518 5 56 46 69
541 50 47 45 83
507 243 39 53 47
541 95 56 48 78
500 290 49 51 47
653 485 45 53 78
686 237 39 47 53
580 46 56 56 86
537 323 46 42 65
521 284 48 37 73
564 438 59 51 62
502 192 53 53 53
566 370 36 45 74
636 304 58 51 87
624 353 40 56 64
560 156 48 41 64
503 439 56 40 56
512 154 41 47 69
601 236 44 53 57
571 252 48 43 67
525 328 39 37 51
692 345 59 56 71
558 97 50 48 59
670 272 48 52 77
566 433 59 54 84
621 227 43 44 53
551 30 55 38 67
594 243 51 48 80
636 394 58 55 45
581 315 58 42 85
524 344 45 36 69
684 83 52 36 56
602 101 54 59 48
676 217 48 37 56
686 302 49 51 88
517 19 43 56 62
596 207 54 39 56
665 192 54 52 79
644 471 36 54 67
543 407 51 55 59
669 165 60 56 63
567 366 36 45 71
637 274 37 60 62
690 24 36 37 68
686 197 51 47 58
567 233 45 50 74
643 496 59 47 82
597 3 44 44 56
686 191 40 46 58
565 370 41 41 82
501 344 47 43 85
663 252 57 51 64
699 174 60 46 53
552 219 39 52 57
592 35 59 40 47
677 459 44 42 84
659 121 48 40 58
542 312 44 51 46
575 498 54 55 52
698 255 45 60 83
561 373 60 47 66
663 297 45 43 54
629 30 44 57 54
688 374 48 56 58
585 195 50 40 55
678 81 48 37 82
582 228 45 49 57
577 340 48 44 49
643 356 57 38 87
637 307 56 52 69
558 276 60 43 85
689 31 46 43 46
645 141 45 44 62
639 85 56 40 60
650 325 53 36 72
559 15 39 56 64
594 335 60 44 57
575 139 54 60 78
700 114 45 52 87
686 398 38 39 72
650 446 42 39 80
519 416 57 36 79
516 279 41 58 48
593 475 45 46 60
606 53 40 47 74
686 276 38 40 60
611 75 60 39 86
631 419 46 45 87
634 387 55 45 76
645 207 41 59 64
682 199 49 55 88
688 40 38 42 45
603 324 52 45 88
568 323 50 54 70
693 51 59 51 47
585 162 53 37 77
636 147 57 48 72
524 269 51 44 59
648 159 38 46 87
567 369 42 59 61
652 35 57 56 72
611 90 57 54 76
514 169 52 38 69
632 368 46 53 71
676 78 53 49 88
672 244 43 40 84
544 205 38 50 64
527 365 39 54 57
597 1 51 57 63
696 1 43 51 68
530 438 46 45 82
674 125 45 38 63
530 136 51 44 53
574 239 57 45 84
515 147 58 54 58
593 217 55 60 57
646 469 41 44 59
602 480 40 41 70
546 376 56 57 52
599 481 42 42 75
544 441 42 49 51
540 470 46 51 47
563 279 41 58 76
664 466 51 47 70
668 202 48 50 50
509 132 59 41 70
591 26 45 48 48
574 204 44 58 65
652 169 46 54 55
610 158 60 44 48
530 262 59 59 74
567 226 58 47 45
522 4 54 55 82
664 211 58 45 46
616 255 45 48 50
645 471 37 37 67
668 461 38 39 77
501 27 40 50 62
646 385 36 49 50
570 32 46 41 50
587 303 54 48 84
570 309 42 56 66
524 375 50 39 47
579 219 53 45 82
569 39 41 45 54
685 162 40 37 80
543 99 39 44 58
590 293 37 39 60
618 168 49 51 53
540 105 46 48 46
687 168 42 54 65
569 450 47 57 68
587 186 40 39 66
613 283 53 53 78
675 313 50 56 68
666 126 59 45 82
666 392 51 46 62
658 398 49 40 61
649 237 47 54 74
649 39 38 39 47
594 127 50 51 75
640 366 55 53 72
629 303 42 42 69
588 310 52 47 85
532 113 42 52 87
620 141 41 42 57
533 111 44 47 80
540 437 59 54 77
673 120 49 40 60
697 469 50 54 60
603 385 41 51 85
687 434 51 42 69
545 196 36 56 55
671 417 48 39 58
551 11 47 52 74
602 211 39 46 52
614 448 55 58 86
624 414 42 45 60
548 311 48 46 58
661 447 39 43 69
606 119 40 59 50
627 490 44 41 81
612 297 46 54 65
671 20 39 38 85
562 148 38 54 46
566 36 41 55 50
657 461 38 53 52
514 179 55 53 85
645 240 58 56 67
597 431 56 44 79
527 154 42 60 75
658 380 41 45 87
560 297 36 38 76
556 333 37 44 58
583 7 45 59 53
659 262 46 40 49
664 288 57 56 66
684 113 50 38 48
592 245 54 57 47
663 467 57 56 58
619 360 50 37 45
563 177 40 39 84
697 433 47 59 85
547 387 36 45 61
565 112 44 41 82
670 227 52 47 56
575 339 55 56 55
517 388 51 43 46
575 481 60 39 58
621 209 47 41 88
527 488 58 48 71
536 245 52 59 45
583 211 47 56 59
557 262 52 41 70
626 44 38 41 88
700 174 58 42 75
595 107 58 60 74
576 223 41 49 47
643 262 57 41 83
689 329 51 59 75
619 452 40 47 65
696 140 46 38 72
609 4 51 49 65
600 397 53 43 52
629 378 52 58 55
546 311 51 58 61
602 359 55 53 61
589 239 53 50 72
505 454 47 43 50
507 450 54 59 48
501 152 45 47 88
626 80 56 44 86
629 25 36 53 85
657 30 56 48 59
557 8 57 40 68
694 80 53 60 54
675 18 43 47 83
531 44 47 45 54
515 355 38 42 50
603 55 57 54 75
604 116 60 58 69
560 61 37 58 60
698 293 58 49 48
555 79 47 56 66
628 28 38 53 88
628 371 47 41 69
695 151 37 42 79
517 445 37 47 45
639 384 37 56 62
638 14 52 53 65
640 80 36 51 73
585 403 36 38 68
536 289 50 40 63
543 313 47 41 77
501 263 52 51 67
676 101 53 51 70
682 8 46 41 55
593 73 50 58 46
663 227 41 49 79
529 44 43 36 76
677 106 58 60 68
517 138 44 60 67
603 282 49 56 69
658 338 55 53 68
564 239 53 37 51
569 136 40 53 80
502 66 45 36 52
567 189 38 60 48
683 103 54 55 72
698 161 44 51 82
592 468 49 59 84
543 70 48 58 48
575 361 42 47 83
514 202 42 57 67
634 38 54 37 87
514 245 58 53 50
564 211 60 42 76
596 87 44 45 50
669 486 49 52 88
505 206 60 37 48
635 56 54 51 75
526 435 44 49 59
636 390 41 56 52
650 340 44 55 76
507 456 40 52 74
513 268 46 42 81
580 93 44 44 61
568 183 44 47 82
651 167 44 45 73
696 83 43 52 57
514 353 45 44 53
508 493 39 36 88
651 88 58 48 45
536 336 36 39 79
531 34 52 56 56
591 398 39 54 81
556 411 54 39 47
673 251 59 57 77
684 428 49 38 73
699 32 44 60 88
522 57 54 51 71
637 481 46 53 55
681 80 44 49 75
678 500 41 52 64
643 130 44 54 61
694 425 41 43 46
581 321 55 44 65
669 324 52 54 83
660 83 45 55 61
690 176 60 43 74
675 392 40 38 85
592 132 55 47 72
557 87 58 44 68
606 195 50 43 71
638 398 47 50 74
599 258 56 45 55
623 417 36 59 51
541 446 50 47 68
605 303 45 49 63
592 53 51 43 48
691 4 43 56 88
542 15 43 54 78
639 323 52 38 63
668 397 52 44 88
527 388 36 56 47
660 369 36 41 72
638 342 59 37 68
511 141 38 36 60
670 275 59 42 86
590 44 43 59 56
662 463 37 37 85
571 101 48 40 56
515 402 55 37 46
544 404 54 44 78
691 352 44 36 53
666 84 59 52 56
700 335 47 56 62
563 342 56 48 81
688 330 36 36 85
530 348 39 59 55
552 24 43 40 62
535 236 46 43 48
586 412 42 60 81
634 353 48 49 88
658 129 51 51 78
538 134 47 49 87
534 82 38 39 59
560 429 47 38 65
520 199 48 49 68
517 131 48 54 87
522 490 39 58 50
615 308 48 49 67
626 73 53 58 72
503 106 41 60 72
575 17 53 47 74
515 354 56 46 68
668 246 54 44 55
579 281 42 50 64
520 293 53 47 49
554 86 51 54 53
591 469 60 56 56
617 122 36 57 82
625 499 44 51 54
541 426 45 50 65
637 93 59 36 71
505 434 47 56 50
603 268 54 45 45
507 129 51 40 48
659 185 45 41 51
647 447 45 37 80
608 247 40 59 68
516 241 50 43 60
525 482 47 50 86
700 446 48 42 68
615 276 50 52 76
524 354 51 38 88
604 233 51 45 72
605 62 47 53 56
586 490 56 58 73
503 33 49 53 70
653 329 40 45 58
657 313 41 48 73
593 124 58 39 52
543 305 37 42 60
681 428 50 43 78
520 115 42 54 84
698 327 49 59 58
684 26 48 54 64
678 188 47 47 73
555 410 41 56 57
674 157 38 45 83
600 38 37 41 78
512 304 36 38 47
625 396 60 48 83
696 288 48 49 68
637 187 38 41 79
603 443 40 54 79
506 149 43 56 63
592 445 57 38 55
524 414 57 55 46
543 2 58 45 74
530 399 46 54 87
633 448 53 56 70
595 61 53 54 52
673 80 60 60 71
591 54 41 43 78
530 154 45 42 83
549 256 40 59 45
611 320 38 44 78
522 84 45 37 73
650 446 57 53 70
542 66 59 55 58
600 181 55 60 65
583 270 60 37 46
562 285 55 59 59
585 247 36 57 86
677 32 36 59 57
665 299 47 51 62
504 441 47 56 71
510 143 36 55 84
542 48 37 56 45
694 343 43 52 70
694 443 40 54 79
530 160 37 59 48
682 31 58 58 46
517 461 39 60 74
631 492 50 41 69
516 122 43 39 86
552 484 49 50 66
564 288 49 40 65
645 375 37 37 56
587 275 47 57 57
591 134 45 44 74
615 55 39 56 53
627 265 58 43 66
626 328 45 55 61
655 35 55 45 63
526 471 50 36 51
598 439 45 51 60
679 478 43 38 70
520 158 37 38 53
666 95 52 38 84
514 474 38 40 74
570 209 38 37 69
531 469 49 51 53
631 441 41 51 58
688 130 58 47 50
531 121 43 47 50
611 208 60 42 70
600 492 56 56 74
568 419 41 56 88
514 452 40 41 56
681 275 57 40 82
622 103 40 43 55
647 291 38 47 47
679 468 43 45 54
700 58 36 37 50
564 201 36 53 53
510 107 37 55 83
700 148 44 55 70
557 159 41 51 64
547 319 44 57 65
617 213 36 43 74
671 365 41 38 67
622 361 52 50 49
510 218 54 40 51
505 145 59 46 53
561 77 41 45 65
545 373 44 54 47
607 69 43 48 58
600 259 46 39 73
500 255 36 47 68
524 47 60 36 65
593 297 54 46 79
640 374 42 37 55
682 166 53 38 56
664 12 48 46 50
670 17 55 60 54
580 391 39 42 65
556 74 52 51 87
608 236 46 39 80
663 319 38 48 63
590 271 42 44 86
550 327 59 52 73
576 109 40 50 54
560 248 46 60 69
552 290 51 44 81
583 63 39 48 57
540 373 49 38 61
635 213 58 59 74
665 293 58 46 46
561 167 48 53 76
575 280 41 49 68
568 370 52 51 53
545 446 43 55 83
600 176 44 53 60
624 358 47 53 71
685 71 57 40 77
618 481 55 36 83
530 150 48 40 54
628 159 37 50 71
560 254 44 43 71
618 434 56 38 81
584 498 48 46 87
627 454 54 47 64
531 13 55 56 71
543 384 37 46 51
659 91 46 58 85
573 415 58 41 60
596 133 51 46 53
690 426 55 60 60
641 151 57 36 50
653 230 43 54 63
687 171 42 53 79
667 376 39 45 84
505 69 49 38 49
696 129 49 51 88
651 394 51 39 87
630 365 40 49 48
542 480 58 41 48
605 209 37 51 63
567 394 60 59 62
644 318 42 43 72
597 347 36 42 78
630 410 38 42 60
668 94 49 60 88
535 405 45 57 57
511 192 44 46 78
589 464 56 50 84
654 20 37 38 71
512 149 56 49 71
586 305 37 44 70
616 173 47 53 64
646 403 50 54 51
609 333 49 47 64
551 244 53 49 54
563 403 43 47 72
548 106 44 37 52
691 246 53 46 54
503 430 49 42 69
592 370 42 56 74
693 277 38 54 51
554 292 56 40 67
513 284 53 57 50
689 403 58 52 84
555 274 55 39 84
564 160 59 41 51
629 309 60 50 57
630 268 60 45 71
681 51 57 41 69
543 403 38 42 72
677 304 59 47 65
612 31 55 47 46
687 336 50 46 52
525 154 47 55 87
652 5 36 50 65
534 406 54 45 47
672 199 53 46 71
661 303 53 40 70
522 251 48 51 54
533 491 37 45 73
619 407 48 38 76
564 478 47 43 74
536 334 53 49 76
538 195 60 53 64
666 70 57 39 57
634 344 37 53 82
566 85 37 38 78
599 392 50 40 53
599 299 46 55 57
644 362 54 59 61
537 379 43 56 49
672 266 60 38 70
561 351 60 57 49
504 379 47 44 47
564 332 37 37 72
506 190 37 48 86
549 283 44 47 79
602 122 36 54 59
699 156 56 59 49
612 320 43 43 53
560 481 47 46 72
584 461 48 45 53
633 444 49 53 68
664 129 52 59 68
549 30 53 48 46
612 143 57 48 63
520 56 56 40 54
693 388 47 42 64
638 399 59 59 76
688 353 40 51 77
658 207 50 39 66
560 34 53 49 46
508 371 53 42 54
580 284 60 57 88
590 377 42 48 64
642 435 54 52 63
653 287 49 59 85
680 272 43 39 67
678 378 36 49 74
588 442 42 52 62
608 415 48 43 76
653 288 56 36 76
695 241 47 51 83
623 51 53 52 62
563 33 50 42 50
515 298 44 48 71
578 170 55 49 71
544 89 57 60 74
515 237 42 44 67
591 52 55 38 48
573 335 42 46 77
576 388 55 55 84
595 178 60 42 55
533 198 53 58 79
651 472 38 45 46
599 155 51 54 85
697 251 46 59 46
625 298 36 50 45
561 24 48 39 67
595 298 45 42 65
623 488 53 43 46
610 100 53 58 63
580 497 54 52 82
651 79 50 49 86
604 483 52 52 75
674 228 59 58 64
639 97 58 55 81
558 249 42 47 51
700 322 40 56 75
690 95 51 50 63
698 464 46 50 87
663 153 60 38 67
514 470 51 60 51
610 194 37 36 47
577 66 59 41 84
575 5 51 43 48
597 226 47 39 74
630 353 56 36 74
539 479 38 54 76
576 358 51 43 67
630 267 38 50 58
541 27 44 58 49
532 242 40 41 54
580 409 60 50 49
515 170 46 55 66
567 271 54 40 63
570 103 39 51 78
581 345 41 59 48
581 413 59 53 85
673 172 45 45 53
582 26 45 57 57
636 391 48 48 88
645 85 55 46 53
660 153 50 50 86
592 65 52 54 61
611 478 52 60 81
576 2 46 60 47
661 242 58 50 79
594 462 36 44 45
695 281 60 51 47
576 201 58 58 64
684 202 36 40 67
566 271 51 38 72
528 227 41 59 77
671 292 60 36 75
598 164 36 46 53
556 300 52 55 77
561 160 50 57 66
679 225 56 52 45
567 10 55 54 74
504 120 43 36 71
616 298 56 39 81
589 57 47 43 50
511 103 56 42 75
600 312 41 54 50
673 13 57 50 80
602 112 41 52 73
700 391 43 40 52
552 82 57 51 65
504 486 57 42 65
601 3 40 45 55
633 449 55 50 59
533 0 45 41 61
684 430 57 54 58
561 237 51 57 50
581 115 49 54 80
522 216 59 49 84
686 90 37 40 48
608 163 48 52 72
522 443 58 56 64
566 406 49 46 63
678 47 38 49 58
636 247 46 48 47
642 43 51 37 74
610 234 60 41 77
649 292 48 44 59
585 198 42 57 55
646 337 50 45 59
544 51 40 46 68
677 298 41 55 85
548 43 57 59 68
508 436 42 46 67
550 105 59 36 71
506 225 43 41 81
695 99 55 37 84
539 108 42 48 57
608 377 48 54 66
569 96 39 55 57
661 382 59 43 57
653 91 45 59 57
540 500 39 56 55
654 71 43 40 61
557 186 44 50 87
548 256 59 57 70
589 78 47 53 73
671 201 36 55 87
697 449 46 43 75
575 375 56 55 87
550 99 42 51 62
680 254 42 55 78
571 398 54 54 48
551 375 59 51 53
504 443 36 41 47
527 131 51 39 78
552 109 57 46 88
564 227 44 55 87
536 248 43 38 88
674 24 42 57 85
680 246 44 45 85
583 379 49 49 61
501 105 47 50 55
554 313 54 60 73
593 347 37 60 54
519 47 51 37 79
536 333 38 36 76
579 131 42 55 82
561 408 53 43 84
556 119 58 42 84
638 493 49 40 63
535 323 49 51 56
600 299 39 37 45
581 43 40 48 72
633 82 41 43 71
629 402 46 36 84
619 136 44 37 71
535 222 50 58 87
666 475 53 44 75
680 47 55 54 68
684 387 36 56 50
509 324 37 44 85
507 328 46 51 48
557 466 44 54 67
649 274 51 58 45
653 322 39 45 72
670 407 44 38 49
642 171 42 39 49
558 197 58 45 68
557 69 38 42 81
518 226 41 53 71
514 119 45 58 76
648 428 44 49 87
655 115 49 53 58
568 257 55 43 56
571 1 54 60 82
645 472 41 36 67
542 387 42 59 87
541 413 40 52 59
689 39 39 39 61
568 154 60 53 81
583 420 48 58 52
662 221 53 43 63
619 234 52 45 81
509 449 58 36 45
663 122 44 49 72
649 242 38 46 85
609 85 50 48 88
