631
47 163 171 171 1
1000
-857 66 44 51 183
211 392 34 36 133
-139 530 56 54 101
-219 358 43 57 142
165 234 38 52 131
683 366 36 66 128
-613 397 44 49 180
327 455 47 66 135
210 23 41 56 194
-215 142 38 36 111
-627 287 61 49 198
427 228 53 60 195
-758 515 46 49 191
91 137 38 35 134
-809 280 66 55 101
483 55 54 47 194
200 396 51 53 148
-904 367 61 48 124
170 428 48 35 171
-606 8 41 45 112
-703 282 56 48 147
-894 113 62 49 171
483 355 51 61 147
752 470 56 60 133
966 399 41 65 153
-74 514 62 55 169
-79 430 48 38 174
-566 529 42 51 104
515 133 38 54 131
700 117 46 65 200
61 523 60 55 185
341 312 39 65 171
-698 441 57 35 125
-758 145 61 35 182
329 72 59 35 147
390 154 59 64 186
-166 253 40 40 199
-7 502 50 46 180
181 363 35 52 110
-953 130 57 51 178
2 339 50 57 151
366 56 47 50 106
-815 19 48 59 176
-323 363 48 58 154
-255 49 53 41 106
-477 110 55 40 160
-654 50 45 37 187
656 355 53 40 122
240 175 43 47 194
-25 505 49 52 196
454 23 40 56 159
-508 68 59 41 148
274 183 34 61 195
-940 116 50 54 160
-667 474 34 35 168
922 464 49 50 167
291 84 52 63 141
794 311 63 45 138
-928 411 66 41 148
744 430 37 61 170
729 349 59 39 166
-203 92 36 45 195
-390 457 46 57 188
-30 314 38 42 119
-614 445 58 58 149
319 457 44 60 197
-312 213 44 36 110
80 423 40 47 189
729 221 34 45 125
-549 317 37 52 130
-63 124 47 62 124
691 464 44 59 165
970 10 57 63 196
326 342 61 60 167
861 30 51 38 103
-866 360 44 46 188
757 457 51 40 133
603 296 66 62 177
356 366 37 53 194
780 271 54 65 134
-549 285 55 56 121
716 173 61 56 195
890 479 47 45 150
344 353 43 63 176
-329 408 52 34 155
-117 491 56 56 160
-884 357 66 36 155
913 351 39 37 199
-617 245 61 52 131
578 120 54 54 108
117 273 41 62 182
-37 439 37 46 198
749 258 58 49 145
186 469 43 57 195
-541 249 40 56 158
-380 385 57 52 168
985 110 43 59 191
-995 326 62 62 122
513 116 47 49 174
801 91 54 39 171
803 135 36 35 120
306 382 44 56 158
-402 455 34 35 169
-216 481 37 37 131
-719 402 52 58 165
-13 10 44 53 166
770 467 53 55 101
-747 329 48 42 187
224 135 63 34 149
913 429 62 57 193
205 119 56 62 109
182 323 59 50 154
-232 181 52 51 165
632 135 54 54 150
-38 514 45 41 117
-473 518 36 36 165
149 403 56 53 178
699 451 36 49 125
-593 137 60 37 147
-123 327 36 65 136
41 114 60 52 107
-401 203 42 56 122
-700 268 56 48 200
-51 366 59 56 108
745 526 42 60 152
-840 15 59 61 144
141 171 36 61 147
184 386 44 45 128
-563 143 49 47 173
527 222 39 60 108
-901 169 56 56 120
-54 484 66 66 168
308 21 35 35 156
-20 26 39 59 133
-108 300 34 56 169
564 353 41 35 132
804 440 44 59 129
-985 87 34 63 185
563 340 36 37 196
-380 28 61 44 189
297 204 34 47 160
-599 225 46 37 105
-448 146 54 66 196
-615 514 47 62 119
-601 364 42 61 105
-350 387 49 66 189
761 245 51 39 138
-156 300 35 50 183
705 289 38 43 197
340 508 65 44 162
-178 529 41 46 125
31 412 58 58 131
73 194 66 51 185
402 190 44 34 118
-358 432 35 52 186
264 285 51 58 152
-143 427 51 36 119
773 258 59 35 175
-365 526 43 64 106
468 425 50 65 171
100 180 49 42 161
149 383 57 43 156
633 463 56 42 198
319 381 42 45 172
-852 213 50 47 198
69 356 50 56 149
981 224 65 60 101
-606 407 42 34 129
337 159 65 54 109
-230 476 45 44 186
935 288 44 40 154
669 344 34 37 151
-786 298 50 60 181
192 305 62 57 127
748 217 34 36 104
11 121 55 54 104
-108 325 57 45 123
-609 125 53 45 183
-769 16 47 46 178
-267 5 34 34 122
-382 363 63 48 166
982 45 56 43 131
-685 470 48 34 144
630 433 36 44 171
-303 174 46 56 161
-642 216 65 34 109
-595 25 45 58 129
-99 520 50 59 109
941 288 58 52 111
376 275 55 51 183
701 498 54 48 188
558 254 54 65 148
280 7 34 58 160
-633 127 36 57 102
-915 480 36 61 161
81 6 34 38 175
385 33 66 65 121
266 12 43 42 112
116 354 61 38 117
756 88 65 52 137
-55 385 66 53 149
-455 295 54 46 193
-463 354 42 40 109
-181 330 49 62 182
-112 515 35 54 120
302 428 58 58 157
239 24 40 43 169
872 4 44 57 162
-521 445 52 46 193
-208 357 42 63 101
457 263 55 45 165
90 44 65 57 181
-947 428 57 45 143
-795 202 66 63 140
478 331 42 39 145
792 431 55 56 176
-127 325 53 36 178
200 44 63 52 138
-263 298 64 65 175
-965 517 62 39 153
834 234 47 59 143
801 310 39 65 167
-655 516 37 65 176
-61 468 43 58 139
521 174 54 49 190
258 56 51 48 117
819 262 64 42 149
-54 396 51 42 161
-411 187 58 47 177
513 304 59 34 180
-843 431 66 39 172
-26 16 63 46 121
-638 379 58 44 189
493 151 53 50 128
-661 160 40 61 179
597 369 66 58 156
-959 518 51 36 154
237 215 37 51 174
-601 430 48 62 138
134 155 38 50 104
-739 340 37 65 123
-858 387 62 51 182
-527 442 57 51 140
12 349 38 49 106
554 84 59 55 180
563 424 55 51 181
-311 452 56 56 199
141 446 56 39 115
-885 52 60 54 165
-822 48 57 55 139
750 225 54 53 125
-758 370 40 65 178
482 463 63 48 143
-876 138 52 34 161
-815 215 63 34 119
786 456 62 49 109
218 377 34 42 171
977 488 63 57 186
489 31 64 65 175
-969 426 50 57 141
321 158 49 58 158
415 513 40 57 111
64 186 40 50 182
181 487 36 60 192
625 28 55 65 164
445 31 55 47 161
700 352 41 62 171
-509 249 49 65 114
839 111 56 35 166
466 378 41 58 126
293 235 37 65 167
-105 186 49 58 163
-990 202 58 43 135
-106 447 59 37 128
-359 465 36 55 137
731 352 47 58 196
-931 227 58 52 163
-209 315 38 56 151
-386 46 41 62 191
701 298 53 60 171
661 355 51 51 150
-704 483 47 62 185
542 228 62 60 131
99 455 59 37 114
-318 169 62 43 152
-952 304 57 58 173
49 451 42 61 193
-873 386 44 44 141
-757 318 42 42 110
-169 13 35 42 132
-246 429 35 57 121
614 68 65 64 149
-315 266 62 52 153
889 262 42 38 116
955 23 61 34 141
-645 197 36 35 158
-349 90 58 55 148
66 89 57 48 104
-981 288 42 44 157
248 70 55 63 127
-266 278 62 49 120
-993 360 35 58 105
-149 104 39 61 194
158 276 55 65 186
-634 398 45 58 127
334 337 44 64 193
249 247 58 43 109
36 314 43 52 110
990 401 51 34 186
-342 50 56 56 185
210 28 62 50 177
188 458 66 42 149
-763 361 64 52 132
-293 77 44 47 199
4 152 42 44 145
903 214 50 57 127
139 226 50 62 200
-331 16 49 61 161
-856 489 48 47 157
716 262 37 55 128
354 335 38 66 105
978 282 35 41 189
732 49 41 47 188
-138 346 57 35 163
-857 440 58 53 189
-489 433 43 49 168
-984 123 62 59 174
-626 345 55 34 128
713 502 47 49 163
-412 336 41 65 195
749 390 37 65 108
-986 217 38 47 113
689 363 50 35 104
681 221 45 49 156
-93 304 64 58 152
763 487 40 41 105
-799 229 41 66 184
-865 57 36 47 165
330 170 58 55 141
217 134 35 60 149
934 235 45 65 144
-998 257 62 39 106
977 374 47 39 132
996 148 59 64 108
191 216 45 61 153
-35 141 54 61 190
123 21 56 47 156
782 73 42 43 170
-641 256 50 59 194
65 360 58 66 170
244 405 60 66 147
-1000 364 65 52 105
493 64 54 36 122
-655 486 42 41 127
-848 287 39 50 145
824 265 53 62 145
-405 126 34 57 178
324 514 62 65 165
409 362 35 53 139
706 28 66 51 149
88 471 63 57 110
324 256 39 57 152
975 107 65 36 146
464 429 60 60 111
-41 398 48 45 147
-987 99 38 61 125
-175 83 35 41 139
731 409 64 53 157
950 166 62 58 186
-240 279 43 61 145
-967 496 51 44 163
-631 373 35 50 190
-792 19 46 44 110
725 225 49 42 200
-295 25 37 45 176
-96 30 58 64 200
879 57 50 49 159
102 125 61 53 158
824 251 34 42 190
-311 139 45 35 111
-30 430 35 38 107
940 31 45 61 161
-126 261 57 46 168
-194 23 62 60 180
215 483 55 39 157
-161 423 58 62 138
-189 343 57 63 194
67 16 50 55 169
184 354 57 41 153
450 154 35 58 101
-729 54 47 47 180
864 302 46 57 178
-508 130 58 47 124
-926 308 49 49 167
-617 439 34 53 142
-996 494 51 65 188
-991 220 48 43 116
259 499 59 53 146
-549 114 35 40 131
685 498 60 63 157
652 154 53 36 189
203 456 57 40 185
443 439 45 63 101
11 525 36 56 119
-187 379 47 39 198
996 162 35 50 150
-630 453 58 58 190
159 433 48 44 182
-467 355 47 56 159
-202 288 60 43 167
-100 398 58 48 144
690 336 46 40 126
-564 516 56 40 149
-342 95 58 52 197
194 251 46 62 156
352 24 35 44 150
662 462 39 49 136
252 152 55 46 119
-943 93 64 41 181
-452 519 49 48 200
689 227 50 63 145
-610 524 61 38 194
-519 317 50 64 164
-130 287 45 37 110
-869 155 55 35 139
-444 470 51 47 141
9 250 46 58 196
-142 476 45 49 194
-326 316 35 56 139
-364 287 66 49 162
-441 289 59 45 159
-895 336 61 57 193
-498 121 55 51 112
-521 478 55 45 109
502 529 40 36 169
-926 52 40 50 101
656 130 59 42 110
623 295 63 46 197
-487 85 45 36 106
-405 340 49 47 169
160 252 36 51 193
698 174 48 51 148
-765 434 54 52 183
691 101 35 65 107
-147 151 35 60 182
-123 100 49 46 118
437 263 61 65 198
-378 255 46 51 174
-666 225 45 47 121
187 372 52 60 150
20 20 50 41 112
-744 87 38 51 170
-351 249 56 46 162
913 437 41 52 110
-491 183 54 35 172
798 343 47 53 157
-143 490 49 34 113
-388 37 59 60 186
246 136 53 59 104
-566 528 62 64 163
455 422 55 58 145
998 287 49 54 129
816 166 58 59 180
-328 369 39 53 106
147 175 51 39 109
-802 302 45 63 192
-53 391 52 58 161
729 381 38 35 184
-574 28 59 57 158
973 185 50 47 159
-444 369 48 53 179
924 201 64 45 194
-862 29 61 50 121
32 491 41 58 122
-210 467 43 58 173
-901 457 47 39 178
153 81 42 58 113
-325 467 60 63 176
-518 412 53 62 178
-474 236 47 34 177
747 166 34 64 113
-951 141 43 45 191
-906 498 51 40 133
-693 303 44 36 195
749 400 36 48 152
-829 353 34 50 164
276 343 44 41 188
427 373 41 54 184
524 446 45 66 155
-131 417 55 56 130
96 284 56 35 110
252 29 38 59 129
937 178 52 43 185
-165 106 46 65 171
-416 196 65 41 102
670 62 44 48 147
676 443 41 66 134
-741 464 53 62 195
220 245 54 57 123
-276 301 45 37 176
-527 349 43 40 116
-830 527 45 39 130
-526 129 37 52 165
-612 514 48 46 116
-585 189 57 46 198
-145 459 34 51 124
318 1 57 41 124
751 340 36 39 155
-276 488 50 52 187
743 464 65 58 111
-351 46 51 45 125
749 219 56 47 162
-786 391 55 35 168
500 298 46 65 165
946 481 39 54 146
500 507 47 39 107
248 260 46 63 120
-582 179 55 43 192
304 425 62 34 166
-348 518 39 43 174
-240 463 61 45 124
-696 462 59 52 140
-206 148 37 54 106
-185 256 41 52 142
-432 500 48 52 179
-49 369 45 52 200
36 48 57 56 155
-978 159 43 66 129
-841 393 38 50 192
-291 237 50 66 129
-817 39 49 44 129
-6 523 61 63 193
-898 214 54 62 162
499 370 55 53 137
-906 302 65 65 189
-758 84 41 63 120
612 97 56 41 149
19 486 40 52 191
-483 107 51 54 166
724 299 39 39 182
-469 54 45 63 198
714 446 60 55 132
519 58 63 64 191
718 483 43 46 157
-376 100 38 38 118
-497 311 37 48 109
-116 15 63 45 157
291 327 64 59 114
-866 478 66 57 129
950 287 54 61 175
-349 286 66 39 173
-654 486 62 60 180
282 31 55 34 118
-851 216 36 36 141
331 91 35 65 188
-402 515 52 62 183
451 100 34 65 143
-327 295 53 52 149
-245 188 58 36 186
-929 400 37 52 151
100 143 40 56 190
67 507 59 40 172
-409 405 54 44 193
-660 247 39 51 134
-902 521 50 42 191
-346 21 61 58 167
955 468 51 53 147
-163 43 62 66 152
950 365 52 61 142
-577 316 66 62 119
144 39 52 66 197
104 124 53 50 174
-444 529 57 45 121
-978 9 45 39 141
208 359 57 35 115
719 33 39 62 115
573 350 36 55 127
315 72 45 49 114
861 342 42 60 105
792 76 37 51 119
542 320 57 35 103
642 254 66 57 115
487 365 39 45 195
-924 528 49 37 189
733 24 61 48 103
360 287 39 35 157
-90 56 65 48 188
-905 156 59 60 192
-57 67 58 57 170
-267 157 39 52 113
-798 11 35 55 113
-690 392 64 49 102
304 67 59 55 166
606 48 38 46 161
904 279 51 52 177
924 241 61 64 157
-769 448 62 65 175
-365 325 38 42 130
686 330 44 56 194
-595 318 36 48 187
212 420 54 48 105
-996 261 56 34 139
763 467 64 61 103
764 33 51 57 197
-29 441 36 60 188
-548 502 50 36 176
430 462 54 50 142
449 513 65 58 156
-963 481 39 66 126
-294 437 47 52 125
626 492 53 42 101
-676 145 35 37 144
327 416 35 44 171
721 500 40 36 122
657 315 46 63 112
-502 98 66 37 166
-600 366 61 38 164
-127 275 43 37 195
185 105 59 47 110
188 314 56 47 137
266 503 57 56 119
-858 359 50 40 159
247 286 49 52 128
-811 81 62 47 153
247 166 45 52 170
618 118 34 49 195
985 73 52 40 132
405 154 57 47 185
329 530 44 61 179
-734 497 55 37 150
508 340 43 45 147
-874 162 61 59 154
950 47 61 58 193
797 253 47 42 176
-535 213 43 66 146
-717 242 45 61 181
-509 464 41 45 196
406 157 61 49 112
-543 10 64 48 111
-513 478 46 42 134
-363 269 37 48 132
-411 422 50 55 190
941 75 50 38 143
-368 182 37 41 127
-863 397 62 53 151
-878 372 50 42 107
561 410 63 44 105
-174 282 42 59 186
-101 403 42 45 105
210 476 65 62 164
-448 204 53 43 118
164 54 54 47 114
-196 18 45 41 142
-821 175 50 58 141
979 248 56 66 172
330 189 43 56 192
-716 399 40 53 183
897 123 52 34 200
918 238 64 43 102
-343 321 65 38 137
-15 151 37 40 138
-310 206 39 62 121
910 463 36 60 109
223 168 43 48 120
76 254 42 39 151
-179 488 61 42 162
577 127 37 38 148
800 153 37 50 187
-295 187 38 55 164
-306 285 45 63 165
-889 491 58 35 147
894 526 37 62 195
763 317 47 66 177
-246 475 60 43 121
401 272 44 53 146
-338 460 50 59 142
-582 131 65 66 189
94 199 45 63 118
138 493 65 53 114
-796 501 60 59 169
-826 441 36 35 118
-589 211 61 55 115
678 86 40 59 104
-760 430 50 57 159
208 247 39 59 128
-641 256 42 48 127
-844 382 37 45 169
34 337 57 39 160
143 339 46 35 120
-146 1 57 57 109
360 476 60 46 142
802 146 44 47 162
-842 247 59 57 196
-281 320 48 66 141
347 418 49 54 177
668 261 44 60 142
908 24 46 55 127
48 422 50 35 188
-241 362 50 40 111
-903 520 35 44 168
584 143 54 64 108
123 471 39 36 143
962 210 55 53 141
-965 271 56 45 131
-938 298 53 44 188
-430 496 60 47 133
-570 175 44 56 166
-648 46 39 45 159
-530 342 66 36 177
479 420 42 40 155
-619 418 54 39 146
-616 487 51 46 120
-516 260 52 46 102
1000 474 47 56 177
816 163 38 42 200
-577 289 60 63 107
396 42 55 65 179
196 412 52 53 195
-58 179 49 47 118
83 428 47 44 152
-976 334 55 35 187
744 58 35 56 121
-861 197 57 36 110
-955 233 50 37 145
-674 198 42 37 182
147 234 44 58 200
888 85 62 38 182
37 36 37 64 186
54 486 56 56 173
97 319 39 54 159
-797 326 46 35 150
623 6 61 57 142
-268 446 54 53 184
-404 150 59 43 150
-96 114 34 35 110
7 430 46 48 157
376 227 54 65 183
469 101 52 61 175
759 40 50 48 102
-157 36 41 58 147
-233 527 43 50 173
482 428 41 37 166
-376 373 50 63 113
-266 31 48 62 158
688 186 36 48 107
713 350 64 41 178
-258 55 63 52 110
103 92 42 64 128
696 112 43 34 145
-506 107 43 41 134
259 187 47 34 123
-832 359 43 39 181
341 179 46 41 166
-377 188 42 44 149
500 271 43 41 169
936 131 58 36 104
65 249 37 55 163
478 252 51 48 104
552 121 60 51 113
-693 59 46 61 155
312 492 48 43 101
98 188 46 52 195
-89 319 46 64 168
312 32 38 49 154
165 234 58 61 181
-630 359 61 51 131
714 327 57 48 153
266 383 37 46 121
-1000 114 59 53 144
46 446 63 50 174
646 430 36 40 180
280 82 46 62 126
333 88 40 35 123
-776 454 57 34 171
-754 46 65 54 192
-439 75 56 64 111
-157 493 45 59 163
369 195 38 58 186
464 530 53 46 154
964 36 58 49 172
778 519 42 44 166
321 518 36 66 161
-559 11 53 61 194
-279 439 64 56 134
828 251 59 49 194
211 157 48 49 109
796 164 47 39 159
-134 363 47 51 120
736 146 52 43 187
-710 235 64 53 136
-861 65 45 35 125
-984 520 51 44 126
-287 153 64 63 142
-808 211 36 50 119
49 9 53 42 135
-224 200 44 49 188
-182 202 54 53 190
373 161 45 37 117
650 98 36 53 151
742 81 59 51 168
85 404 43 53 168
-152 307 40 66 199
462 183 60 56 199
-413 85 55 60 172
825 399 59 58 159
108 287 58 46 119
-735 110 57 52 195
-129 397 65 39 160
-204 513 36 51 194
-382 65 45 58 148
-480 496 46 58 165
-807 458 56 53 181
835 237 55 55 144
-143 453 48 40 143
-158 270 36 49 184
-282 22 51 56 199
288 262 39 47 191
-295 123 48 36 157
191 521 57 44 140
-546 69 54 43 109
-723 431 59 53 158
-981 199 47 43 184
-560 494 36 35 135
-293 109 65 40 162
173 458 55 45 133
-40 269 56 52 104
609 287 47 60 154
-708 304 48 42 144
-415 303 54 38 171
777 485 53 48 187
155 363 49 43 143
-151 206 34 62 137
350 396 55 40 166
-119 112 61 61 142
801 378 48 49 183
940 396 59 47 117
-557 495 50 44 155
-357 78 44 51 169
19 209 42 65 169
233 34 52 42 116
624 20 42 40 130
834 349 36 58 104
-126 168 35 56 157
239 25 50 37 185
111 81 37 51 145
791 23 38 41 143
392 513 59 50 127
-686 260 61 59 193
-275 259 61 59 169
159 520 41 51 200
-875 394 47 56 147
-943 106 52 48 115
433 51 64 60 125
-85 283 59 37 133
-527 115 51 49 179
58 318 50 65 172
48 111 57 58 122
840 202 39 44 158
496 367 48 58 136
173 244 49 63 145
-234 327 39 39 105
305 506 55 56 155
471 465 62 43 106
630 188 39 55 116
-280 188 35 37 104
131 333 34 39 118
-267 202 63 47 144
-793 483 39 49 197
-989 396 47 47 121
301 320 41 37 121
-282 117 55 49 167
-489 465 48 50 172
506 184 56 35 173
-120 397 39 59 152
41 256 59 50 147
-921 382 41 46 117
-655 42 39 62 169
54 513 66 38 164
351 351 54 61 199
-434 71 53 39 199
-357 315 56 56 135
-739 47 40 66 166
460 227 51 42 126
699 161 34 38 101
634 34 55 36 178
195 7 60 42 165
994 300 59 46 188
-16 517 42 61 106
728 467 41 48 101
-91 343 36 46 108
232 288 55 60 127
-420 366 58 40 145
-89 11 42 42 179
473 269 40 42 173
488 160 57 57 160
-769 112 60 42 130
-504 401 65 40 104
-954 383 43 50 148
903 217 61 43 186
881 42 40 39 144
745 198 57 36 192
616 296 38 34 199
992 389 60 48 132
596 356 45 56 195
-762 333 40 48 132
237 330 50 49 106
698 79 65 49 191
-750 60 48 50 133
-995 115 39 45 142
768 286 37 54 171
-440 472 53 52 195
672 365 58 46 102
426 222 54 66 138
-889 364 61 55 149
709 236 41 41 152
597 150 56 63 125
106 292 39 65 152
289 293 48 50 110
-284 322 53 45 114
-815 344 42 59 191
50 455 51 52 110
-27 130 58 65 183
-898 253 52 65 166
-251 140 45 65 166
-688 432 52 34 113
-6 121 45 41 171
-617 24 42 60 176
427 53 58 50 182
-108 10 34 64 111
-92 272 34 53 180
676 273 64 40 181
740 486 61 54 134
-346 81 46 46 164
630 279 58 62 139
-27 98 52 54 113
782 197 41 52 110
70 356 52 65 167
-978 201 46 64 191
-914 4 36 53 134
-923 59 43 65 117
104 401 49 58 102
405 418 63 39 105
-452 501 50 57 200
705 327 55 57 153
-22 323 64 45 150
204 490 56 45 147
-585 505 57 39 169
981 425 57 51 146
510 250 56 47 128
-295 522 35 48 167
450 333 40 42 106
213 229 52 60 193
627 138 45 43 104
607 177 38 41 134
-860 164 38 42 161
82 437 45 58 150
0 241 54 64 179
-991 307 55 66 114
266 22 41 54 110
909 9 54 36 177
-778 236 45 63 189
-64 225 61 44 158
-870 151 46 51 125
-553 258 64 53 122
-805 134 36 38 118
-284 176 63 58 197
247 250 35 36 129
-976 201 60 65 156
379 485 43 55 134
-538 404 35 52 178
-431 376 57 57 110
97 399 63 35 169
806 465 39 58 136
181 403 49 41 179
-187 353 52 39 121
-324 37 56 50 164
554 443 54 36 147
-180 139 55 58 101
-616 193 61 47 185
-812 199 64 41 163
252 366 49 58 164
-473 176 37 45 196
843 155 64 46 120
-322 189 53 66 144
317 310 48 53 156
-80 194 39 51 163
-578 135 60 64 108
751 430 44 44 163
-945 2 47 37 194
261 251 59 44 139
522 98 57 35 143
-622 22 61 50 114
-672 391 51 41 186
852 503 39 34 165
524 283 41 50 186
344 427 34 54 190
-469 347 54 50 145
629 328 47 59 190
688 137 66 66 189
199 232 43 55 125
