995
619 156 137 117 4
1000
-250 833 64 47 123
986 535 59 41 111
-555 546 58 39 107
739 582 65 54 130
-38 815 40 48 196
-818 883 53 48 158
955 627 56 53 137
-131 72 47 37 111
-287 102 45 63 145
40 173 42 64 107
267 434 51 35 194
-927 82 35 35 172
-664 847 60 55 170
368 49 45 54 172
-664 839 65 46 146
-599 715 50 35 110
352 644 51 57 173
153 222 53 37 118
595 169 49 36 177
800 680 65 42 127
522 796 55 46 115
-858 422 54 45 119
527 1 46 60 137
73 673 66 49 132
-767 532 53 55 167
-450 720 38 53 176
-321 347 46 38 129
725 639 46 50 162
-294 90 66 66 170
966 603 65 44 200
367 776 39 34 185
-788 527 62 38 104
868 500 41 44 151
-691 769 58 40 103
820 16 57 62 111
-524 181 46 64 126
-435 462 41 36 170
753 470 66 37 179
-508 851 60 64 150
-74 544 51 44 155
569 417 48 52 124
-477 779 61 57 135
-874 191 50 41 164
598 405 47 36 189
-991 767 35 36 173
-790 851 56 52 151
-320 556 58 55 153
-377 363 59 41 175
-166 636 55 56 178
-110 352 55 36 196
-57 724 66 45 144
-250 658 66 35 153
882 503 45 40 129
341 522 63 56 154
-455 111 39 43 195
251 464 47 59 131
-262 7 34 60 188
-192 654 64 50 137
240 619 48 62 199
-618 266 35 61 116
728 385 62 59 166
-37 111 43 50 103
129 841 50 66 106
280 58 45 47 141
-645 294 40 52 146
868 508 65 51 188
18 404 36 54 120
-749 131 35 49 174
-533 235 39 54 182
293 749 65 45 179
446 635 56 42 165
895 862 64 35 162
97 97 56 66 107
182 811 62 49 138
251 271 41 62 106
-544 752 36 66 191
-471 835 47 36 176
-569 682 41 43 171
457 151 46 34 172
409 890 55 51 150
-1 798 64 53 136
-259 245 63 59 145
353 143 39 48 102
-132 237 57 60 192
-332 27 40 52 101
108 71 63 39 110
558 575 51 63 121
33 23 53 59 194
-599 105 55 44 110
-683 465 39 53 186
-543 888 47 38 194
704 510 64 52 123
-654 198 43 54 165
-379 156 59 39 121
-549 875 51 58 184
-254 583 39 45 147
-668 557 35 44 180
902 780 41 59 102
135 35 58 44 132
-116 83 43 35 194
27 282 45 55 126
-187 767 55 53 172
-179 673 54 62 187
969 872 66 36 179
96 506 42 50 106
226 785 50 46 143
170 278 39 66 151
119 646 41 60 102
11 558 44 40 171
-20 253 49 58 180
792 572 40 49 186
573 862 62 42 164
-301 574 51 52 174
-841 289 64 45 130
861 718 57 43 104
-323 219 55 39 137
-185 28 60 60 130
320 798 43 60 180
-966 423 56 38 192
793 732 44 57 102
-83 526 40 57 191
620 667 44 58 115
66 887 64 53 198
209 383 36 57 146
-688 701 37 48 194
-765 805 37 58 165
-288 800 44 41 135
-170 27 63 37 191
-527 476 63 46 160
-978 309 50 59 154
523 816 52 58 174
692 330 56 64 121
-475 369 39 66 110
-620 590 50 52 132
-850 504 43 38 159
-955 416 61 54 194
-490 320 59 64 197
290 449 48 56 130
679 329 50 50 152
75 252 41 62 185
370 726 56 59 131
911 270 48 50 101
-571 591 58 62 116
313 122 66 45 118
-262 49 42 64 102
902 873 66 65 133
568 774 45 66 139
-299 386 65 41 164
-674 13 40 37 117
-1 214 35 59 151
822 346 64 41 191
-950 257 45 49 109
29 842 34 56 133
445 626 57 64 161
107 91 55 36 152
314 50 40 61 143
-471 634 36 49 198
-164 335 55 42 117
575 158 63 41 189
930 664 48 34 187
62 8 59 47 160
-999 124 38 43 155
317 304 41 63 143
825 522 66 56 164
63 386 47 57 136
-992 31 55 35 140
404 820 59 34 187
-742 875 60 41 190
223 8 51 62 156
618 63 40 35 163
936 284 60 65 147
-965 117 60 57 185
781 845 59 42 119
-697 802 63 54 167
148 388 41 48 102
450 305 39 41 130
773 714 64 50 186
805 335 51 57 145
430 683 47 42 178
-743 774 55 36 116
694 515 34 59 165
-577 689 42 39 181
582 12 64 46 123
546 747 43 55 140
-840 754 54 65 153
-305 601 39 40 139
163 537 35 34 150
40 58 63 59 110
900 401 37 60 184
-425 734 35 34 195
890 24 65 56 131
-915 547 58 38 169
-501 772 52 53 154
160 355 62 53 193
3 406 59 41 145
-86 186 41 37 118
673 611 53 63 143
618 53 38 64 128
146 392 37 64 161
654 685 55 46 141
706 293 45 46 110
-735 399 42 51 183
-208 2 53 52 178
121 662 38 56 181
772 808 48 41 180
877 764 43 35 154
-749 399 43 63 175
428 105 59 56 181
-945 606 59 40 191
656 217 43 62 163
996 432 41 37 105
174 138 59 66 161
-992 658 59 54 110
-624 116 62 47 120
-366 752 44 47 108
-394 894 55 48 192
-715 857 44 41 115
-274 468 38 64 157
-364 677 50 57 170
633 572 34 45 188
748 661 54 60 200
-995 661 53 58 192
-798 833 62 55 136
402 160 55 49 183
572 548 59 34 119
31 496 57 56 153
-3 343 54 60 110
942 123 52 63 112
871 550 38 61 120
208 597 45 61 140
150 170 51 38 109
998 714 44 53 182
-573 363 57 63 101
768 54 35 41 137
-658 624 56 62 103
208 642 65 59 130
-165 891 35 54 113
126 866 62 46 106
-280 805 65 42 180
-770 132 35 36 196
785 447 53 37 190
-839 649 47 59 149
706 650 56 58 172
-239 690 40 34 128
469 846 46 56 149
-577 98 45 34 125
-256 60 38 47 165
-71 286 65 50 127
-165 468 49 47 167
596 103 58 66 176
-472 242 49 62 115
65 731 43 38 121
27 155 55 50 119
-746 185 66 51 199
854 207 41 57 150
288 115 35 58 135
-467 828 57 64 151
-50 806 63 65 118
-296 870 44 46 136
-808 116 41 51 165
-816 607 37 66 113
-775 579 41 57 103
-777 77 61 34 129
-38 806 48 48 173
782 558 52 34 135
270 311 63 56 133
-431 217 46 52 156
689 733 59 37 131
104 729 60 41 171
398 789 56 49 190
-325 632 38 61 132
377 487 38 52 117
954 323 35 64 109
931 869 51 51 190
112 44 62 50 143
65 803 39 42 145
-644 331 44 39 101
-209 704 41 41 128
316 419 36 50 179
670 687 48 66 130
189 565 45 41 125
-161 22 53 39 187
-615 884 37 62 193
-765 316 36 37 200
-328 823 47 58 156
324 398 40 51 157
-228 117 58 37 198
-793 639 58 54 135
260 416 61 61 162
592 265 34 45 136
-861 56 37 41 161
-360 710 34 63 174
569 804 38 47 138
-313 706 47 34 158
-932 293 52 46 198
-684 805 34 42 150
341 579 61 51 158
353 534 55 58 112
217 49 58 60 140
-595 588 55 42 113
998 88 45 37 145
-181 860 48 55 111
-515 573 61 57 156
52 119 47 39 126
-940 574 63 61 161
-693 624 40 34 110
224 778 35 39 147
-530 384 52 41 179
-810 540 61 64 111
-399 722 65 34 148
-22 857 46 48 166
182 149 57 53 182
757 210 64 56 181
-811 230 66 41 110
507 32 35 61 168
-491 514 64 52 141
616 253 64 42 192
500 343 42 61 135
-679 615 43 48 164
-967 426 39 58 157
-549 677 40 65 192
665 157 44 43 163
814 449 63 48 172
439 151 37 64 166
-310 263 61 34 134
65 279 34 37 193
468 742 56 66 191
-841 299 44 35 109
-277 765 66 38 156
647 215 51 59 101
-11 238 54 46 135
768 370 54 58 159
-66 778 52 55 191
56 505 63 61 101
-804 40 54 41 128
889 534 52 42 198
-52 2 34 60 126
-783 46 42 64 105
781 666 48 44 106
-76 238 38 39 198
-96 471 46 51 126
927 91 39 41 195
911 402 66 53 174
-969 307 37 39 129
-365 126 66 52 171
504 857 66 48 198
439 617 41 36 180
-733 337 34 40 169
-394 513 36 57 178
763 345 65 66 123
57 473 42 51 195
348 598 59 38 195
682 158 56 66 161
-466 486 36 53 160
-926 500 63 35 189
-946 394 51 48 166
-898 285 52 36 141
699 646 41 34 144
-72 196 57 66 154
500 27 59 54 174
-85 304 62 50 142
352 510 45 49 188
967 641 54 47 190
-511 243 50 40 146
556 516 56 39 178
-644 689 37 41 152
610 110 34 64 200
196 297 46 62 112
402 613 55 43 187
-325 292 44 57 116
636 205 62 62 118
69 400 58 38 179
968 398 38 61 198
311 32 35 63 183
897 386 43 55 146
908 879 50 41 101
-138 142 54 63 119
-579 885 56 55 145
846 452 37 60 193
256 718 61 47 164
-388 854 65 44 151
-335 472 40 50 137
92 511 45 57 148
-980 745 65 49 131
-294 608 66 63 117
346 616 65 34 178
-968 325 38 37 185
-399 836 44 50 197
-52 250 46 34 187
-483 723 34 47 154
675 243 49 41 180
106 475 60 45 105
870 433 38 54 177
241 143 37 55 129
-986 865 34 53 147
-827 116 60 36 118
597 729 46 51 105
218 199 48 62 152
-557 577 56 63 167
971 20 40 43 190
-207 58 54 43 194
260 596 49 62 166
-580 26 46 59 134
436 650 42 45 130
-331 597 55 53 124
345 485 38 48 129
992 605 54 64 170
-525 428 58 48 124
252 85 54 48 192
-454 61 64 64 182
-682 805 48 53 168
43 284 55 60 125
-899 785 62 57 177
88 23 60 43 163
-739 396 44 42 142
174 69 55 49 147
199 190 41 43 132
195 296 55 45 133
-610 553 44 53 182
-708 232 65 64 148
-667 178 44 58 186
-687 449 45 63 141
88 167 40 39 105
-754 77 43 61 146
-451 723 52 43 195
433 399 58 49 121
-134 768 49 62 148
532 25 54 37 189
139 671 64 38 144
-232 256 45 66 188
-76 727 49 47 174
682 186 66 57 134
-1 725 63 62 110
-50 836 40 50 112
408 115 50 45 118
328 385 47 45 162
204 66 39 63 124
473 110 49 48 105
933 727 64 54 132
-450 845 44 55 188
-300 167 39 63 176
814 437 35 54 154
-533 383 44 59 160
-379 607 65 37 153
-298 70 66 43 111
-887 91 56 61 111
-553 566 40 46 114
-140 592 58 50 157
946 395 59 52 157
-545 297 56 65 197
867 788 57 34 130
-586 155 53 41 199
-878 216 43 37 163
409 532 45 59 167
157 276 42 40 108
700 855 47 50 197
-417 746 42 46 188
768 640 66 44 107
-597 850 51 36 144
205 4 64 57 162
-50 616 48 36 112
-326 544 60 56 121
-961 354 60 50 108
-291 769 49 58 110
-394 779 37 37 198
-304 887 34 47 132
-657 844 34 50 110
-361 793 37 38 132
-71 103 35 37 160
-816 254 39 42 130
-282 164 46 52 146
-210 823 58 34 155
-466 216 35 62 101
156 225 61 34 138
-393 711 59 66 185
898 316 66 66 131
964 264 50 59 166
41 103 43 56 126
-399 176 65 37 176
598 108 40 36 184
144 286 41 61 154
-741 879 36 38 199
-815 633 34 38 112
-151 128 59 52 181
-157 769 62 39 112
-444 18 49 39 185
-500 878 51 51 118
113 219 35 66 134
265 715 57 36 106
521 488 52 61 147
-822 716 57 40 119
-546 604 43 60 187
-226 329 65 39 117
-578 874 44 58 119
-577 792 49 45 190
-414 332 38 46 117
958 175 45 45 104
-652 497 53 60 144
684 794 48 40 127
-501 500 39 66 135
-891 473 47 58 142
-316 857 61 58 173
-968 120 60 60 120
813 334 66 38 179
-460 445 50 55 168
-94 582 51 55 155
-930 112 51 39 175
194 87 36 39 200
384 493 39 49 176
816 129 43 40 188
-187 174 66 66 172
-73 254 51 56 140
707 72 36 57 153
-297 510 54 38 102
-799 333 64 46 192
-85 187 57 54 106
-882 833 65 61 124
-884 253 66 61 130
604 233 38 62 126
-832 190 45 64 109
49 72 39 42 132
-198 74 50 37 186
132 353 41 41 129
350 834 40 47 180
48 86 47 53 102
-210 419 43 43 158
560 299 55 59 200
438 126 56 56 151
-976 149 64 36 186
-121 310 37 39 164
255 336 50 57 111
-387 696 58 62 152
30 44 60 51 134
469 69 45 48 190
69 519 59 41 112
-64 887 58 40 102
261 552 61 43 150
291 870 54 56 156
-240 111 44 34 182
332 851 62 35 199
-572 263 66 40 157
598 363 59 62 188
289 868 39 56 193
-284 362 48 46 120
468 95 36 51 123
-12 602 44 45 151
950 131 41 36 130
-368 625 62 53 159
-545 812 36 63 132
-862 153 62 46 172
426 697 55 35 173
-222 484 66 51 138
494 823 58 60 138
-128 42 49 51 110
660 390 66 50 198
926 348 61 40 194
432 163 53 62 159
812 271 44 51 198
-917 209 42 58 142
204 765 62 57 163
-215 529 48 57 193
-264 842 35 50 122
426 867 40 45 168
877 137 54 45 114
941 884 64 46 167
-827 132 44 56 161
-578 6 60 38 196
23 20 60 40 130
757 368 35 48 149
756 583 36 46 106
-427 183 50 41 142
52 84 38 64 189
576 363 61 55 188
-549 617 34 34 188
-837 518 46 40 188
504 532 58 61 142
-629 694 53 51 125
-518 263 42 58 124
-966 144 41 41 134
-18 837 58 66 168
306 598 65 66 115
-284 556 46 57 137
210 147 35 42 123
754 433 60 64 173
266 108 65 61 179
-191 653 60 36 174
-676 303 51 49 123
727 846 45 48 137
-882 67 38 43 140
-967 369 64 66 154
725 444 46 58 151
869 299 38 66 111
-448 888 48 63 157
-608 434 64 61 144
-300 583 43 50 193
914 778 38 43 122
-404 68 47 64 133
-207 474 62 55 174
-746 39 46 36 112
-169 650 61 62 178
-263 486 45 42 134
272 620 37 65 104
617 445 45 46 176
664 894 60 38 113
609 45 41 66 185
139 320 45 57 138
-106 841 56 57 136
-979 863 43 35 197
236 418 50 58 189
78 10 52 49 187
-499 615 55 40 188
-632 859 48 52 136
-281 82 42 59 177
915 760 64 50 126
879 809 62 49 168
600 9 53 47 118
-635 313 35 35 109
-588 501 43 45 107
-536 719 40 63 150
657 58 47 56 192
-819 715 63 38 174
-496 142 46 66 159
695 418 35 37 136
683 749 50 55 194
245 797 56 46 127
459 240 56 58 133
829 239 49 35 106
-240 223 63 41 167
-380 689 34 50 177
-872 524 34 40 116
987 799 59 58 118
-434 572 40 66 129
827 736 48 47 133
485 857 52 46 134
-726 884 50 66 142
278 374 34 35 136
913 352 35 53 161
-746 52 48 38 155
799 863 56 37 114
530 305 35 55 149
-151 629 37 57 104
-315 358 59 35 167
-617 509 44 65 125
-51 216 42 61 107
-824 565 35 55 159
-585 65 51 55 107
987 688 47 61 163
573 80 58 37 166
-364 244 35 34 122
23 488 65 60 135
900 858 43 50 109
-106 327 51 48 140
-313 463 65 46 153
-976 42 34 62 121
798 565 49 51 176
717 295 62 64 144
-389 84 40 46 105
-125 138 39 46 105
-662 79 55 48 163
-171 556 55 63 118
-648 79 66 66 114
861 734 43 36 192
-954 162 45 56 188
-256 400 35 56 145
762 177 60 65 150
-156 530 46 53 124
873 465 46 53 102
-739 352 37 63 110
676 410 59 63 139
486 137 52 63 195
-459 637 66 38 166
348 749 50 62 154
-387 517 60 57 138
122 799 49 47 153
186 453 39 57 160
-926 736 55 45 139
425 19 34 38 169
508 589 62 47 195
460 348 61 44 109
-575 746 38 50 187
384 496 62 42 135
-863 105 36 60 192
-247 197 34 60 107
198 406 50 41 140
747 611 41 56 103
-65 264 55 45 159
-104 555 46 43 140
-589 62 43 42 197
-163 242 52 63 143
464 771 34 36 185
-88 732 36 38 120
-881 23 47 39 115
-28 178 36 44 200
-922 20 48 34 114
-535 485 63 40 158
-761 873 42 35 161
-287 173 57 35 188
-106 411 56 56 159
-267 583 41 48 163
-721 862 43 57 122
456 877 41 55 103
-569 642 45 54 189
405 343 36 39 183
-709 758 48 54 156
989 805 44 63 130
-295 57 66 53 104
-864 692 35 59 165
-518 662 34 56 157
-33 128 53 38 141
372 349 55 34 124
899 738 39 34 157
-708 698 40 46 146
-159 386 42 61 137
262 123 39 64 197
932 4 38 66 132
855 589 63 60 153
-456 410 59 40 195
53 877 38 46 143
-888 311 55 43 156
-965 19 42 45 117
-895 202 49 61 191
323 479 47 49 160
-154 266 59 63 186
479 193 42 66 113
550 750 57 62 176
-599 881 62 41 158
306 26 35 50 110
-28 170 50 35 141
-121 809 49 66 113
998 889 40 55 165
-394 203 39 51 141
-686 791 58 55 140
-920 238 55 41 102
83 100 58 39 171
-603 545 60 49 126
-353 562 46 39 174
468 298 37 41 158
460 568 34 47 180
-736 317 48 59 128
-307 670 54 56 167
419 527 38 38 134
-110 440 49 65 188
-319 372 61 38 192
596 166 66 62 155
610 892 52 44 118
-540 165 60 37 103
-179 10 38 43 176
342 144 66 39 166
-789 649 44 60 122
-650 413 44 37 119
-92 141 36 64 107
332 397 61 46 148
661 304 45 58 128
-976 803 65 48 186
-515 588 47 62 123
782 336 46 35 148
135 790 46 61 110
469 442 37 60 155
-387 630 41 53 165
-94 185 59 65 181
-690 887 59 40 139
-433 303 53 60 161
382 848 50 38 105
-697 172 47 66 149
675 176 43 39 139
220 114 37 37 163
170 271 45 45 107
838 259 50 65 158
921 743 50 65 117
471 800 52 57 157
-498 213 49 48 185
302 156 46 59 157
429 341 49 40 121
349 800 40 34 140
-502 711 47 46 170
324 528 34 53 115
-795 308 48 42 191
468 872 52 64 132
-18 588 43 60 167
-695 129 50 53 132
210 325 61 59 134
-539 347 34 63 124
474 864 63 62 102
-254 271 34 58 182
-744 761 60 35 117
-213 849 61 50 159
-934 407 62 39 189
-496 359 44 48 197
-317 191 51 63 124
359 179 52 53 143
535 302 55 43 162
451 248 46 65 105
8 238 35 59 144
927 576 60 58 200
739 459 42 54 137
294 579 61 36 117
-495 329 37 58 111
-649 753 43 61 173
-32 342 43 34 125
-842 846 61 53 131
688 432 61 36 138
193 246 65 54 184
-438 240 54 46 136
-666 309 36 64 191
790 870 56 65 104
-233 218 42 63 199
807 144 47 60 170
-899 350 36 66 196
216 126 36 36 176
54 713 49 62 131
-615 61 61 60 162
-862 327 59 40 194
355 863 46 45 175
-69 748 58 63 146
556 614 66 41 137
645 893 41 45 187
446 503 49 63 116
-696 494 66 57 172
964 350 61 44 115
-570 43 63 54 108
343 893 63 41 169
31 415 64 59 184
176 244 62 48 135
-702 77 46 36 164
-513 351 52 55 126
368 306 53 50 160
623 688 34 66 183
-11 768 35 59 115
-640 331 51 47 145
-3 165 64 59 179
-263 168 45 55 145
788 119 48 36 158
807 857 64 41 119
-998 700 37 35 132
650 513 47 41 146
-933 653 42 50 107
221 86 46 65 102
-19 298 55 48 107
-939 1 35 52 133
-376 242 39 42 144
-538 300 49 61 128
-929 461 57 55 192
893 82 61 47 192
974 643 57 65 125
-210 750 55 38 168
175 404 66 63 120
802 466 52 38 187
-472 442 37 55 163
-287 384 46 48 155
467 639 48 51 156
-527 278 64 34 189
-153 575 59 58 172
911 740 57 59 162
146 579 56 39 139
512 766 35 39 145
-569 538 53 55 132
-527 544 42 42 110
278 521 34 60 112
555 754 34 41 101
827 390 35 62 151
318 203 65 41 122
-677 849 53 35 132
-634 58 60 43 191
-708 738 64 51 149
12 55 65 59 170
154 120 47 66 145
-382 636 39 62 110
582 71 47 53 156
459 825 53 36 164
-57 83 58 57 174
-488 592 62 58 151
570 49 65 38 181
-884 20 55 62 177
-918 246 54 43 176
-971 382 37 58 196
-808 91 45 34 156
367 516 40 59 145
408 534 42 60 112
781 88 49 51 169
-866 556 49 40 106
868 359 49 63 112
737 519 53 64 108
445 178 47 39 175
-546 712 39 48 121
104 135 34 55 153
19 98 58 34 159
825 766 53 64 140
-216 836 55 65 108
-797 388 66 54 189
-333 199 58 44 124
-118 773 35 40 165
318 121 63 56 134
-832 861 64 63 153
540 826 51 56 151
872 65 62 62 182
-698 627 64 63 133
-596 541 53 36 164
-220 45 49 37 123
494 86 35 64 171
652 647 36 65 136
-983 674 37 61 165
-463 666 42 52 189
-548 303 61 37 164
980 255 53 66 145
907 265 52 49 114
656 586 42 64 114
-994 54 63 43 136
-682 371 62 65 172
-7 695 64 35 126
288 183 39 66 108
-42 300 38 42 199
109 565 39 58 148
955 129 40 45 161
735 394 35 38 182
-6 167 56 65 178
431 104 57 46 133
-13 508 41 44 185
-937 450 59 50 158
855 426 42 34 187
94 303 63 35 140
742 607 55 55 145
-209 881 60 54 160
-819 734 45 56 162
608 125 39 66 128
-584 276 65 59 142
-673 420 50 42 181
-612 623 52 63 175
-872 654 34 61 126
681 223 39 65 114
-857 95 40 59 171
-982 259 41 34 163
-48 241 38 51 119
-744 678 34 47 114
53 194 51 49 148
489 340 62 54 107
988 448 42 59 154
-468 863 38 57 146
381 844 44 59 194
720 365 46 44 192
-214 366 64 57 197
496 280 47 60 168
517 187 61 59 128
-885 130 46 55 136
650 315 49 36 157
449 673 56 47 119
712 780 56 48 188
-257 232 49 37 140
403 454 51 59 165
890 469 48 47 183
-965 165 61 36 150
-973 436 65 60 123
501 447 50 46 196
-444 517 52 57 147
383 396 66 60 117
55 241 42 58 197
-168 440 34 48 192
-797 134 47 66 106
-863 83 55 56 145
-806 250 59 60 166
-676 23 59 49 116
477 721 53 57 162
-368 402 59 49 160
-342 118 35 63 165
911 298 35 66 134
-548 345 45 61 158
295 401 42 64 170
-195 369 63 53 196
372 472 49 64 174
-743 619 60 39 187
-20 257 44 52 169
-807 792 52 55 166
746 880 46 35 185
-679 702 36 36 159
831 101 38 59 190
73 782 36 37 177
63 288 56 40 105
388 283 40 39 174
-325 274 42 61 189
-871 362 42 51 111
-397 644 60 34 144
-302 678 52 40 146
769 591 64 35 116
973 594 37 38 127
-439 600 63 43 180
901 75 41 61 151
-17 283 59 43 190
650 49 60 65 184
-180 459 36 49 167
-109 581 66 37 124
851 522 41 46 161
447 660 58 43 126
-474 882 51 48 131
484 456 51 63 173
-779 459 66 55 158
534 675 53 44 162
653 86 40 65 180
511 463 62 36 141
-655 72 38 60 101
-104 188 54 48 181
-318 299 59 47 147
