612
15 17 19 42 9
1000
-38 268 51 42 9
715 60 52 50 25
133 33 52 59 10
439 7 60 57 59
-90 341 52 53 65
-492 153 54 54 100
-654 80 42 55 71
210 13 53 46 95
-674 199 49 46 33
857 262 54 47 76
716 292 46 41 14
-402 396 57 56 27
-596 308 42 58 34
788 272 54 59 42
-148 474 57 42 57
121 442 48 58 88
238 25 57 41 13
-584 317 59 50 28
-182 62 55 57 12
661 327 50 50 30
-351 154 59 60 56
-387 336 55 58 77
-426 280 51 48 94
-252 0 49 48 90
-639 392 45 48 77
-496 14 57 49 51
268 339 59 54 12
248 152 41 50 56
-489 340 57 59 3
838 356 50 46 21
-844 226 48 60 91
883 269 50 53 70
18 488 49 44 8
309 210 58 58 60
948 79 50 47 5
-828 265 53 54 12
-278 175 53 53 64
884 454 56 59 63
-524 168 53 55 77
-144 461 50 47 45
180 283 43 49 34
257 200 59 59 28
991 511 54 43 64
-714 509 46 42 45
359 492 56 55 33
96 51 57 59 73
204 170 44 53 37
217 193 45 45 54
974 48 43 52 38
336 480 41 56 33
-963 404 55 45 32
187 98 52 48 77
-239 159 46 44 53
-206 245 57 55 12
16 81 48 46 35
-895 392 46 51 6
-118 94 47 60 63
944 83 46 60 78
-99 299 57 53 73
154 269 56 44 75
-573 28 55 57 74
335 74 49 45 9
-72 508 52 58 16
629 103 59 41 82
-381 269 49 48 64
879 366 60 45 53
347 73 58 44 40
-769 45 49 59 58
58 255 42 51 38
293 325 46 44 65
-177 172 48 52 38
-993 20 56 55 88
999 169 57 58 42
620 127 44 55 95
893 144 42 47 74
-886 283 60 46 10
-45 31 60 59 84
89 212 53 41 52
-678 381 41 54 56
-110 93 59 51 25
105 444 49 49 2
538 350 48 57 11
954 436 44 44 2
768 379 52 53 34
779 398 60 53 47
-48 96 57 46 1
255 406 56 47 4
-23 36 48 48 56
780 235 41 60 25
321 440 49 48 78
-951 108 43 51 58
471 460 57 58 20
439 12 49 60 43
-340 376 48 46 3
-810 224 59 55 10
-609 286 54 46 89
-293 405 54 57 2
-30 497 46 45 80
24 450 52 57 38
595 12 56 41 58
-621 347 52 59 45
-730 278 49 58 93
-116 430 53 54 8
-472 229 49 57 71
-369 341 49 54 44
-335 147 59 48 25
-131 211 48 60 21
-565 410 54 54 28
-489 377 58 46 73
550 355 54 59 27
829 309 44 45 33
-260 437 53 45 58
158 13 47 47 45
-527 445 46 45 52
-309 375 53 53 5
196 106 60 48 88
-773 335 47 57 59
-585 478 51 51 26
643 229 42 43 72
-904 297 49 45 48
-776 19 52 45 92
238 106 56 41 60
644 109 55 52 60
-780 172 57 50 88
448 248 43 60 12
-872 384 54 43 59
453 492 42 45 33
-391 327 53 53 79
-883 339 42 47 36
803 437 56 47 1
523 452 49 47 63
686 358 43 50 86
79 346 43 52 83
32 145 52 52 60
304 150 46 58 16
248 254 53 58 73
-716 160 49 45 76
24 354 50 49 91
96 354 51 51 25
-364 360 47 52 19
455 270 44 60 38
-838 312 41 47 21
295 143 48 51 38
-866 209 53 46 47
-273 21 50 51 64
-902 161 57 54 70
875 177 58 49 70
298 89 53 53 23
-483 123 58 57 16
519 20 56 50 71
-560 380 59 43 25
285 124 51 50 74
887 18 53 50 18
636 27 41 51 70
280 2 53 53 70
602 422 54 46 14
-483 325 52 44 11
-452 346 47 47 40
865 72 41 47 48
401 459 46 58 21
227 77 52 59 36
-105 173 57 43 24
790 279 59 58 52
964 99 44 60 86
812 424 50 56 77
-829 57 44 50 17
87 152 56 54 26
146 261 45 45 92
520 328 51 54 46
144 82 58 57 11
-589 145 44 47 65
-100 374 41 59 2
-832 178 49 57 32
-919 152 46 49 94
101 55 54 54 86
444 397 44 51 49
-120 339 52 43 46
737 182 54 46 8
173 488 55 47 93
-861 335 44 48 76
-506 337 59 45 92
-292 237 56 52 54
-767 299 55 49 38
711 145 46 60 66
175 337 42 60 89
-413 205 45 41 74
-915 72 43 42 18
45 41 42 53 31
109 327 45 46 93
-584 440 55 58 11
643 285 43 57 69
957 303 53 56 49
655 308 56 60 57
474 359 51 53 2
468 329 48 57 89
-809 258 49 57 57
-869 282 54 49 23
-84 323 60 56 45
962 301 54 56 86
738 238 57 54 86
709 39 60 57 3
-363 226 59 55 47
641 435 49 46 18
844 381 51 46 17
-215 163 47 44 39
589 95 60 43 32
640 239 42 52 29
683 432 49 56 32
-547 437 58 51 20
-761 393 57 58 34
556 480 53 53 28
646 387 52 41 54
249 303 58 45 85
-186 74 54 44 49
-15 330 41 55 30
-860 9 59 58 24
-785 84 41 50 85
944 151 57 52 95
484 370 55 47 88
-733 112 43 42 98
-363 450 53 56 61
-533 323 55 41 100
-995 496 58 59 83
-727 276 59 60 7
-662 122 42 43 32
473 179 57 48 50
428 34 56 49 81
796 226 41 51 27
993 216 54 57 24
-708 403 41 43 44
987 456 42 43 73
-241 326 49 59 69
394 214 45 51 66
-372 508 53 48 42
551 354 45 57 35
-229 425 54 43 77
-519 120 54 43 15
300 461 51 51 77
617 312 48 60 91
-908 504 46 60 68
-447 399 57 42 8
573 306 46 58 89
823 57 43 60 94
-322 339 41 53 65
949 232 52 53 16
-153 206 46 58 64
833 248 47 44 75
-730 456 58 53 44
-96 55 48 52 48
23 56 55 44 45
-584 312 48 47 37
366 232 55 43 43
147 146 45 56 53
712 25 59 55 99
-622 430 48 42 14
-765 214 44 53 81
440 374 50 59 68
106 294 58 50 4
34 58 53 58 73
544 509 52 49 89
-992 222 59 42 66
-830 461 54 49 34
-43 277 54 51 61
61 173 44 53 3
-884 482 41 51 87
-682 289 41 44 8
-128 423 52 55 25
782 264 56 53 57
-39 25 59 56 87
888 146 48 56 50
789 114 56 42 88
784 181 60 43 57
946 204 51 52 80
-203 51 53 58 71
386 103 41 51 21
510 271 47 42 14
166 347 49 57 36
839 312 53 43 21
308 413 43 48 64
-971 254 59 45 22
708 407 45 51 32
-757 314 60 41 20
812 202 47 54 28
-970 510 45 51 95
332 78 44 60 31
60 113 54 44 19
-680 48 50 52 2
788 403 48 44 30
-379 254 43 53 97
-198 397 59 41 8
-30 362 57 51 60
216 108 58 42 22
-864 216 56 45 27
4 309 51 57 66
516 84 43 52 87
-424 386 43 47 53
165 178 51 49 86
209 55 44 46 17
55 499 46 50 91
-499 351 43 44 18
315 399 46 44 84
-522 272 50 58 22
-271 468 49 42 100
770 223 58 50 82
206 34 49 58 19
921 453 42 53 10
-907 415 47 60 17
335 197 46 53 13
889 361 60 60 83
990 328 54 42 2
859 109 50 60 53
749 388 53 41 77
-571 56 46 42 96
-640 256 59 50 20
39 108 42 42 42
99 455 57 54 2
448 70 55 53 80
997 508 60 41 60
-267 94 48 47 27
-422 296 46 48 22
395 26 55 48 27
-734 164 44 58 30
-175 230 43 53 3
156 429 44 44 75
-999 62 42 54 60
-427 7 45 48 41
-496 356 45 55 96
-837 505 45 42 95
984 211 57 50 64
-121 265 49 60 26
-235 102 60 55 18
-107 476 46 59 91
727 360 58 56 6
-550 137 49 42 6
-548 210 56 56 83
-387 234 45 53 65
322 376 56 43 46
483 425 60 56 1
658 164 54 52 95
824 71 51 58 44
914 396 42 44 27
-683 297 49 43 87
8 508 55 50 74
644 464 41 54 34
31 415 53 42 69
414 206 42 53 98
-256 163 43 57 83
-416 414 60 59 54
228 353 42 56 96
723 362 54 53 68
-330 293 49 54 49
137 53 43 58 4
-741 373 57 60 83
-650 401 46 56 6
-124 233 55 56 77
806 79 60 54 51
-234 149 57 45 76
-273 20 59 48 86
-766 399 51 46 22
-694 362 60 57 77
-368 391 41 45 32
-579 253 55 56 41
326 234 57 49 57
793 207 56 60 76
919 485 44 50 85
-652 389 54 47 58
-289 361 41 60 57
-313 74 49 43 88
265 105 50 51 40
565 139 41 59 3
447 360 45 46 51
-607 493 60 41 66
-633 201 46 59 61
810 228 59 58 1
-632 325 52 56 47
927 39 54 59 38
-102 387 44 42 33
77 376 48 48 28
227 319 49 56 10
596 124 44 56 2
150 377 48 55 91
566 397 43 56 57
438 160 47 57 96
-587 383 55 53 38
40 327 45 58 23
-723 31 43 45 69
540 415 42 43 23
-542 489 60 55 90
-601 129 48 42 5
-70 217 49 52 94
343 208 43 59 6
-213 239 49 54 74
-875 434 45 43 78
662 216 58 47 60
244 504 58 41 21
979 283 48 50 2
524 156 59 51 48
315 97 52 53 57
-469 449 48 47 22
-729 107 53 56 13
133 464 49 43 25
649 187 47 46 19
435 40 45 60 44
962 3 47 46 80
-941 493 41 43 9
992 511 55 48 72
87 42 55 60 64
798 50 46 56 47
-188 406 49 58 2
605 289 60 60 56
-49 406 49 50 44
406 227 51 44 59
-533 289 41 59 92
426 304 43 42 67
-707 158 52 52 52
-368 58 57 50 22
-990 67 43 41 98
-670 278 60 51 57
231 149 51 47 40
760 169 50 41 97
620 325 47 53 85
-298 69 56 56 17
-335 442 43 53 13
674 298 55 53 72
260 316 52 47 55
804 310 49 45 14
240 177 49 59 21
411 30 59 45 73
217 187 60 59 57
-930 489 48 41 80
-610 391 48 44 26
822 92 42 50 34
-284 472 51 43 65
223 27 60 49 78
-804 496 56 47 59
303 9 43 50 28
-816 407 42 54 47
-239 226 46 52 32
-87 479 49 52 57
504 175 50 55 50
801 470 43 47 35
40 452 44 56 13
298 192 46 56 52
-158 290 44 51 15
-184 131 46 56 100
-858 149 47 56 100
867 183 53 59 61
-954 405 54 53 9
319 234 56 53 89
12 324 52 47 60
-656 185 46 56 33
-886 414 44 43 35
-650 324 55 54 93
939 433 60 45 14
-78 113 48 48 5
724 182 52 43 74
341 11 57 50 86
418 12 42 45 35
-658 220 56 46 14
-6 256 46 49 91
540 507 50 58 42
540 29 41 53 59
-482 259 51 51 5
-264 46 48 58 64
-940 121 58 57 5
-868 370 46 59 37
149 260 44 54 95
-442 195 44 59 89
956 233 50 57 10
638 246 51 54 24
-865 209 46 51 94
951 417 41 53 51
-723 286 50 56 89
-170 240 54 50 59
876 379 52 58 94
-170 402 59 45 69
-395 172 54 57 3
-205 368 42 52 82
641 75 45 59 83
251 302 57 49 32
887 320 54 47 98
11 426 53 56 21
423 206 44 41 46
619 188 54 41 100
941 202 44 56 69
-170 60 43 58 78
883 330 54 48 32
-460 115 57 52 91
-80 103 50 43 51
-30 351 55 48 75
839 155 51 56 47
-258 314 58 58 34
150 66 46 59 32
-651 301 52 59 97
644 413 51 60 3
-487 266 58 55 3
16 174 41 55 23
-650 187 42 45 77
-922 221 52 43 36
353 320 54 58 40
56 128 56 48 11
178 113 54 58 85
588 11 42 42 23
-965 433 45 56 86
138 118 49 54 55
-851 78 56 52 6
624 310 43 43 96
272 361 60 46 94
-923 292 42 48 77
263 229 45 45 93
820 433 50 58 91
-946 300 47 54 69
-195 409 42 59 92
-707 171 42 60 8
-13 318 48 51 90
-472 289 46 42 21
-639 392 53 53 48
872 107 56 43 93
310 318 56 53 40
-194 85 57 51 61
-538 436 50 58 11
348 377 41 59 82
628 340 44 42 53
-537 1 45 52 86
899 427 51 60 22
-803 78 51 59 43
-716 89 45 51 32
974 66 45 46 3
-660 176 55 41 98
700 62 52 47 73
-91 433 57 43 72
-58 361 45 52 92
-894 85 49 55 86
-761 77 56 45 50
545 182 44 47 72
-330 207 59 48 75
-720 390 58 56 45
931 46 52 59 11
-289 355 44 57 7
55 199 47 46 5
-741 151 54 52 62
-408 357 43 60 3
30 406 54 58 51
906 169 56 49 9
784 410 48 59 19
-778 259 46 49 30
-543 293 54 42 25
750 395 57 44 86
-951 177 58 43 56
3 151 44 56 70
628 462 47 44 23
628 382 41 56 94
898 386 41 44 72
388 341 44 43 61
-375 189 41 47 56
-159 249 45 59 66
-375 393 46 51 82
194 301 45 43 49
-64 344 44 60 32
983 55 49 54 52
798 490 58 50 11
6 389 60 49 20
418 411 45 45 20
419 313 42 51 70
511 116 60 54 7
-470 179 56 46 33
105 111 57 51 45
-288 16 50 57 58
748 204 48 54 47
-260 479 43 51 40
784 447 50 41 10
-588 23 56 41 7
700 493 53 60 29
-147 314 53 43 86
514 346 58 54 24
-793 20 52 50 67
-26 77 52 49 40
476 184 47 56 53
398 410 42 57 32
611 171 52 50 38
-498 15 56 60 75
-341 213 53 54 38
42 175 60 55 60
271 447 53 48 99
217 506 54 60 76
-713 394 56 47 14
146 276 53 53 11
494 38 57 43 42
-741 390 58 58 54
-576 214 59 45 62
257 445 41 48 20
-334 360 49 48 10
126 172 49 42 36
210 176 58 46 12
-17 451 50 54 71
-270 397 60 48 81
-651 458 46 57 26
-223 227 55 58 11
-531 506 41 55 18
611 40 47 57 71
-507 336 51 41 34
255 103 57 43 55
-344 194 53 42 6
975 88 52 55 11
111 507 60 50 3
471 115 54 57 26
-173 449 54 42 54
96 66 50 44 97
-939 92 42 41 34
-451 103 59 49 95
-33 103 41 49 35
-790 20 50 48 9
967 233 43 46 90
925 439 47 48 45
-423 234 44 56 78
878 440 57 59 93
736 5 47 50 11
669 190 53 45 79
-543 331 52 60 14
420 152 53 52 14
-481 16 48 47 87
-969 374 56 48 75
919 102 45 41 26
704 402 42 51 21
-995 400 44 42 4
-449 409 46 55 33
-966 58 48 46 75
412 412 46 56 17
826 495 54 56 26
76 37 48 59 55
-609 289 60 42 31
515 495 54 43 33
580 26 47 44 5
453 387 50 60 47
917 409 57 42 54
34 142 58 44 13
340 32 42 60 36
51 460 58 50 85
-179 116 53 58 81
-248 89 59 48 46
-921 301 55 54 77
-276 207 59 44 95
-647 13 50 46 57
176 162 55 58 63
665 138 46 54 37
-186 87 56 50 50
592 473 58 42 27
186 180 44 48 82
-615 239 55 47 43
-683 163 43 59 91
178 173 51 46 11
83 188 50 58 96
460 185 60 52 33
183 384 49 53 44
-667 268 54 41 87
103 272 60 45 9
-538 7 46 45 43
-599 307 44 44 81
-328 152 57 52 44
366 477 42 45 55
899 403 53 54 20
-145 500 60 55 7
-949 158 41 44 80
-248 224 46 45 50
872 321 48 60 56
528 120 58 51 4
-120 344 43 45 84
641 126 50 56 62
448 205 60 47 92
895 217 42 55 53
771 495 52 59 38
-710 401 50 45 66
-953 167 57 48 73
607 471 44 44 68
-699 463 57 47 34
433 448 43 44 93
97 146 54 52 59
-656 384 55 45 58
-11 383 60 53 6
948 236 42 60 23
-307 509 46 50 42
688 256 54 59 42
-591 35 57 41 39
566 314 46 49 5
972 452 45 43 51
-543 439 56 59 60
-148 127 52 43 64
492 69 46 58 57
-66 296 57 44 74
391 326 55 57 2
-472 385 55 53 75
904 51 60 53 82
-304 357 55 53 84
464 162 50 45 8
-211 282 46 49 58
442 464 48 47 24
-187 154 42 44 4
-819 276 45 41 46
987 29 42 41 16
233 25 48 43 69
-174 425 41 59 70
-1000 246 45 47 86
134 128 56 59 27
-462 405 56 55 16
-686 379 53 44 75
375 149 56 46 97
196 275 54 45 72
50 30 42 46 55
4 85 54 48 81
389 446 57 43 29
332 164 60 41 58
50 421 45 50 71
-1 217 60 52 55
-709 208 54 57 72
-827 305 42 45 48
-758 387 43 49 71
1000 456 55 45 83
206 136 60 54 12
934 120 49 43 11
573 346 45 47 47
210 426 60 58 3
499 470 41 54 86
-317 473 49 45 47
613 135 58 42 19
-576 418 47 47 2
490 125 50 42 57
144 41 53 53 39
-75 482 44 46 1
960 476 49 60 91
86 274 42 57 49
339 51 59 56 99
-129 200 52 45 11
-498 331 42 52 7
-108 48 51 50 49
-425 309 50 44 74
25 12 41 44 22
-261 494 48 53 54
357 229 48 50 75
-565 223 46 43 44
-351 230 56 48 12
853 179 47 58 83
-566 256 60 47 18
-787 161 56 47 25
894 497 47 42 52
808 260 41 48 83
535 380 46 59 6
-884 124 58 60 2
735 277 60 50 37
-611 151 43 46 51
582 114 54 42 27
-120 410 55 54 89
751 337 48 48 89
32 483 59 55 29
567 297 56 46 99
-160 495 60 43 69
-630 401 45 54 89
-257 89 57 46 1
592 131 45 44 36
-359 219 43 53 24
-780 307 54 42 63
-104 201 41 41 68
-719 294 59 41 70
-425 466 48 54 60
-530 299 58 51 39
-71 166 42 58 43
130 496 49 60 66
-60 26 49 45 61
-785 353 52 57 14
-89 476 44 56 6
109 279 56 60 31
-394 22 52 46 88
570 296 54 54 88
-137 221 52 46 85
677 178 52 58 18
-892 158 56 49 62
330 159 49 58 61
717 304 49 51 4
316 63 44 43 58
525 461 54 44 100
-36 32 53 41 68
567 31 45 58 48
86 392 45 52 19
-979 69 43 42 23
-300 214 57 48 80
-311 150 54 44 5
-8 408 58 50 8
-676 473 58 60 97
867 421 58 44 96
-815 42 42 48 86
-498 348 42 49 66
-786 17 43 56 73
-495 124 49 42 3
696 124 42 54 80
-375 166 46 43 27
-356 425 51 53 68
-66 25 43 59 17
-689 512 42 41 90
430 89 47 54 13
-835 127 44 50 93
61 197 54 53 41
-470 91 50 60 68
153 48 43 52 38
-510 101 53 58 100
-83 280 58 48 47
894 277 58 44 7
127 495 43 42 57
672 157 58 41 65
-211 416 54 60 37
580 468 48 44 56
-144 451 58 46 90
-932 49 41 49 23
19 287 46 44 91
-493 116 60 57 81
-779 488 50 46 6
112 483 45 53 31
-218 255 54 59 21
-170 198 49 48 5
508 362 41 54 53
-230 474 49 60 90
-79 361 52 55 85
501 461 58 50 69
-453 178 41 41 70
-284 485 55 57 43
309 421 57 42 9
-115 184 44 52 81
-261 275 45 41 70
-67 36 51 42 19
550 282 58 42 70
-928 377 53 45 56
-623 327 47 51 29
581 159 54 43 47
349 261 43 57 51
-710 237 47 57 46
-578 476 43 53 18
987 480 43 47 11
144 362 54 51 63
-240 236 56 47 60
511 375 56 46 6
93 15 44 46 2
-399 19 59 52 34
-637 20 42 59 55
-600 385 58 48 13
-730 276 48 45 18
801 403 43 44 47
863 6 56 42 40
-997 480 48 59 88
-48 240 41 58 87
-162 146 47 46 34
151 417 60 44 48
-744 341 42 50 10
-787 30 45 50 48
758 395 51 49 48
-655 71 56 56 38
440 129 43 42 22
176 331 49 58 12
-954 444 56 55 13
-399 153 43 58 89
-664 451 58 47 58
-480 202 57 52 28
374 397 58 53 13
-589 362 60 53 56
938 487 44 43 15
387 200 60 41 37
-75 165 54 48 56
-98 213 45 48 91
-940 129 51 60 41
-19 234 48 56 90
420 375 41 49 41
415 277 51 57 25
610 109 48 54 54
571 16 59 56 77
-484 480 44 43 50
-860 346 43 45 79
-186 440 46 49 43
181 394 41 42 46
35 51 44 50 54
-47 224 47 51 71
-865 93 59 60 50
-214 424 54 45 77
-729 264 49 45 48
-261 320 51 43 74
-940 160 41 41 44
86 42 52 51 32
-132 251 55 41 95
41 350 53 46 49
-296 72 44 46 99
354 324 46 58 77
498 440 48 45 67
-840 313 55 53 79
827 404 58 59 27
-906 270 51 45 27
-235 337 49 54 83
-887 28 42 59 63
-80 456 55 59 35
163 124 50 42 33
-394 336 52 60 48
290 322 58 56 92
684 502 50 45 34
13 313 47 58 48
298 84 47 43 35
-789 272 47 56 18
-375 154 41 58 76
-188 302 59 43 13
427 14 52 44 51
640 410 52 57 86
-951 335 51 60 84
-137 186 42 56 18
607 423 58 60 79
-316 62 46 50 23
930 372 48 43 68
-76 323 57 54 87
850 497 44 43 47
-575 47 58 45 91
435 375 54 57 65
-961 36 60 55 22
914 329 44 50 8
442 289 44 60 81
728 213 54 52 84
-48 267 50 42 67
-812 215 53 47 63
29 343 48 48 12
422 291 49 55 74
349 194 47 46 9
809 38 54 46 67
-985 421 56 53 13
-325 230 46 54 40
-766 241 59 48 26
-816 510 45 49 15
164 439 56 42 51
120 442 58 48 86
340 261 49 56 30
58 344 41 45 88
-170 81 51 50 91
-678 231 43 51 82
-319 244 44 51 60
-168 132 48 44 7
-947 7 47 52 3
303 425 53 47 68
-908 128 46 48 47
737 194 56 59 4
649 227 59 45 8
882 267 54 59 86
138 423 50 41 11
356 111 48 45 66
215 313 41 47 12
567 367 57 44 59
-404 271 56 49 49
688 334 46 50 79
-364 465 42 54 15
-363 493 55 41 2
775 240 48 44 92
-975 438 45 46 56
-351 368 54 59 50
827 116 59 53 69
709 83 49 55 42
543 182 42 42 65
-954 126 42 45 62
-263 236 48 56 63
78 290 41 54 11
-886 168 57 52 9
-26 451 49 53 71
717 394 53 60 75
351 334 49 47 24
19 422 53 60 85
494 162 43 57 8
-595 138 45 44 46
317 236 49 57 37
510 196 44 50 35
-464 226 41 45 87
575 252 48 56 4
768 257 58 58 41
-445 24 46 48 69
72 510 50 54 34
-323 363 50 56 7
-503 42 53 58 67
-391 140 44 54 19
620 77 52 48 52
-395 111 58 47 37
-69 417 52 54 14
-450 315 54 44 39
-538 122 54 59 91
481 480 43 56 65
-237 448 53 58 54
302 137 50 49 64
-873 129 49 51 68
-989 426 52 42 38
-28 107 43 47 81
-240 41 47 44 62
42 165 51 49 1
-730 368 54 41 99
235 490 46 44 22
-462 183 59 44 94
-757 156 60 41 4
-991 58 48 50 74
162 30 55 47 81
525 141 57 50 5
-600 341 48 50 16
-207 353 59 41 16
-288 373 55 59 60
-847 496 43 47 35
