629
267 128 137 118 1
1000
297 194 36 49 121
-426 128 66 48 177
-207 48 63 45 170
-566 38 41 39 150
359 337 46 37 146
-163 452 38 40 153
-791 219 64 51 112
981 282 60 60 130
-382 129 38 64 121
-961 192 41 34 197
-773 527 57 46 199
-306 461 58 50 177
-73 444 62 57 101
-671 300 56 36 164
945 511 43 38 124
-571 90 47 38 120
-437 93 49 53 123
-670 525 51 43 164
9 60 53 50 170
720 405 43 46 187
991 257 55 50 147
965 188 46 44 133
-482 49 45 51 102
-818 314 53 46 111
764 179 60 53 105
78 503 37 53 140
35 248 66 49 140
908 377 66 46 198
-708 336 43 63 101
-76 4 50 63 169
-781 221 44 39 115
104 48 47 53 132
-422 73 50 48 155
-417 418 45 52 175
-911 388 56 53 192
354 317 38 62 189
69 59 45 44 118
560 20 55 43 107
843 31 63 63 135
866 455 65 48 120
-27 329 40 43 145
-980 346 64 47 148
942 312 60 40 135
942 410 47 49 158
-606 96 56 58 192
57 313 40 34 189
-633 271 45 63 159
-282 378 41 61 153
-790 207 43 57 161
-751 260 57 56 155
718 200 55 59 139
706 112 54 64 200
612 226 43 65 102
-908 120 64 39 198
-24 420 44 66 110
53 349 34 51 161
788 358 49 41 103
713 177 65 57 108
-70 220 54 53 134
655 3 51 66 142
486 461 39 53 162
-44 9 41 57 146
-577 510 51 37 141
612 374 43 55 109
152 320 37 36 199
973 413 34 57 148
798 271 61 38 170
875 10 37 39 158
308 465 52 45 194
-802 168 50 38 123
467 290 47 53 136
-287 345 39 44 195
-508 472 47 40 163
-62 410 53 48 125
-493 176 46 59 144
911 485 61 46 179
26 392 41 39 140
-764 57 52 61 102
-302 202 38 50 190
-975 463 52 39 144
561 25 56 37 103
-613 432 63 36 118
798 90 45 50 150
-201 36 35 37 143
-404 266 66 37 171
-825 502 63 34 131
799 234 53 54 161
-822 30 52 66 121
-562 375 62 47 142
-117 164 56 56 149
469 167 49 62 131
464 401 57 38 117
-619 95 49 55 105
78 393 63 45 156
961 299 38 43 109
-59 454 48 46 193
967 30 46 51 104
224 210 66 52 122
-332 328 61 63 127
-284 489 58 36 159
-245 29 46 61 161
-995 393 51 50 135
-443 80 58 39 167
867 146 42 54 117
-161 519 55 54 119
-519 457 47 59 178
794 143 42 47 169
-9 73 47 61 165
-251 95 34 38 196
-609 36 51 49 186
-615 189 56 55 195
-855 77 57 52 183
-584 313 58 61 140
403 248 59 63 121
-660 501 47 53 127
-53 463 62 39 111
985 504 60 66 142
-579 387 46 60 113
754 25 53 61 172
804 489 53 47 131
-766 140 44 54 145
-800 492 51 39 155
-279 518 54 55 158
114 457 38 50 122
-744 48 37 58 151
95 35 36 60 112
-639 483 36 42 105
-201 46 39 48 128
-301 493 60 35 114
-182 466 40 57 107
-471 514 38 61 148
300 166 61 56 160
-64 16 45 43 160
-40 213 38 42 196
-39 415 42 45 192
-435 323 51 44 120
-56 378 54 42 174
-625 307 35 42 158
66 422 51 47 183
363 194 48 63 115
-897 40 54 51 185
683 319 48 36 122
375 35 59 45 128
-692 362 48 49 183
819 288 40 45 144
-313 282 57 56 177
280 152 52 64 169
166 334 54 37 165
-785 386 43 34 126
-234 319 54 47 156
-590 269 47 60 148
479 6 61 41 191
954 198 45 60 144
304 10 34 35 158
-830 376 55 44 167
-786 433 61 49 114
833 393 37 63 181
193 375 42 39 122
69 226 52 61 123
91 83 62 48 126
336 349 64 63 125
121 333 66 40 142
107 437 38 55 136
935 91 58 49 136
-223 361 60 54 163
68 430 44 53 141
-527 53 65 61 115
713 365 53 55 118
62 373 66 35 115
-535 306 40 52 137
-568 502 46 50 189
-849 40 38 56 129
0 121 45 59 147
-105 434 50 51 134
-436 54 65 49 180
-64 116 39 56 160
780 360 42 47 191
751 132 54 65 180
-170 210 38 47 168
161 95 60 46 112
840 223 65 60 165
644 58 64 66 184
-275 419 45 55 139
-498 128 42 34 181
-671 395 55 61 148
26 53 36 35 106
-853 363 42 60 199
-306 145 41 46 112
-856 275 39 36 137
468 495 62 66 197
-490 434 36 63 157
-114 318 39 36 159
-863 266 60 39 122
-833 66 49 51 191
-614 70 54 66 188
748 413 61 57 195
791 84 62 36 182
449 446 45 52 160
631 349 51 35 164
-259 458 50 46 192
79 518 46 50 178
592 309 35 47 144
-192 291 50 63 176
-462 66 50 59 108
321 255 43 51 122
729 120 57 53 154
803 465 47 35 170
111 83 47 57 125
118 42 58 63 190
-393 283 42 49 144
962 504 62 52 161
350 372 60 38 188
-618 46 60 60 137
-306 300 51 48 108
53 119 64 47 171
831 108 56 40 165
-619 211 48 57 139
35 278 38 64 111
-377 118 35 53 194
863 490 46 34 153
-484 220 45 63 123
405 351 37 66 194
-768 499 55 38 133
38 44 38 62 119
-252 438 42 44 168
702 273 63 50 159
504 76 58 50 175
188 46 61 48 133
-304 371 64 61 120
773 497 39 49 182
891 381 39 36 139
-890 35 35 40 103
614 365 45 60 103
769 455 58 49 129
831 12 57 45 192
629 137 48 54 175
473 57 44 40 178
862 23 47 62 197
-985 32 47 64 160
-896 248 42 51 184
950 118 42 46 172
881 524 47 39 168
365 428 37 47 196
-100 29 41 60 130
-638 419 35 43 167
-109 393 41 55 168
1000 272 60 64 102
587 525 35 43 130
-303 125 41 42 180
-456 115 35 55 166
452 488 65 56 187
-411 5 37 61 191
-568 335 43 53 105
387 510 58 40 120
96 365 47 43 113
-177 118 54 42 162
-177 378 66 50 131
335 245 65 53 132
413 278 59 41 126
386 230 62 57 108
-763 503 58 54 143
-861 291 54 59 119
-615 351 35 35 108
-993 187 45 65 177
-308 19 60 34 111
-519 292 50 40 194
-923 207 65 40 183
-735 175 65 60 106
-890 508 59 56 174
-573 185 59 54 112
-567 212 45 42 124
984 9 66 43 156
164 364 41 54 186
-217 49 54 37 148
-894 495 54 58 124
-382 318 52 66 114
427 32 35 37 167
722 513 65 40 142
382 173 40 55 194
-522 135 39 51 166
371 521 56 63 180
-611 285 57 44 150
301 317 48 60 115
622 198 55 61 157
-246 199 36 59 105
890 164 49 44 140
609 234 63 63 127
-539 77 44 41 107
-987 7 58 62 119
-245 344 35 40 168
644 131 34 36 149
619 80 53 55 185
-252 224 61 45 101
-124 156 43 45 106
-82 423 38 36 135
-325 420 46 40 134
894 452 58 66 101
-461 498 59 50 122
888 214 55 38 128
809 344 46 38 114
-969 324 37 45 127
-77 172 64 50 134
258 357 58 39 140
128 309 57 59 140
27 393 61 41 142
-612 56 44 44 104
-867 411 53 45 122
-252 347 36 54 114
658 58 42 52 136
-119 156 38 52 176
134 157 49 65 113
-195 332 36 42 107
-346 301 37 56 172
286 325 41 60 135
799 482 46 64 177
247 144 54 51 180
49 31 63 43 120
-924 120 37 66 126
-866 422 37 38 154
417 54 61 63 172
-210 201 45 64 141
145 85 34 48 194
483 182 59 46 191
660 109 53 56 126
-404 322 49 41 119
-901 86 56 42 120
107 187 51 43 148
-476 45 42 38 140
-493 0 63 45 185
140 170 51 59 133
-276 198 65 57 137
99 253 54 51 139
471 14 66 56 153
668 180 65 63 116
448 498 49 53 151
-823 151 50 54 106
-922 325 61 38 130
199 94 36 46 165
-769 180 65 65 141
-284 185 43 59 132
241 455 51 58 115
25 400 54 34 186
425 444 43 63 109
-499 523 58 39 134
-297 290 66 36 165
-430 296 39 59 197
278 431 39 64 170
747 265 60 54 146
148 439 58 55 122
410 394 58 44 126
-438 188 44 59 194
-628 334 59 45 127
-138 426 60 60 116
-779 491 55 55 102
714 359 46 46 164
-562 481 46 36 134
-510 3 45 53 196
-260 251 37 59 140
995 418 38 41 187
845 200 66 43 130
161 316 59 48 140
816 143 37 39 191
-309 512 63 40 130
945 220 60 66 148
115 151 38 66 112
434 293 65 34 106
-386 182 41 40 193
-768 351 45 37 176
-287 382 62 60 122
-967 18 41 59 117
-292 310 45 41 162
-85 82 52 57 160
930 415 45 39 108
-178 75 46 34 194
185 59 43 65 156
-254 358 56 39 144
400 518 51 39 190
-790 61 45 46 176
289 77 35 47 181
-12 3 59 64 155
-628 133 43 60 178
529 40 40 54 115
-731 282 47 60 122
207 447 58 63 125
319 258 35 38 193
814 511 56 50 120
-232 57 36 43 197
371 316 58 53 194
-570 345 43 39 198
591 419 60 54 127
-758 102 66 48 144
-467 47 41 57 116
465 90 65 54 124
386 302 57 45 172
689 258 50 64 196
-234 115 50 36 185
-32 95 39 40 132
-352 61 66 36 164
-985 35 38 34 185
675 275 62 62 147
519 426 47 60 188
-686 271 64 46 106
566 121 45 35 200
-351 58 38 64 193
791 288 49 48 143
946 520 58 43 158
-279 204 56 54 132
527 464 47 43 195
-881 439 58 43 176
-557 209 36 63 176
-539 238 63 60 143
684 429 43 52 170
8 301 37 61 110
-281 118 65 42 122
365 202 58 61 172
742 488 48 43 199
478 147 47 54 138
939 220 59 66 112
200 503 53 40 194
-563 466 62 56 117
-35 498 63 49 139
561 7 63 49 157
-871 403 53 66 135
-15 48 51 38 133
565 163 35 44 152
-331 301 66 34 117
-483 228 36 44 115
907 49 52 59 102
-736 85 38 39 136
-106 406 34 35 169
-657 259 50 65 101
-161 398 42 39 187
169 292 57 35 190
-241 299 50 59 151
-977 20 62 41 124
446 130 46 52 131
-818 374 51 52 136
-189 117 60 62 150
-47 162 43 61 156
-32 142 50 53 108
-733 118 53 40 126
105 193 58 40 178
169 108 36 60 123
-318 9 45 53 163
-29 32 46 49 124
536 487 37 44 138
311 189 44 63 143
176 408 54 50 179
12 286 60 62 141
-672 379 52 61 106
932 479 55 66 122
375 32 59 61 131
332 444 46 38 192
743 315 52 42 166
246 247 36 45 116
-469 183 43 41 199
503 295 65 34 149
764 101 55 45 196
-275 132 41 54 182
-579 359 51 52 160
687 434 43 60 105
725 18 42 47 166
-169 471 59 47 132
-173 223 38 40 125
965 186 54 61 147
279 155 55 52 132
117 109 46 51 137
204 505 46 50 111
559 308 58 60 142
812 71 50 63 144
867 280 62 34 159
285 212 44 36 139
-131 307 37 40 168
255 188 53 55 136
-138 196 35 56 142
-176 112 35 62 155
-30 444 62 62 173
455 5 57 34 188
-612 485 58 59 139
-47 1 59 54 150
-670 292 39 65 145
-350 329 38 60 167
-857 492 58 57 177
-472 291 63 39 189
-440 39 44 65 137
579 252 43 49 149
-349 94 53 60 164
80 62 59 44 112
581 420 34 53 177
967 342 34 35 107
525 423 61 53 130
863 351 62 39 119
-384 278 49 58 179
-96 229 61 44 102
-965 153 58 63 102
516 500 45 59 171
825 330 54 41 131
-164 327 36 39 105
-696 4 40 48 152
929 415 46 41 128
972 422 41 57 170
-150 250 59 46 170
-82 522 58 49 183
-478 171 48 54 120
-85 222 63 62 154
-273 291 48 65 144
79 144 52 38 192
-858 414 40 56 105
740 399 53 34 197
788 487 48 62 108
-246 327 58 46 144
-923 183 40 61 112
811 113 59 42 183
761 323 40 56 170
369 390 39 63 113
-3 367 40 37 147
-667 165 37 35 189
272 390 63 42 127
848 10 42 66 181
-282 174 40 66 129
-27 243 51 44 194
382 313 59 40 105
-459 248 47 49 154
988 291 40 42 113
135 30 48 50 145
-799 219 54 43 150
273 372 59 61 115
-391 486 47 35 177
-846 101 43 40 115
610 268 64 60 162
-538 481 41 40 145
854 212 52 36 154
41 466 61 47 176
-407 85 43 66 148
984 221 41 59 183
549 87 34 58 158
-449 93 45 43 137
-374 517 39 43 181
-955 262 64 40 144
872 529 54 41 173
-129 54 52 52 183
640 463 44 55 161
909 230 57 34 170
887 243 65 64 124
-839 335 42 49 106
-701 40 36 51 151
-411 322 49 60 175
-746 458 58 38 127
286 451 60 42 166
203 282 54 34 107
995 32 43 58 140
-265 124 41 65 115
154 495 43 37 175
-714 234 55 35 170
-241 107 64 37 139
688 326 62 59 109
977 295 53 35 137
-194 331 46 57 182
-595 349 44 56 147
198 410 52 64 133
696 127 49 44 114
110 12 62 43 188
820 63 36 55 191
150 100 36 41 182
93 49 53 64 116
801 454 66 53 148
145 130 34 37 131
-794 499 45 55 119
903 265 55 42 147
989 371 36 61 171
809 425 65 48 182
348 410 41 61 172
968 418 44 61 173
-441 301 43 44 124
984 274 40 53 188
-189 224 44 56 116
-926 352 35 62 150
-903 509 35 47 186
-599 192 52 41 141
-167 407 34 64 156
-413 156 62 43 138
-752 402 45 66 178
42 266 34 48 157
-593 112 59 61 128
973 9 66 65 121
-846 126 53 40 174
973 300 53 40 136
634 501 41 60 136
633 195 56 49 141
193 177 40 38 169
-285 511 63 46 142
709 322 46 65 142
382 177 58 38 156
957 240 58 52 105
579 516 58 57 186
372 454 64 40 128
306 36 39 55 185
46 400 48 47 199
32 447 52 46 119
-535 211 64 35 101
205 457 59 41 191
823 130 44 51 179
-27 196 55 35 147
-177 456 66 48 109
580 428 50 48 173
799 383 35 56 109
-922 71 38 61 192
262 3 62 65 131
-195 116 55 64 155
-508 337 54 65 143
-807 364 53 46 195
-541 369 44 63 123
200 504 55 46 118
-342 131 36 44 180
339 330 57 56 125
-472 300 42 60 185
-204 50 50 56 142
-977 28 62 63 105
-811 133 44 42 194
659 97 56 40 108
-682 233 35 40 182
513 238 35 58 184
692 41 44 64 124
24 405 64 47 127
-261 459 64 65 189
-736 361 66 57 171
-739 177 48 45 103
-89 161 44 46 138
14 9 52 47 129
838 468 34 65 200
-777 430 43 61 151
-251 364 44 34 102
-449 250 48 48 154
758 15 34 40 123
-128 163 37 61 103
-263 289 54 42 117
821 137 57 37 123
-78 348 39 57 103
-330 484 56 37 185
-261 398 61 55 180
811 152 37 38 166
-667 100 37 41 142
961 395 38 65 145
507 272 36 59 174
-349 48 44 47 121
-949 362 60 65 112
588 418 49 41 134
582 206 51 49 146
187 277 59 60 153
-483 183 40 64 172
-774 325 41 38 144
-662 403 63 46 129
-123 190 42 39 164
304 160 36 57 131
-538 157 48 40 185
773 5 34 55 150
-399 412 63 55 106
-654 78 48 34 153
-357 203 57 42 122
-587 189 47 43 183
-506 521 52 53 154
474 254 44 42 125
184 457 58 41 150
714 155 54 60 184
164 268 46 39 130
194 192 52 47 117
327 390 50 55 197
-774 15 50 39 151
875 73 61 44 161
469 426 62 63 195
950 391 52 55 196
715 431 42 66 125
745 8 52 40 142
-991 87 44 56 148
995 175 61 40 105
-449 264 49 60 120
-211 40 42 61 181
-779 263 34 49 127
295 114 34 39 146
-998 284 42 48 142
294 451 48 46 158
196 164 52 45 102
586 511 58 65 135
967 34 65 56 170
-917 414 39 46 130
-605 380 44 59 181
-322 376 58 39 185
232 162 37 53 177
-498 435 45 54 114
828 290 39 43 115
836 379 60 48 158
-324 344 45 58 136
-115 395 43 34 145
741 184 63 39 159
730 32 57 64 146
-272 64 59 58 112
-251 239 49 56 142
939 294 46 53 127
611 406 45 53 161
878 287 48 38 156
-710 39 39 54 194
97 362 54 39 177
772 140 51 48 139
-811 3 40 40 140
-243 56 44 44 155
-267 450 52 52 152
9 493 64 38 194
689 201 53 58 126
739 101 59 60 176
-642 122 61 35 113
-563 193 45 55 135
966 242 39 38 119
136 98 57 49 114
-327 476 43 63 154
65 395 51 50 110
934 266 35 34 143
-328 308 48 48 146
370 516 64 36 131
-269 64 50 48 172
508 15 47 54 158
-177 315 57 42 134
-840 492 56 39 129
-134 116 64 60 103
579 487 50 35 135
598 332 59 37 129
778 76 35 47 174
904 36 49 65 182
-937 182 45 36 167
698 1 50 62 198
786 425 66 44 175
-869 133 61 34 104
-621 229 34 42 143
-837 422 41 40 177
195 395 66 58 112
115 315 60 52 139
477 443 52 42 186
923 353 38 35 169
-951 290 40 49 181
687 249 38 36 158
-375 518 63 59 131
60 234 61 56 163
-128 391 45 63 194
-26 121 44 61 127
-409 281 34 52 124
800 72 40 47 188
866 142 52 38 158
-550 175 44 53 154
519 433 44 54 140
-561 301 34 34 130
-905 434 35 62 117
-919 419 46 42 158
332 291 59 56 131
-508 268 66 63 172
568 217 64 60 200
402 526 36 65 175
736 226 41 50 107
745 140 41 34 116
243 10 64 64 185
55 495 43 46 142
978 335 53 57 151
-80 275 39 64 142
-66 250 61 55 132
763 189 40 40 138
195 270 44 65 108
336 220 47 61 183
889 429 37 65 101
357 298 38 48 188
-567 211 57 61 160
-380 171 62 66 133
-391 287 43 45 129
-558 137 40 35 165
-256 410 54 35 144
108 514 58 40 130
-911 74 42 62 133
-769 346 45 36 168
-82 507 39 61 200
-776 276 50 48 188
536 169 37 54 198
371 428 48 59 175
310 260 40 55 122
828 173 34 37 118
-297 446 61 55 106
803 395 38 44 187
140 29 46 49 117
-657 360 45 48 134
-61 316 59 56 158
-825 142 47 45 123
-912 263 66 38 189
514 357 64 49 120
870 470 50 44 173
654 61 61 46 110
751 189 46 46 197
637 494 51 36 135
326 29 34 45 171
201 48 48 54 150
-972 300 55 55 192
-634 357 41 50 151
-65 360 49 53 160
-379 303 57 50 190
-100 487 55 60 120
73 330 62 45 162
-710 414 53 65 187
948 4 51 43 116
736 251 46 39 196
585 109 49 46 136
-583 305 53 56 150
-431 42 62 60 132
381 527 36 36 141
-686 7 49 58 179
-479 430 61 45 112
-654 386 38 40 155
-97 514 46 62 177
933 429 62 51 192
-806 224 66 46 139
909 40 64 40 139
-795 63 41 34 184
-973 194 64 61 115
-403 10 39 61 129
687 122 50 41 190
296 296 49 64 140
-341 469 46 55 198
-131 216 46 35 145
533 496 54 44 146
-277 291 47 63 101
265 489 51 51 176
-163 335 60 45 166
-775 115 34 40 149
422 217 40 63 186
961 380 53 41 147
375 220 41 40 180
275 40 38 37 177
621 386 64 57 139
480 361 63 64 148
-542 445 66 45 128
847 318 45 50 130
308 359 37 41 155
417 250 55 36 199
406 92 58 60 195
-492 265 50 41 117
-158 142 37 36 189
435 389 59 65 143
-708 64 38 54 117
5 80 66 45 181
30 20 60 52 164
663 182 54 59 163
494 24 65 59 148
-101 119 58 64 134
-160 275 42 49 176
908 188 50 46 168
133 90 45 50 152
-617 502 59 55 137
86 125 51 64 185
385 339 38 59 150
-942 158 34 41 131
-573 481 36 66 195
44 200 42 50 110
-645 432 53 65 162
55 11 38 63 147
-923 338 52 60 130
244 398 39 53 191
962 411 49 34 177
55 519 58 61 166
-56 370 63 56 165
131 309 59 49 117
431 158 57 56 136
580 410 40 36 154
-733 428 47 37 200
898 325 37 57 130
-290 200 61 39 193
804 432 49 62 186
-682 474 62 55 125
-413 42 55 60 197
-437 131 65 57 106
-621 366 49 35 122
-510 501 48 62 147
-593 351 47 41 143
969 209 51 45 170
-196 448 44 42 184
-32 228 52 65 125
78 518 56 38 193
173 12 61 55 111
992 445 66 60 187
-349 94 46 41 123
632 360 41 36 151
-197 209 56 64 163
-379 190 59 57 152
-954 246 64 35 199
561 273 54 45 102
-261 7 58 55 131
456 62 43 48 132
82 478 47 44 194
-226 256 42 63 154
786 78 51 61 154
-108 411 60 52 102
107 197 63 65 175
558 47 58 47 121
473 179 41 62 177
-253 124 47 59 143
952 248 62 58 110
149 21 62 52 120
797 37 50 45 155
653 216 49 44 135
-793 341 50 48 170
-486 258 44 40 189
-285 328 57 66 104
-190 468 39 56 130
-186 505 40 52 150
-897 158 39 40 139
908 355 59 48 118
168 454 46 42 172
-4 55 34 54 122
98 79 47 59 135
612 325 55 46 166
913 93 56 45 134
203 107 44 48 189
-356 56 64 37 146
-795 35 59 44 110
-971 469 58 37 107
-110 143 36 56 159
-271 184 48 48 144
-495 426 49 34 153
-274 184 62 64 143
378 60 65 38 132
-775 139 48 46 167
316 493 47 46 118
946 298 49 52 139
-659 147 39 34 193
857 488 65 51 169
-719 105 43 63 139
896 207 38 43 198
170 511 44 43 191
812 7 59 50 194
45 210 37 52 161
-974 328 60 41 172
188 376 34 52 190
-16 179 47 66 121
697 279 47 54 199
-464 211 36 56 177
74 265 46 46 137
768 207 55 34 167
782 438 54 36 103
903 168 36 54 148
873 380 57 41 190
493 254 64 65 165
-515 483 55 40 169
788 143 52 56 110
-640 339 49 64 110
-262 323 44 63 167
932 126 38 37 128
710 515 36 34 122
-626 332 66 42 155
-92 395 42 45 155
518 89 43 63 148
-506 173 36 56 139
796 55 52 52 137
627 173 43 48 147
907 394 66 57 161
843 476 55 66 174
591 145 52 61 116
-156 402 42 40 192
541 512 39 63 198
-843 81 46 51 167
-166 18 64 41 180
-688 381 49 34 179
524 306 41 35 194
28 237 43 37 131
-17 463 55 35 180
54 63 49 37 109
779 356 43 61 101
969 153 37 40 199
493 124 36 39 196
-530 196 54 62 175
207 108 58 51 168
-764 304 46 34 159
-73 294 51 42 198
-430 164 35 38 165
-378 456 43 54 114
-82 163 62 41 161
-801 100 65 55 200
834 291 45 44 153
264 473 42 35 106
990 517 34 64 142
-413 491 43 45 139
-451 68 48 66 113
-112 139 37 61 190
-576 29 66 40 116
-493 61 35 45 161
-272 75 63 37 169
178 201 57 57 194
374 43 55 63 147
-53 390 35 49 169
-12 86 62 49 117
-780 296 57 47 139
-761 164 50 46 150
-850 475 46 51 108
635 349 52 42 135
-113 73 60 46 191
660 481 40 49 188
950 2 61 63 164
59 498 41 43 149
