728
580 104 73 89 10
1000
561 620 42 56 47
576 91 56 42 67
618 484 58 53 69
619 591 36 50 71
670 397 49 50 49
644 477 58 45 87
678 273 55 55 50
586 213 47 41 50
669 460 54 38 45
534 483 53 41 77
681 471 60 52 82
530 70 40 53 82
563 219 53 48 53
662 224 58 38 80
608 204 45 48 88
646 545 52 49 77
509 103 60 48 48
587 238 53 52 70
542 618 59 47 83
693 250 40 48 81
661 192 47 45 82
692 420 36 53 50
645 517 57 54 72
502 151 37 49 47
535 215 58 45 75
670 266 49 57 63
583 105 47 47 70
623 105 39 41 81
548 109 48 44 63
550 503 39 46 69
658 317 60 44 81
654 120 41 36 75
545 111 46 46 45
574 372 49 45 73
586 234 39 52 64
620 226 45 37 63
566 183 48 56 54
640 306 58 51 72
511 431 60 45 57
535 213 57 43 75
561 126 40 59 68
510 395 51 48 53
518 428 50 50 75
521 152 47 57 48
559 49 59 38 60
587 103 56 56 67
683 115 38 42 52
600 609 47 57 70
532 59 51 52 57
671 338 50 53 54
601 385 48 54 77
571 206 48 37 54
535 113 59 41 84
521 150 43 50 67
632 550 45 42 88
691 586 37 55 45
584 346 50 49 70
528 287 53 45 64
613 500 47 55 63
694 338 40 53 66
656 393 54 53 77
529 401 39 42 79
675 478 36 51 78
645 437 57 54 71
687 354 53 48 86
597 292 44 36 61
672 297 60 49 71
552 304 40 47 49
536 440 43 48 86
595 276 56 52 54
614 362 60 53 86
581 245 39 37 46
554 335 50 45 56
613 128 52 56 80
533 16 42 57 62
660 29 47 60 45
680 159 59 50 45
585 18 36 48 61
633 175 38 59 67
532 222 54 46 85
546 207 37 59 80
501 56 57 53 72
676 94 45 36 70
551 159 38 53 63
667 263 43 59 65
518 98 49 50 68
550 520 40 41 79
626 223 53 54 46
548 360 39 53 80
556 149 45 52 71
687 354 45 48 61
664 117 43 53 57
555 323 53 60 45
546 79 57 45 65
523 410 49 48 52
507 232 53 58 63
650 383 57 57 55
505 445 56 49 61
654 411 50 42 51
570 8 57 44 63
500 294 40 54 59
558 138 37 44 66
578 346 44 59 65
670 352 36 55 55
500 558 55 58 77
643 428 43 49 84
534 521 53 40 71
536 229 38 55 63
639 66 39 45 78
653 264 42 58 69
502 341 37 46 61
548 458 37 47 71
647 7 42 46 65
652 369 37 42 75
622 607 56 60 70
567 273 42 53 82
693 38 56 57 51
644 305 49 53 84
576 395 49 59 69
699 523 43 38 71
628 94 44 52 68
511 121 50 49 64
595 311 50 54 62
646 278 59 45 50
692 25 51 41 69
612 167 38 42 56
552 240 49 56 70
643 496 36 47 72
504 592 58 60 56
506 130 54 41 88
561 140 54 41 84
550 143 39 50 76
694 457 44 37 64
666 418 41 60 64
591 470 39 58 72
562 437 38 45 85
681 28 38 38 78
687 4 36 54 80
533 333 47 50 62
679 355 52 44 57
683 119 43 58 45
606 628 56 52 68
690 359 56 37 64
612 354 50 58 60
609 490 50 42 47
696 43 36 52 55
599 184 45 55 53
541 224 49 60 75
529 235 45 37 56
700 365 60 51 72
676 566 48 36 79
579 219 50 41 56
671 77 44 38 75
527 2 42 57 72
544 385 60 41 68
553 167 60 41 50
620 73 42 49 63
514 558 39 41 84
672 135 37 53 68
586 394 48 57 50
607 617 53 45 77
643 374 44 52 86
528 551 49 49 78
592 221 58 51 52
698 44 36 43 86
630 5 42 57 74
551 240 51 58 70
578 626 52 38 77
570 407 52 40 68
555 110 39 42 55
562 39 49 51 63
546 381 41 36 71
504 163 45 41 77
539 9 58 51 74
600 275 39 49 66
520 619 53 49 52
612 621 41 56 74
620 513 39 49 56
676 512 58 37 83
623 587 41 36 72
640 162 48 45 78
547 131 58 60 63
512 349 55 59 52
520 627 53 50 52
623 268 40 39 49
541 383 50 42 77
521 102 59 58 77
508 606 59 57 72
669 330 46 42 57
589 254 39 59 52
699 621 45 57 83
520 290 39 57 56
584 558 37 36 61
649 172 37 40 55
611 84 47 50 65
524 484 36 36 52
646 12 58 38 83
532 149 49 49 63
509 478 44 36 48
683 409 58 47 55
680 405 39 43 67
581 470 49 51 79
561 442 50 45 62
529 526 53 42 58
621 487 45 36 46
587 623 48 49 58
552 574 53 54 47
599 585 46 49 62
597 377 45 44 52
603 496 55 42 46
560 611 36 54 56
524 595 50 42 83
582 517 40 48 59
662 300 37 43 69
594 135 59 39 45
565 436 48 46 49
517 161 38 45 78
580 564 59 47 76
500 306 46 44 66
579 518 50 36 52
591 108 55 56 58
537 326 36 38 53
665 338 53 39 66
543 464 54 48 52
666 299 56 58 72
647 225 58 40 87
582 354 51 48 77
699 22 53 60 67
625 119 43 37 80
653 30 46 44 53
689 18 42 41 80
543 382 57 60 87
695 501 45 57 74
580 564 40 42 51
644 348 44 49 86
546 430 46 52 77
556 106 58 54 84
534 399 59 39 84
588 460 49 58 78
610 482 37 48 64
578 108 37 43 71
662 221 55 58 77
626 438 47 47 84
519 526 52 36 47
514 444 42 55 50
566 279 60 49 52
605 76 52 43 49
638 618 51 52 61
565 581 41 52 57
688 337 41 47 82
596 303 48 48 67
503 606 57 53 86
585 521 46 40 63
524 569 58 46 62
605 244 50 56 58
641 76 43 52 64
680 530 51 53 76
562 253 37 55 50
593 399 39 58 74
578 118 41 43 57
536 516 47 37 78
503 343 49 60 60
579 476 49 43 65
594 46 47 46 61
633 430 38 57 78
515 438 37 36 79
700 157 39 39 61
644 530 56 56 48
596 405 51 53 75
530 248 40 44 49
596 367 39 50 67
634 243 52 40 60
577 265 37 36 56
620 287 46 39 81
560 136 54 40 78
641 473 55 55 48
624 224 44 42 48
697 288 36 55 49
583 344 56 37 65
598 276 57 39 85
640 621 54 44 47
606 522 52 60 49
544 28 36 52 52
656 620 38 44 59
641 521 39 43 46
527 521 38 57 76
653 147 38 57 70
557 427 39 45 81
587 15 56 54 59
584 215 55 40 76
624 451 47 43 47
629 548 46 53 75
555 169 46 44 84
550 59 50 59 45
504 458 47 50 88
508 512 57 54 88
551 3 39 47 87
638 321 46 43 87
519 106 57 56 53
543 392 52 57 71
642 523 48 54 84
654 575 46 49 77
536 519 44 44 67
651 560 46 45 67
615 258 55 45 82
684 417 50 60 70
612 450 43 38 76
595 448 40 45 87
521 526 59 60 47
657 110 44 54 59
626 492 43 52 88
628 118 46 48 52
659 315 36 50 67
652 30 44 38 74
697 478 52 45 57
700 591 51 50 62
508 163 36 46 45
612 135 57 38 58
618 129 60 48 86
680 433 43 37 79
629 139 41 56 78
636 443 57 41 77
629 500 46 43 66
684 112 60 45 67
662 119 60 47 82
634 230 38 50 68
624 407 41 47 64
676 258 58 38 53
621 313 47 40 88
622 311 54 53 55
545 554 40 48 68
543 332 45 49 59
693 268 60 39 61
630 151 49 53 87
526 576 45 53 53
662 470 53 44 76
524 72 58 57 74
599 187 53 47 52
562 38 60 39 72
673 96 46 47 67
563 75 57 56 52
649 459 38 55 59
595 174 52 48 78
680 138 58 59 76
509 571 45 60 50
644 485 54 57 58
531 222 60 44 74
521 69 52 39 59
643 208 43 40 82
608 48 55 43 57
573 284 36 54 75
613 374 37 37 61
522 169 47 58 64
698 509 43 45 57
589 498 44 58 45
527 488 39 54 55
556 339 40 44 48
536 398 38 44 72
598 399 59 51 58
605 404 60 52 56
698 516 60 47 86
574 192 59 42 58
519 408 53 45 72
610 341 40 51 79
571 428 53 56 68
700 440 53 45 83
637 151 51 43 69
549 185 56 53 73
526 99 50 60 64
661 205 48 41 55
544 462 37 42 56
524 148 56 44 60
669 314 58 57 60
541 170 51 52 84
550 42 57 40 80
603 446 56 48 47
678 574 55 43 68
627 246 60 49 59
630 541 38 41 47
568 213 36 41 87
626 362 55 37 79
614 106 42 47 60
569 271 47 54 84
517 378 51 49 77
660 232 40 53 62
536 611 47 37 56
554 452 45 38 45
553 457 58 52 55
650 477 58 54 54
545 531 38 53 66
593 531 50 58 53
614 380 60 39 52
522 583 46 57 76
693 34 46 52 66
580 308 59 43 66
537 233 43 51 87
677 491 51 57 56
586 191 45 51 70
530 548 46 53 68
573 54 57 57 60
670 359 49 53 83
652 22 53 56 79
630 445 59 51 50
684 486 54 56 50
590 582 38 48 82
568 534 41 55 84
631 411 60 44 77
540 301 41 57 86
663 135 39 57 64
647 242 59 56 47
575 323 54 48 67
649 303 45 51 77
606 143 40 49 75
605 82 38 46 80
664 346 43 50 70
644 256 58 47 49
657 97 39 42 60
638 116 54 56 74
586 117 52 51 59
527 450 39 42 49
698 259 39 40 68
655 368 60 38 49
699 133 48 47 49
551 534 48 42 51
554 262 47 49 56
549 353 49 50 46
673 129 43 50 58
690 287 42 50 52
541 247 40 48 73
627 112 36 44 72
581 107 42 36 66
525 420 43 41 58
535 417 43 38 60
592 344 55 48 68
522 120 38 55 67
557 157 37 49 74
512 269 58 41 58
615 580 52 48 47
668 186 38 55 82
651 431 52 36 77
546 372 55 42 47
621 618 52 57 76
656 584 49 38 88
549 476 55 57 61
567 539 51 55 54
660 462 60 47 81
672 191 37 46 64
580 85 55 40 86
562 298 41 50 53
698 157 45 53 59
500 564 49 56 65
537 58 43 38 63
646 566 36 38 71
522 93 46 43 49
536 58 45 36 59
506 579 48 56 83
687 235 40 57 83
574 400 45 37 62
558 39 38 45 76
551 383 46 48 76
603 347 41 55 47
685 307 59 44 72
527 287 57 53 73
650 53 36 44 67
662 59 41 36 55
610 499 46 36 58
668 206 36 39 83
609 11 42 52 79
505 310 46 57 64
530 260 39 59 86
537 605 45 54 62
542 336 44 57 88
657 156 36 39 61
612 176 51 60 72
551 219 42 50 60
563 205 55 46 80
623 210 55 51 69
601 596 39 47 70
638 320 38 46 83
636 46 56 51 67
558 177 45 54 46
607 81 52 54 55
655 83 55 50 84
547 180 37 37 88
675 263 36 52 58
615 542 37 36 60
676 512 59 49 46
502 293 53 37 81
503 602 60 51 72
652 280 40 51 75
572 133 40 60 56
528 277 52 57 57
682 298 47 43 63
684 194 51 56 79
603 82 40 42 76
678 38 38 37 86
676 106 37 51 59
576 138 44 57 45
510 620 56 38 82
617 508 57 47 69
518 125 59 41 84
576 175 39 36 73
556 518 45 40 81
696 483 43 53 66
526 471 48 54 45
644 386 55 49 73
618 242 56 49 65
629 623 46 42 72
530 284 37 36 74
503 621 47 53 47
624 181 38 44 77
654 166 59 40 50
526 221 36 47 51
615 205 50 42 83
635 492 39 52 68
528 53 56 57 77
663 194 54 55 81
556 519 51 49 51
646 227 59 38 51
574 125 59 44 45
509 449 46 44 65
635 76 37 49 71
504 358 54 51 74
600 463 49 40 67
685 612 53 58 59
632 608 46 57 68
503 368 48 55 72
531 141 40 47 64
545 366 56 55 77
659 532 48 49 62
531 173 47 37 68
567 182 41 38 85
509 246 56 55 67
611 122 41 44 87
558 46 42 56 76
691 190 43 41 80
595 217 42 44 80
574 174 57 60 77
658 322 46 56 53
634 80 59 57 63
535 3 50 44 79
658 208 55 41 77
620 6 41 57 49
695 369 53 41 69
700 141 39 50 47
514 95 37 48 69
588 236 37 60 65
554 507 49 41 45
536 487 40 43 52
607 431 55 43 65
607 162 49 60 77
524 54 60 59 58
502 37 57 40 63
664 421 38 58 67
605 464 41 53 54
512 533 40 43 61
501 67 44 49 65
603 73 38 36 64
681 277 43 38 71
644 148 57 53 78
597 24 52 39 57
644 29 43 41 75
572 163 46 58 57
622 123 58 40 78
634 260 60 40 87
603 249 47 44 88
566 448 46 49 78
571 120 50 46 86
567 402 46 41 62
605 458 50 38 75
690 88 45 46 53
630 459 39 57 61
531 0 50 45 70
656 360 44 38 72
526 72 48 49 76
506 82 37 55 53
534 469 43 52 59
614 294 44 47 50
561 60 55 59 54
675 279 41 49 84
648 209 48 44 63
662 596 40 53 51
607 256 38 47 84
632 182 43 57 62
676 396 57 58 66
694 20 51 40 63
577 108 56 55 75
586 289 53 56 58
681 406 55 52 76
513 396 42 57 58
632 628 45 39 61
542 396 54 58 73
596 409 50 57 66
524 11 37 48 85
644 254 36 59 77
679 21 52 50 60
557 343 59 41 58
680 352 59 36 65
500 421 38 59 87
617 50 55 57 84
654 488 41 44 82
505 302 44 48 82
647 497 37 57 61
514 506 52 36 48
656 584 49 41 49
539 13 60 50 75
698 560 48 54 52
520 105 58 47 78
626 312 41 47 66
643 331 53 55 62
520 219 57 45 85
640 603 38 56 74
532 28 47 53 74
665 262 53 44 76
560 351 36 40 85
519 494 47 51 47
605 275 38 52 65
646 554 58 55 67
645 41 60 42 47
612 600 59 53 53
555 218 36 55 64
611 538 42 59 75
650 95 50 43 72
592 349 51 56 72
689 348 45 53 49
555 268 58 51 72
522 212 58 44 75
553 14 44 40 51
626 330 47 60 67
657 90 37 54 74
621 220 38 59 68
552 603 52 45 73
522 525 59 45 53
571 216 48 57 88
534 263 52 53 53
616 272 42 53 46
549 491 59 44 51
563 384 46 54 74
517 222 49 48 77
674 538 36 42 55
625 176 57 37 82
673 112 53 43 78
641 64 41 59 80
517 598 43 41 51
654 529 36 38 74
651 337 36 45 70
507 243 43 37 55
530 24 37 42 74
667 155 57 41 64
553 133 54 53 67
644 580 36 39 76
656 507 54 41 71
538 299 46 48 85
603 109 36 48 83
680 175 40 58 63
525 73 60 49 66
570 187 55 53 50
628 523 46 52 53
677 559 46 38 81
650 195 59 56 52
674 161 42 49 74
503 487 45 58 46
617 457 57 40 49
665 486 38 52 86
633 65 53 45 67
690 167 55 59 76
610 438 41 53 57
607 49 49 48 54
653 555 47 50 45
513 327 50 58 79
531 460 48 45 78
558 415 46 48 78
509 24 55 55 45
585 188 54 47 68
621 626 37 42 61
602 246 45 36 52
569 120 60 54 77
651 169 43 51 73
591 139 39 43 59
672 28 41 58 66
597 616 38 52 49
531 376 60 41 68
506 600 52 60 68
553 498 42 40 54
574 443 40 43 67
649 148 54 50 61
583 378 37 43 59
558 595 52 59 74
555 73 40 56 84
609 613 42 51 86
690 70 45 42 45
604 39 40 56 62
675 96 56 56 48
589 624 36 56 62
625 325 48 43 61
553 127 51 40 80
678 625 38 59 75
697 180 46 39 49
623 368 39 39 57
558 57 40 40 53
557 12 46 60 57
661 429 44 44 55
561 329 49 48 71
505 321 42 59 49
611 450 54 50 67
657 145 42 58 69
668 551 45 48 46
675 322 59 40 80
683 592 40 57 61
623 483 49 41 46
619 503 45 36 68
503 412 42 46 69
575 335 54 52 46
604 140 38 47 52
661 26 60 52 61
517 428 58 53 69
655 18 45 55 59
542 309 41 59 45
560 322 48 43 54
500 393 52 40 85
520 58 56 52 52
500 601 52 39 61
699 369 42 56 73
519 374 56 46 81
535 51 41 44 83
512 21 50 37 57
696 364 50 52 56
694 465 46 57 88
661 522 36 46 58
695 615 59 47 53
682 530 52 39 60
682 97 51 54 81
555 311 57 47 61
700 559 59 38 72
680 374 46 50 81
593 490 45 60 77
640 492 55 55 69
582 17 54 54 50
605 217 45 47 77
547 254 55 36 60
528 261 44 42 73
551 188 45 37 81
546 587 46 58 46
654 233 41 41 81
547 492 40 37 68
587 3 57 58 64
667 484 42 54 64
586 465 54 56 60
500 384 59 55 63
506 541 54 46 84
680 449 58 41 56
557 179 54 42 87
512 194 54 40 77
513 157 39 42 48
643 377 37 47 75
622 542 36 39 58
537 402 44 51 76
516 335 56 54 88
587 601 44 58 71
683 186 36 37 49
684 533 46 51 48
652 301 55 51 75
572 308 57 36 64
509 23 47 49 52
591 171 60 57 55
633 349 51 56 74
508 175 49 54 59
528 271 60 51 45
565 449 56 58 87
672 431 51 45 61
609 602 58 41 76
504 217 47 51 66
632 215 52 51 53
563 212 46 56 57
535 455 54 58 82
629 262 56 47 67
634 260 43 48 62
690 258 39 53 85
578 8 42 42 49
574 450 55 49 60
697 617 41 52 53
681 227 42 41 85
610 2 38 52 59
671 556 40 58 63
668 423 59 58 72
663 193 49 50 88
526 300 45 57 88
612 42 38 43 68
662 432 54 49 64
629 231 44 43 54
563 502 53 39 49
645 41 46 36 53
614 446 57 37 52
618 252 53 42 47
556 576 55 39 87
512 163 39 41 70
508 518 55 52 53
640 613 44 50 88
638 408 37 50 45
672 74 51 38 67
647 61 43 55 53
582 115 45 37 80
658 391 38 58 80
547 453 48 50 48
652 168 56 55 82
679 529 37 59 46
538 573 58 50 87
594 108 40 46 63
666 313 50 51 49
526 435 37 52 61
640 228 50 40 88
575 539 36 50 72
595 455 50 57 60
568 541 53 40 50
569 457 43 41 46
553 264 60 41 55
545 241 46 46 61
673 128 40 39 70
631 374 54 45 68
529 51 44 46 71
619 483 54 55 46
551 56 37 54 80
558 236 47 40 62
671 110 50 54 82
664 512 37 38 55
676 298 47 41 61
632 555 58 58 79
552 268 42 44 81
651 18 49 56 86
688 214 42 37 87
662 282 60 54 48
568 357 39 38 65
519 591 47 40 78
575 408 39 38 53
612 498 40 51 49
666 74 55 53 78
508 291 40 52 78
659 162 56 54 65
669 364 57 42 50
604 1 58 37 56
611 287 42 57 45
633 17 60 45 57
651 144 54 46 85
564 545 59 53 88
683 538 39 50 72
577 223 53 41 80
518 6 39 46 50
554 576 38 47 49
639 408 51 58 48
611 618 39 39 57
550 470 47 58 51
516 72 48 36 47
664 567 59 60 46
559 181 45 40 57
505 539 41 47 71
518 432 42 36 86
553 350 52 53 56
695 47 40 49 53
661 414 36 38 46
575 231 53 36 67
553 314 38 42 74
530 515 49 57 55
535 126 55 59 72
681 420 55 57 88
679 111 36 42 87
608 40 46 48 58
617 123 57 49 55
669 287 50 45 66
634 264 60 47 47
547 78 37 56 66
625 538 56 47 82
655 557 51 54 88
631 550 57 55 54
501 189 55 54 74
675 290 58 39 80
650 196 38 38 77
548 423 58 43 66
521 513 38 37 49
525 485 55 49 57
637 241 56 49 86
526 373 44 39 60
679 181 59 55 72
677 540 48 36 45
548 306 47 59 73
657 297 49 55 60
605 50 44 41 74
628 468 37 41 71
597 522 48 53 77
628 229 46 54 45
585 223 60 47 51
605 23 53 36 61
645 12 52 57 63
650 160 44 59 50
593 100 48 46 82
505 605 42 43 79
531 121 49 49 84
571 349 56 53 72
551 292 42 45 46
569 348 36 56 54
551 41 52 59 78
558 330 50 51 47
669 194 53 53 68
669 127 38 44 87
683 493 55 42 49
515 593 37 54 79
521 503 45 47 86
509 243 50 45 48
624 412 55 42 61
581 472 54 40 60
615 149 51 60 49
626 41 55 59 83
518 182 58 44 61
518 177 39 52 46
677 61 53 53 69
607 323 45 55 70
511 18 45 44 68
617 459 59 52 85
544 476 39 59 50
643 113 52 53 83
663 100 42 55 53
516 310 58 37 68
655 376 38 45 55
697 86 40 52 81
505 508 58 46 78
660 169 45 39 80
660 90 43 55 71
651 515 44 50 76
638 68 54 58 68
687 548 50 45 48
690 563 46 42 48
671 192 51 38 65
556 96 53 55 73
628 253 49 39 84
602 185 50 46 79
553 507 42 47 74
682 493 58 50 80
518 103 38 42 84
589 275 38 48 51
657 596 57 38 63
516 123 36 55 74
508 401 60 43 48
627 491 58 45 55
546 336 37 45 78
527 440 40 36 80
593 256 46 42 45
578 66 44 52 46
697 369 50 40 61
641 144 51 54 84
621 453 56 56 67
545 148 54 36 78
533 146 57 56 50
593 223 43 37 64
543 17 60 45 69
599 117 48 40 81
506 422 54 47 72
642 498 36 52 66
539 98 43 40 66
527 76 40 49 72
554 97 45 37 72
560 408 44 53 54
656 294 41 57 64
699 257 52 45 86
542 49 46 39 82
681 51 56 51 55
549 304 58 54 65
520 270 45 57 81
648 355 56 44 78
675 561 46 43 88
507 96 53 57 47
665 67 45 39 63
698 592 45 40 75
700 168 37 42 64
669 501 42 46 88
529 303 43 56 84
584 195 58 47 81
633 432 38 54 65
663 548 46 54 55
635 204 58 54 49
686 173 56 37 76
665 422 54 49 50
588 436 49 38 64
582 485 37 47 46
575 328 44 37 60
529 49 37 57 59
626 39 52 49 69
512 281 46 36 45
542 406 53 37 58
670 162 48 58 85
626 109 58 39 87
621 383 47 40 57
634 120 50 58 77
546 312 43 36 84
538 589 38 55 71
606 446 55 59 66
518 323 36 38 60
529 237 36 36 45
569 473 42 40 83
661 343 55 47 55
571 525 43 45 56
501 243 55 57 51
