883
27 129 189 197 4
1000
789 401 64 37 167
529 148 50 46 161
896 174 53 58 119
177 767 44 64 140
68 81 34 43 149
106 533 35 45 166
476 491 65 49 190
-222 163 41 34 186
-716 7 62 53 155
-399 764 55 55 170
-775 402 46 51 172
-428 43 35 47 104
-100 255 37 46 185
-528 554 63 34 195
-685 279 44 47 190
-770 644 58 52 129
-703 738 52 53 185
-21 760 49 50 180
809 78 62 60 146
-826 185 40 43 175
451 154 57 47 121
-601 407 39 51 190
965 436 37 66 170
-465 477 59 50 118
624 677 46 38 200
851 89 57 40 109
865 556 58 49 167
699 498 62 38 181
348 37 34 51 147
-914 424 46 66 141
-297 18 50 63 172
460 661 35 37 117
-394 418 59 45 133
72 53 38 60 111
728 367 61 40 175
965 699 38 50 135
495 412 54 37 190
-69 364 47 64 141
-928 649 37 64 172
360 38 51 36 133
-983 336 41 49 131
-519 116 57 34 111
-693 86 41 36 146
267 352 49 45 126
-522 694 35 48 138
-743 3 62 43 119
-442 397 61 40 125
904 488 44 47 132
755 501 59 59 137
-663 654 47 34 140
-121 73 48 54 143
886 411 63 47 171
883 452 44 57 192
823 111 60 62 114
234 747 62 35 124
-423 267 39 49 120
-959 461 54 40 184
835 111 47 55 151
866 458 39 51 105
346 139 61 57 160
-371 304 39 47 168
-282 452 49 41 143
704 537 60 66 138
650 732 37 52 123
446 49 35 51 171
-8 261 66 45 122
355 149 35 52 131
-317 288 43 66 105
161 766 42 63 141
800 633 64 58 107
894 650 49 49 168
-821 428 48 50 176
-292 561 62 58 139
963 287 47 50 163
317 369 53 62 157
247 379 36 62 143
122 558 58 54 105
-493 22 40 62 188
463 647 55 37 196
878 782 37 61 155
-325 457 39 47 155
-843 669 43 63 181
-65 732 66 59 151
-384 224 46 58 168
709 199 64 66 123
-763 422 37 34 125
-946 518 40 62 178
1 582 47 41 188
799 703 59 55 126
-296 564 55 36 164
720 97 53 45 134
-509 133 45 51 188
-568 461 63 64 115
240 580 50 64 164
265 134 57 62 109
-540 621 62 40 156
994 115 40 46 185
-604 616 61 53 171
-65 725 58 41 174
-214 706 51 57 153
326 459 62 41 174
957 591 39 42 146
-603 736 40 64 170
243 377 66 44 161
560 301 66 59 163
240 17 60 34 184
-464 758 41 58 140
442 144 50 65 124
-540 41 63 65 176
452 712 34 44 147
836 119 57 65 117
-78 199 60 49 166
-56 2 50 62 102
189 425 51 66 112
-727 202 42 66 136
317 12 39 34 141
732 359 39 65 170
895 528 65 61 157
-824 665 62 60 109
193 323 62 41 113
223 718 51 66 114
241 298 56 48 106
-911 261 57 59 122
867 595 35 41 174
268 304 42 62 126
-528 492 37 47 184
531 300 53 52 166
376 428 62 59 102
864 363 62 35 102
661 658 36 62 108
-337 771 48 53 182
-452 389 35 37 125
-728 7 62 62 180
-789 83 39 34 125
300 129 64 44 158
284 18 37 47 138
-989 152 40 52 181
-165 384 50 41 174
-190 537 61 66 153
-973 451 36 35 200
-885 573 58 43 173
982 460 61 37 146
-638 19 66 62 130
-798 425 48 52 161
912 674 45 35 110
632 390 60 56 120
-778 72 49 60 147
905 211 42 41 192
-772 24 53 64 106
-931 274 54 42 139
-972 472 55 38 164
-192 534 55 51 175
-590 63 44 62 129
451 294 48 65 124
879 122 60 39 172
-990 585 45 48 146
-852 28 42 41 115
-716 145 66 51 103
-582 687 55 49 148
214 734 44 58 143
982 301 57 48 103
163 694 53 60 165
453 531 47 53 153
568 669 51 59 167
55 646 60 43 117
849 648 52 41 179
177 624 48 59 168
-265 667 52 39 158
32 263 65 62 159
144 110 46 42 108
-536 208 61 53 162
-795 57 64 60 113
822 92 53 46 174
561 54 49 43 174
560 254 34 47 167
-951 712 44 36 153
-552 464 63 60 188
-288 311 54 50 134
-68 442 51 63 183
520 537 54 45 126
-993 718 63 57 193
930 47 54 48 154
-447 760 50 55 123
193 194 64 63 190
-677 261 42 54 191
-419 636 62 51 111
-245 323 63 59 193
4 634 56 50 184
838 455 34 58 172
-892 6 53 62 149
-926 659 48 41 104
115 438 46 64 166
630 782 39 35 180
688 42 46 43 109
-623 600 43 42 148
-252 334 53 43 191
962 572 51 47 140
-605 674 41 55 161
-141 481 49 56 193
-516 615 40 38 186
879 589 59 37 109
-757 576 63 46 118
403 205 56 46 200
-40 388 48 47 144
894 683 64 41 169
-133 363 56 59 183
736 93 36 62 118
809 199 42 39 104
-619 29 65 37 168
885 753 60 52 105
-17 292 65 60 141
739 162 34 50 102
-891 733 39 40 197
-481 27 56 52 156
-310 203 62 50 182
-450 91 38 64 182
-102 516 41 42 171
-275 447 60 47 177
573 37 43 56 165
343 220 54 42 179
49 772 63 57 179
220 335 55 49 178
-378 620 62 48 124
889 265 61 41 200
908 657 60 52 151
-186 560 62 47 120
-246 454 34 52 187
-955 188 45 38 198
536 60 56 38 129
605 229 52 41 180
734 120 63 40 112
406 427 60 47 128
-485 383 51 36 108
913 778 51 51 177
-407 37 48 54 199
137 761 59 58 148
-675 126 38 50 168
704 397 65 63 189
-409 434 66 61 177
-129 155 53 50 116
196 287 51 40 125
716 344 52 57 142
-751 345 51 54 138
68 562 36 42 146
371 248 39 59 160
-101 202 45 66 112
476 343 57 34 198
139 150 50 35 183
604 209 34 44 158
-4 212 35 37 150
-881 436 48 34 168
-932 242 56 51 172
7 246 55 62 162
-285 720 49 65 130
952 47 39 47 198
-733 715 48 34 183
972 107 51 54 115
-482 189 46 60 187
-474 163 51 44 101
-867 187 61 57 108
-916 668 61 61 140
273 758 48 55 158
-597 105 43 58 194
-232 730 65 42 125
-130 687 36 63 191
705 64 42 51 144
511 427 45 57 114
605 189 59 51 115
-298 89 37 41 137
-458 419 50 60 107
-836 242 49 60 163
909 103 42 48 140
213 762 34 37 136
-829 656 60 37 115
909 189 59 35 143
287 573 44 37 186
-609 101 37 42 112
-675 641 41 64 105
-327 767 42 49 190
312 87 61 64 150
-637 479 50 62 159
250 256 59 36 176
441 323 51 58 189
-720 208 42 41 118
425 242 60 34 175
907 30 62 49 165
-10 238 34 45 126
518 495 59 62 108
915 303 66 66 106
648 644 36 45 189
88 161 52 49 107
611 47 37 52 157
-125 94 63 38 105
-605 360 40 37 124
-749 489 40 49 170
417 217 66 66 194
-413 692 43 50 171
-892 214 56 47 120
-914 772 37 48 147
-253 306 42 58 134
-472 592 42 35 142
772 350 55 61 191
426 514 46 54 172
952 32 54 53 108
-965 16 38 50 120
-414 284 60 40 135
-415 550 59 41 103
737 439 47 34 132
-287 54 37 42 187
-675 67 64 59 113
-753 215 36 41 158
379 401 49 58 170
-750 195 60 49 186
-582 324 64 43 130
-615 663 40 49 178
-212 10 63 61 126
-595 477 45 56 117
744 380 53 43 126
928 751 53 52 158
-913 138 42 49 156
-365 274 35 50 136
616 43 36 38 186
-144 596 48 65 137
684 748 44 41 132
360 728 62 42 200
496 463 36 37 142
-308 651 34 51 187
-701 508 44 65 146
-686 592 40 34 104
-130 287 34 51 152
260 308 56 53 144
-528 590 46 63 176
-424 726 41 40 178
688 755 50 41 123
-143 645 38 44 129
-224 458 34 35 128
706 664 64 63 161
-619 114 35 64 167
658 774 55 35 117
911 68 66 60 134
-163 736 61 35 135
492 181 66 56 190
474 51 48 43 167
-478 712 61 60 171
656 288 51 39 197
-617 519 44 44 137
-733 356 49 39 149
-980 20 49 55 132
965 361 47 43 155
114 46 41 43 167
-195 309 36 37 200
257 719 36 55 194
-192 55 35 41 198
850 532 34 50 163
-407 722 52 55 159
516 774 56 58 150
648 412 44 58 121
395 351 39 51 103
-105 322 64 43 140
-143 293 49 38 109
51 311 50 46 145
299 592 57 50 108
-941 446 34 65 154
-778 483 45 57 195
-119 193 53 34 188
525 343 42 59 133
374 655 65 43 189
-299 679 41 58 197
568 291 63 59 121
-434 564 60 45 133
-82 577 37 46 188
97 248 42 61 105
-430 728 47 63 134
734 553 36 61 178
-92 248 37 51 136
762 305 43 60 129
-103 410 49 55 193
548 443 52 39 123
91 61 66 55 194
-682 98 39 38 140
269 251 47 44 171
-855 585 46 34 158
-603 148 63 56 191
-173 178 46 57 182
-838 322 50 39 140
353 196 59 35 123
54 141 51 41 193
694 1 45 54 106
-440 559 66 40 180
380 669 56 43 113
-936 20 38 64 174
-28 331 65 56 107
228 189 57 43 174
-360 253 62 34 141
731 327 59 64 117
-155 455 52 62 140
751 35 35 44 134
-657 254 56 47 111
669 36 64 61 104
690 78 58 64 137
-283 535 38 57 165
-796 311 52 35 125
603 77 45 61 125
-250 599 52 52 184
324 464 46 66 150
241 661 39 38 123
-806 168 42 43 193
975 368 50 62 176
-482 486 40 47 101
754 294 40 65 136
-881 599 55 43 143
-750 376 49 66 105
-850 55 65 63 144
-816 256 56 59 160
-671 16 58 63 199
-65 473 62 60 128
-247 344 53 46 161
130 735 35 50 123
264 361 53 56 150
-839 609 57 42 118
-950 357 59 53 150
-973 220 44 64 187
99 725 66 62 103
-409 608 41 53 172
858 375 65 48 156
722 649 44 54 178
34 419 34 66 136
555 668 59 60 190
880 450 34 49 191
-493 90 48 40 182
446 328 48 51 139
-40 545 53 49 198
948 8 55 41 148
-439 606 39 52 114
-981 508 46 35 116
-833 309 38 48 136
613 189 47 37 198
-750 700 50 38 170
-928 297 46 56 155
-591 232 65 62 152
827 471 62 56 151
-786 650 61 39 135
326 405 62 47 186
-584 762 46 57 128
237 705 45 50 138
-230 183 53 64 134
278 702 54 50 173
-876 325 59 51 196
-226 140 52 55 137
617 456 51 58 122
564 652 47 44 160
-82 506 45 45 187
-471 242 61 64 121
-224 352 52 59 156
-638 135 64 63 126
-790 280 49 43 137
-466 201 57 50 171
815 458 63 35 155
950 293 60 46 112
440 216 51 53 139
-661 512 45 42 115
-645 641 54 40 111
529 64 40 50 152
-183 692 55 43 123
960 25 48 60 164
-785 719 40 52 148
-918 658 56 61 172
770 487 66 43 169
-918 755 61 57 141
53 3 34 41 167
122 686 59 45 140
-980 254 42 48 122
773 737 58 38 123
920 235 51 42 188
-245 284 64 43 189
517 412 34 46 140
-198 701 65 40 109
-158 338 61 59 146
751 432 36 46 196
92 29 41 57 191
234 659 65 47 197
-251 565 61 53 129
292 472 63 48 185
198 545 34 34 172
-879 138 65 39 134
469 158 64 48 122
-191 127 55 63 148
-179 152 65 60 168
496 341 50 38 170
-237 498 50 66 165
661 114 37 43 150
-53 781 42 52 160
-846 578 56 51 162
244 22 56 42 180
860 111 66 47 126
-32 540 60 59 136
-399 206 66 63 133
193 588 45 39 192
-766 69 61 61 159
-879 735 45 52 126
282 582 44 47 113
-170 444 54 36 134
-970 715 61 55 130
321 501 48 41 116
387 121 36 53 118
476 31 62 60 164
881 592 58 58 114
-224 82 50 65 106
-784 462 66 44 156
163 662 59 40 137
597 444 64 46 116
-974 450 47 54 111
417 431 54 49 137
-853 680 66 53 139
456 561 56 66 113
-248 328 65 55 111
-852 33 51 44 109
770 473 52 60 151
253 34 58 50 135
841 756 39 47 147
654 274 34 45 113
-13 774 44 39 156
143 638 66 40 155
8 433 42 57 132
507 221 63 55 147
327 173 41 40 126
918 248 41 36 102
729 749 58 47 157
-839 780 51 53 180
-742 26 57 54 137
-399 295 37 60 171
-435 2 50 59 188
634 761 51 37 105
-49 349 44 64 155
-630 324 63 53 169
-411 114 62 49 200
921 739 47 57 179
-6 712 58 56 170
754 165 61 61 153
-129 352 63 56 110
-639 58 42 36 181
-693 6 50 55 167
-677 757 49 45 126
634 539 64 53 198
635 151 37 64 148
-395 422 52 60 188
-969 109 35 38 198
-970 212 35 36 157
-441 635 35 45 134
880 437 56 58 109
-21 227 46 64 189
595 431 54 59 113
346 145 44 50 190
-920 441 43 53 151
396 108 37 64 186
-167 103 63 66 120
-255 99 42 46 196
-393 651 58 35 133
930 417 49 44 182
287 698 45 63 158
23 566 52 62 176
-176 445 39 54 188
-23 460 64 54 121
156 212 56 57 110
-178 722 47 47 181
81 10 57 44 177
360 702 59 60 131
-847 137 55 39 117
-471 50 51 36 187
-917 235 47 65 118
590 158 46 41 104
203 555 60 62 175
-371 467 48 39 195
-467 118 61 36 176
-179 287 48 41 104
730 57 54 34 167
-679 461 36 53 115
923 50 65 50 105
590 766 53 52 110
-730 153 55 45 177
-981 203 55 34 134
117 326 60 53 158
-291 278 58 45 113
-311 46 60 39 118
-609 520 58 56 142
741 417 48 50 146
821 289 39 35 189
327 18 51 45 144
-402 265 41 63 184
-275 163 39 57 136
-275 429 55 59 124
390 760 58 57 132
-736 560 42 64 194
-570 696 60 41 139
66 345 47 35 197
757 538 59 41 174
-307 468 58 38 168
-570 117 50 39 146
-766 43 56 61 106
-624 380 37 55 155
437 474 53 34 162
-905 476 63 56 169
-843 48 50 58 105
676 693 59 63 190
-555 271 63 51 146
0 443 59 60 183
-896 430 47 44 116
321 99 34 38 142
-568 309 47 35 137
592 242 43 63 141
341 296 53 42 106
-743 300 44 40 104
-388 151 58 61 123
-969 433 58 49 143
-741 351 58 65 180
705 308 60 59 106
759 763 66 63 200
298 336 49 43 165
-97 33 34 49 118
-47 744 40 52 127
741 610 53 50 187
-321 665 56 64 197
25 257 52 44 107
993 154 62 65 117
501 15 36 44 110
516 705 36 61 181
-375 466 38 56 146
-349 486 45 48 158
-514 370 41 35 128
-76 596 50 39 125
-850 529 42 38 145
-185 242 36 57 131
-573 575 65 47 187
594 223 53 61 179
-739 526 44 52 169
57 147 58 53 187
827 208 48 49 182
-131 311 57 62 190
-650 566 35 56 198
362 747 55 52 111
-170 643 37 54 115
-283 424 39 44 140
931 624 40 58 142
417 527 54 62 102
-899 545 38 40 190
716 377 61 46 104
-231 434 54 47 189
-552 37 37 46 130
199 541 66 56 105
1000 635 44 45 109
715 527 58 45 155
-203 620 65 64 106
768 148 63 61 181
-383 561 41 43 171
-264 223 43 62 140
-670 756 66 39 163
684 582 45 53 171
-107 586 36 51 124
-2 43 50 45 189
222 269 41 52 138
-770 241 63 65 132
299 538 54 40 169
494 547 40 38 113
-801 669 36 57 111
32 262 56 55 138
856 407 34 57 134
-76 557 47 46 124
586 265 44 39 182
-323 91 59 42 139
528 640 51 63 123
635 348 60 41 148
204 133 53 43 130
-229 764 43 62 168
-874 185 54 55 131
326 666 52 59 166
-503 520 48 58 178
455 767 59 37 144
87 370 51 53 113
-941 99 64 61 148
748 55 35 65 108
394 258 64 62 196
19 726 65 59 122
-834 0 64 41 164
820 226 42 57 153
771 722 38 34 102
342 416 41 42 149
896 93 42 64 137
-65 460 51 46 101
-537 730 61 60 173
145 200 50 65 108
901 775 43 45 186
-415 516 45 42 199
796 182 50 51 172
-791 428 39 61 131
-66 773 45 49 116
359 193 55 60 157
-957 147 60 39 196
824 90 34 43 192
333 657 66 50 110
-793 556 45 62 198
-770 580 44 52 165
358 714 64 53 128
615 482 41 57 140
-821 726 66 48 176
-285 564 40 43 157
711 505 65 61 126
-638 442 34 48 101
685 729 46 40 178
-165 435 52 41 151
-961 689 51 60 149
-647 7 59 47 125
-184 619 42 34 118
-62 334 64 63 146
-116 181 64 52 163
191 472 47 37 195
-110 590 57 45 115
-22 400 40 55 170
-891 9 62 46 153
826 349 48 62 189
-908 547 62 54 175
405 270 54 48 189
-687 542 39 63 117
555 299 40 59 189
837 765 34 55 173
248 643 36 53 108
-947 508 49 47 164
880 763 52 42 180
-476 499 65 62 172
-489 505 58 55 185
974 410 43 59 101
-539 573 55 35 170
-755 30 58 48 115
-205 496 60 42 164
-483 503 55 35 119
799 174 37 44 169
-786 706 43 35 168
102 366 47 46 189
957 443 58 35 123
796 707 40 37 101
-269 7 64 41 103
-602 722 34 65 105
9 313 37 41 102
-551 145 36 48 133
584 88 40 66 123
632 86 50 49 142
-364 123 52 43 188
-891 586 37 51 114
673 403 42 52 121
-455 689 34 50 177
915 288 64 50 193
-596 21 62 46 156
-413 176 53 63 106
544 759 53 62 163
-849 178 61 35 124
-229 427 45 45 166
-522 206 50 61 152
725 109 51 65 160
817 352 46 56 114
-979 585 35 37 149
-749 375 41 48 107
-49 620 37 65 180
-263 251 55 53 128
-515 551 47 43 157
-629 100 37 55 103
-477 384 65 63 180
390 781 39 60 170
671 163 65 63 136
-318 620 62 56 177
691 446 60 63 149
-735 5 55 53 120
247 218 36 42 164
-9 151 59 61 192
-555 224 65 66 144
735 350 64 37 191
-525 356 41 62 131
-839 63 64 51 191
931 318 59 49 174
285 621 56 42 178
954 667 37 56 142
-489 183 66 45 147
196 250 46 47 163
-370 186 58 38 138
761 72 43 38 199
513 212 42 44 116
-653 344 50 34 198
569 38 60 61 161
-394 314 63 36 200
-745 697 39 58 111
625 616 46 38 196
501 140 40 59 194
382 19 54 44 185
-71 416 38 58 117
-528 65 55 61 122
847 115 38 52 117
-27 352 37 37 127
150 691 54 45 112
-957 187 45 54 109
-408 224 46 61 195
-58 261 41 54 132
385 56 43 65 117
313 680 66 39 121
906 505 51 65 105
-224 179 48 45 190
14 380 43 39 135
-835 609 64 62 146
-326 308 61 55 127
335 678 54 49 103
-606 759 62 57 194
-743 521 48 48 126
889 639 55 49 140
-393 431 34 35 171
840 557 44 48 108
-994 560 50 39 121
-33 538 40 53 144
-691 442 54 55 181
974 326 40 51 131
697 757 61 57 179
316 783 52 56 146
-836 557 45 44 141
812 452 42 64 119
308 520 51 35 136
374 162 64 64 180
895 30 60 48 154
-859 338 58 44 143
-652 555 57 44 186
801 532 36 55 173
79 431 37 38 104
286 381 36 48 122
898 68 39 39 184
535 722 60 55 191
-463 376 40 48 177
-758 427 55 47 112
63 354 51 59 176
314 732 60 37 125
-666 97 49 34 133
-746 697 51 50 172
736 73 65 49 157
-518 640 36 48 156
-504 411 39 45 121
429 2 44 45 104
-60 91 66 45 123
-617 213 52 59 150
-192 777 52 42 121
-878 201 45 63 145
57 773 45 63 113
-60 228 57 65 139
639 368 61 59 174
-507 264 53 65 177
-645 675 50 49 121
-271 577 56 35 150
776 519 42 56 155
-679 66 36 56 104
-100 705 44 44 188
-436 56 55 50 108
940 413 39 42 147
-156 755 37 38 178
-385 270 58 55 101
-768 19 54 66 187
426 438 62 57 140
-864 488 38 52 147
-53 351 48 58 143
652 281 53 38 174
513 433 45 36 127
100 377 60 39 192
-414 701 39 59 138
-537 625 65 58 176
-255 153 54 37 167
-638 260 40 45 105
-895 556 55 34 159
271 741 54 42 164
140 245 51 45 114
-526 532 59 62 110
977 473 66 58 105
909 530 50 56 117
95 654 48 60 147
-307 623 36 49 154
-467 30 65 54 168
179 652 60 36 179
543 556 54 59 110
-912 158 53 55 176
-622 501 36 57 197
-604 496 42 53 182
-694 333 53 41 178
732 374 62 57 101
-172 150 40 54 184
-519 1 60 51 198
746 20 55 34 132
-526 596 55 54 159
-778 31 52 44 186
-143 404 66 44 172
86 537 42 36 118
484 406 65 64 165
-527 415 54 65 191
764 232 48 37 108
-544 338 53 54 154
791 357 43 53 186
-993 239 45 62 144
-83 638 40 62 127
-679 782 58 51 150
468 47 46 49 180
719 109 59 48 134
-182 263 48 62 180
663 121 50 47 189
136 290 47 48 146
222 54 63 36 195
229 28 57 61 192
-83 657 46 49 186
323 163 35 54 154
54 719 62 42 130
-712 567 35 43 196
-879 4 63 51 106
-599 13 47 41 135
112 31 55 42 174
990 511 65 58 180
-38 531 39 37 160
294 694 36 43 167
-665 429 44 58 172
-81 561 42 56 185
-149 631 64 40 166
-86 491 56 64 164
102 65 35 44 186
540 779 56 49 127
-978 782 61 63 183
-989 13 44 42 192
-190 298 52 45 160
-482 67 44 52 185
-375 241 59 57 143
-232 388 57 66 163
-23 75 46 64 174
194 341 51 41 121
708 741 42 55 123
-297 656 47 40 177
-985 178 51 60 140
431 459 55 55 149
423 620 61 37 198
623 495 37 60 130
-801 54 38 37 125
545 757 37 34 196
814 248 49 59 182
-990 217 54 47 142
987 476 45 35 128
-844 8 60 47 134
-113 219 46 47 129
-190 40 34 51 122
-776 118 34 61 193
134 595 42 41 192
442 253 45 59 147
602 660 65 46 161
-702 89 48 51 104
424 333 34 36 191
987 330 44 42 108
587 700 57 66 163
-320 9 46 49 156
162 459 55 65 108
534 279 47 53 199
-413 511 47 46 177
-897 114 64 37 139
-686 575 54 50 108
-339 353 37 50 157
-338 41 58 49 146
342 438 46 65 135
547 11 35 40 179
0 706 38 55 197
958 122 41 45 118
-247 733 48 57 156
561 291 40 66 133
-622 497 43 36 102
-713 224 65 46 105
179 510 43 52 200
-70 450 51 41 144
-672 740 51 49 167
-811 117 66 39 142
884 169 46 62 120
-125 563 35 44 164
-466 245 35 52 131
730 468 48 40 190
19 238 60 43 113
-8 768 51 51 120
256 686 41 59 128
366 710 42 55 116
-976 749 37 54 169
-984 184 55 35 122
249 401 41 45 110
-36 746 54 50 159
-469 410 52 49 113
390 154 42 38 188
-399 281 54 41 182
-959 642 51 65 160
-506 620 42 60 194
205 687 61 34 111
-191 22 36 60 181
295 473 46 51 163
383 723 47 55 135
-899 564 34 44 172
-790 777 38 66 151
198 720 60 62 117
-646 436 35 36 121
392 101 34 50 193
-443 60 51 50 152
48 281 60 61 115
