990
766 89 101 110 6
1000
586 600 54 54 47
570 151 59 56 59
526 668 60 45 72
597 38 53 42 55
533 41 54 58 47
695 474 53 51 67
682 18 56 52 73
523 291 51 45 52
574 74 46 54 79
624 753 60 59 47
514 467 43 59 47
611 883 51 60 64
511 472 51 50 79
613 681 56 60 60
616 70 57 43 43
693 96 59 60 66
601 727 52 57 62
582 14 51 47 58
573 253 53 52 46
629 125 41 48 76
559 23 58 52 47
550 345 55 60 43
501 405 50 41 59
630 711 53 54 61
673 620 50 47 72
662 360 58 42 66
552 622 43 53 69
663 628 57 43 43
551 268 57 55 49
585 188 54 45 48
583 407 46 55 62
515 748 53 42 45
597 435 47 44 44
693 232 45 48 57
518 548 50 54 72
610 228 49 53 63
632 128 54 51 47
641 359 57 41 52
592 536 60 50 59
688 368 43 45 56
513 805 54 52 59
645 16 53 53 47
624 340 46 44 76
685 529 42 44 70
634 395 59 41 64
675 333 51 56 49
523 435 51 56 78
689 798 48 42 66
654 787 54 51 79
694 513 46 46 66
619 577 57 57 55
653 227 48 49 70
611 305 50 46 51
647 765 49 44 62
572 38 52 51 57
631 618 44 42 67
544 314 55 49 45
526 225 43 44 48
513 105 56 57 43
621 33 46 46 41
659 730 53 47 65
681 1 42 60 66
580 170 51 51 52
640 662 55 45 62
606 815 55 60 58
667 246 54 42 49
519 798 42 57 67
685 827 49 54 72
525 127 54 44 79
629 534 50 49 54
520 180 58 49 69
688 416 41 47 62
587 85 46 42 49
624 414 46 47 55
567 246 58 52 60
629 890 45 59 65
659 667 56 55 58
584 17 49 47 61
581 9 52 44 72
611 149 60 51 49
602 544 46 58 66
675 166 43 53 63
560 301 49 48 61
623 273 53 43 67
652 290 44 52 41
683 57 59 53 52
510 557 54 48 72
587 551 50 59 71
512 470 59 52 52
568 527 41 50 79
648 385 49 59 79
575 554 53 58 62
632 64 60 52 78
644 194 43 41 44
511 351 57 47 44
618 691 49 53 65
579 724 48 43 44
669 612 46 59 64
533 592 59 55 45
587 824 55 44 78
593 645 55 55 68
598 879 41 60 52
527 486 49 54 75
564 178 57 59 76
630 460 43 43 43
592 524 51 51 66
676 33 41 48 68
588 751 56 41 46
580 61 54 47 65
643 399 53 55 74
541 171 51 42 48
676 719 46 59 61
540 392 56 41 76
693 131 60 60 44
518 622 48 47 76
581 151 42 60 70
593 27 48 48 77
616 163 44 51 57
625 886 52 41 62
514 649 52 51 44
637 701 54 48 74
561 885 42 50 60
548 391 46 54 61
561 217 46 42 55
594 873 55 60 57
508 370 52 52 41
596 182 51 59 43
575 182 45 46 51
646 521 60 48 62
538 373 42 46 72
618 745 60 52 58
548 268 57 41 44
639 267 47 43 65
545 738 41 41 60
658 794 54 51 72
552 669 55 49 69
502 389 52 56 46
616 860 45 48 77
607 596 49 52 73
504 73 56 49 56
615 289 42 53 42
554 61 60 42 69
592 167 49 54 72
546 377 60 42 57
642 320 51 57 63
651 542 54 60 46
602 580 49 58 72
672 682 49 52 68
509 789 54 48 76
514 478 45 46 72
668 66 41 41 76
591 216 50 52 70
504 700 43 42 52
590 259 57 52 49
590 354 55 47 73
689 605 41 51 48
501 271 56 57 49
558 303 45 41 78
695 853 41 44 61
507 377 45 56 78
562 474 59 55 67
528 136 56 47 55
621 723 59 60 71
700 128 46 50 78
650 147 44 55 75
598 46 59 42 80
587 21 56 50 74
532 644 42 45 61
625 556 50 41 63
658 637 42 59 59
647 394 43 59 78
642 502 56 56 52
684 542 58 41 73
570 239 50 41 41
586 483 41 56 52
574 801 56 53 80
542 661 44 41 64
501 152 58 52 48
511 24 53 59 78
674 212 42 60 64
656 710 54 43 49
665 317 49 50 46
509 559 41 60 41
553 71 56 45 41
586 224 51 54 76
656 274 54 59 60
589 631 47 54 64
524 205 51 57 76
595 692 44 53 55
511 256 56 47 63
645 158 56 49 61
534 359 50 48 71
673 155 42 41 65
618 21 54 47 73
672 254 58 50 46
639 195 43 50 49
675 574 41 49 45
604 772 47 42 53
626 257 43 55 74
652 196 59 52 72
669 130 57 57 56
652 181 59 58 64
678 542 47 55 63
664 581 41 58 54
637 333 56 47 64
532 531 46 60 60
585 655 59 41 57
699 282 58 50 48
538 456 55 54 67
528 542 50 45 78
525 84 53 52 57
624 480 55 56 47
626 308 49 48 57
619 561 48 59 55
690 785 56 58 79
623 577 54 54 80
516 4 49 43 79
572 693 41 47 64
538 728 56 59 76
699 317 43 43 48
502 55 48 42 49
503 190 58 60 72
682 236 55 58 49
564 92 48 45 42
655 84 41 42 42
541 163 54 49 56
558 87 42 44 61
597 478 58 51 41
623 463 58 43 59
608 386 52 44 71
578 24 56 44 63
539 467 54 48 49
687 769 48 48 78
549 253 45 45 80
639 84 41 46 56
595 19 57 54 48
684 878 54 55 61
691 871 48 47 80
612 335 56 56 75
611 101 48 43 44
527 294 51 48 76
657 851 60 46 68
530 186 47 42 44
562 887 42 48 45
634 543 58 41 55
542 837 56 56 79
620 613 47 60 51
693 689 47 55 57
533 242 55 46 49
524 158 49 53 42
545 430 44 49 59
603 692 57 54 47
510 394 59 58 74
514 591 54 58 69
663 95 42 52 58
549 260 58 43 59
512 532 44 49 43
571 383 54 54 50
570 704 55 56 55
630 634 49 50 49
681 8 44 43 50
500 401 50 54 50
547 457 43 59 59
586 680 47 55 62
503 203 49 47 60
582 684 58 59 80
555 31 41 41 69
643 652 54 53 49
671 8 58 57 76
565 313 53 42 42
660 426 47 57 78
572 320 56 51 56
523 19 41 50 46
690 647 50 43 62
678 477 52 41 77
553 555 42 51 61
586 462 41 41 48
536 46 43 54 50
622 735 54 53 64
529 122 52 56 79
621 382 59 54 69
532 354 44 60 69
661 548 45 46 48
512 882 46 54 53
545 793 41 51 63
603 318 49 58 41
682 432 46 50 47
696 271 53 42 47
506 324 46 59 41
624 132 44 57 67
575 503 45 42 64
618 135 47 58 46
700 712 41 44 61
605 93 50 54 65
597 154 54 55 67
516 702 42 56 74
538 141 57 58 56
646 588 47 52 59
663 243 59 47 51
645 424 55 54 59
567 867 52 45 80
683 26 49 49 69
508 729 49 49 77
558 241 59 54 55
596 289 52 48 63
670 723 58 49 57
591 211 60 53 72
637 166 48 49 59
581 545 46 43 79
670 729 41 46 59
504 345 60 53 59
596 457 57 46 78
672 844 53 56 73
626 806 53 60 53
506 21 49 60 55
651 431 41 42 48
625 855 50 44 43
571 206 50 57 57
634 475 47 56 66
564 17 53 42 64
582 806 52 55 46
622 683 58 50 53
562 521 44 52 44
684 712 57 44 51
606 748 59 46 65
677 462 52 58 57
619 775 43 48 50
628 234 46 59 65
588 26 59 60 61
655 341 57 41 45
546 136 51 50 53
636 79 41 54 58
641 687 42 60 53
555 884 55 51 63
659 742 57 50 53
541 666 53 41 71
698 13 53 55 57
661 563 54 47 72
697 169 43 54 47
502 115 58 48 52
691 310 41 45 48
686 850 59 50 47
526 469 49 48 48
647 553 46 44 58
604 400 46 55 56
666 362 52 42 62
579 151 45 59 68
528 139 58 43 41
512 77 59 60 75
544 435 43 41 65
578 482 47 58 64
530 274 50 43 59
527 708 41 50 63
622 851 50 54 62
667 517 60 52 80
664 49 58 60 45
573 194 56 44 73
699 287 51 60 62
644 709 42 55 69
577 860 60 60 55
504 773 57 57 55
557 799 46 57 42
674 552 41 56 70
688 223 51 53 75
694 372 57 60 48
638 451 47 50 66
660 345 43 58 74
659 326 42 50 43
663 211 48 51 66
517 772 48 53 72
549 616 60 47 55
543 723 58 50 60
627 696 50 58 80
612 312 48 55 74
515 91 46 47 66
626 694 51 54 47
586 739 58 60 69
582 589 49 49 53
621 157 41 49 76
620 556 57 49 71
697 719 58 57 42
684 487 56 47 77
591 237 49 49 52
582 31 60 58 61
538 41 55 52 48
600 117 42 53 49
507 828 57 56 62
666 412 54 42 47
572 800 46 56 57
640 146 56 49 60
512 876 54 51 48
627 448 44 44 72
568 261 55 50 57
535 118 44 48 79
651 826 44 54 52
612 589 53 51 50
544 295 46 50 44
579 872 47 48 67
563 149 48 49 47
623 830 57 51 79
690 467 53 43 60
609 667 43 44 68
694 347 57 41 53
534 237 59 48 46
688 238 50 54 66
698 509 53 53 55
657 757 54 53 62
548 362 59 60 49
633 363 57 42 46
563 702 44 54 52
615 166 46 48 57
573 288 55 55 60
623 333 53 54 68
657 685 42 51 72
618 600 50 56 43
524 782 42 53 80
660 503 59 59 44
509 723 49 41 50
517 688 50 46 76
667 501 53 49 70
588 560 48 45 62
607 727 42 53 79
548 480 59 60 70
591 30 46 53 72
606 511 51 47 80
601 480 57 55 71
563 890 50 56 66
646 162 51 59 66
619 570 48 54 78
693 827 56 51 54
670 460 59 54 65
656 352 52 50 71
500 346 55 44 77
543 647 58 60 64
612 563 49 48 68
540 338 58 53 54
687 665 43 53 66
558 818 41 56 52
637 239 41 51 72
587 572 47 58 52
649 492 54 54 61
553 768 41 44 42
531 551 45 54 73
603 527 47 54 76
551 877 43 50 62
693 277 56 41 71
678 185 56 55 65
677 213 41 58 74
532 312 56 42 73
688 529 54 56 70
626 767 45 50 45
692 486 48 42 45
504 161 51 43 67
505 661 50 48 50
630 450 46 59 44
591 772 41 41 67
519 76 59 43 41
637 165 51 46 78
641 553 53 49 61
640 120 53 42 48
626 122 54 57 65
679 569 41 53 55
647 605 57 44 44
521 196 49 53 55
680 223 43 53 55
594 429 59 52 48
503 238 55 51 72
547 534 58 46 50
618 635 55 59 77
696 300 57 60 59
667 124 52 59 75
639 734 47 56 76
641 124 46 60 55
652 774 56 44 80
563 797 49 41 63
512 394 57 42 76
513 841 44 55 67
650 384 51 60 78
500 637 46 43 49
524 391 41 52 69
519 464 56 51 58
694 108 59 46 72
689 3 60 50 53
595 437 54 44 41
557 677 53 58 53
600 741 51 46 74
666 388 46 42 62
663 410 51 43 62
546 500 60 55 70
683 842 52 51 41
616 454 42 58 71
591 392 44 59 55
602 800 50 53 65
517 116 59 43 41
596 113 49 58 51
686 86 53 55 43
644 631 52 58 71
669 57 49 60 72
665 378 45 44 45
672 750 55 55 67
594 1 53 52 63
619 475 45 41 73
506 175 58 55 44
643 866 51 51 53
636 435 48 47 41
578 648 45 45 76
515 559 57 45 63
602 280 46 46 47
696 91 44 60 55
516 16 55 46 65
578 283 57 55 48
614 477 54 47 63
634 271 44 50 50
538 797 51 46 52
671 182 41 44 64
519 554 43 44 78
519 852 44 54 63
586 40 46 54 67
627 425 43 51 63
672 708 46 55 67
680 71 53 42 44
511 32 42 52 67
697 869 58 44 70
673 819 48 47 43
643 311 48 55 43
508 162 53 45 57
639 785 60 53 59
674 705 59 57 55
535 354 59 49 73
541 159 59 44 69
689 852 57 53 63
599 817 53 51 63
528 616 41 55 42
550 68 56 47 66
517 79 44 42 47
529 311 46 57 52
667 1 42 47 77
682 609 57 43 49
519 834 45 52 77
610 450 48 51 74
528 807 43 41 55
518 521 47 49 60
691 869 52 43 50
651 193 51 48 74
600 284 59 52 71
645 422 57 48 62
519 683 50 49 66
503 745 44 54 47
633 581 42 59 45
553 88 42 54 57
524 656 42 58 76
626 5 54 57 47
680 337 59 45 79
552 770 48 53 80
532 21 43 44 52
648 880 43 50 66
650 593 54 51 74
680 266 60 51 75
599 606 56 55 63
642 491 53 45 71
606 736 52 52 73
619 338 59 49 74
666 773 52 55 42
697 740 49 59 50
588 745 43 50 45
679 525 47 53 49
566 751 53 57 71
630 720 49 44 75
654 150 53 53 80
622 479 42 55 51
608 299 56 44 61
541 632 54 41 57
540 545 53 50 79
615 23 59 55 74
654 465 52 51 74
691 185 46 49 52
663 816 58 45 43
656 415 47 53 67
555 371 60 49 56
666 505 47 53 48
587 406 41 57 76
511 166 56 53 55
649 627 50 45 49
510 445 45 50 54
637 824 50 47 67
556 686 45 57 69
606 761 50 49 55
651 855 47 47 77
662 333 46 42 51
649 383 59 49 75
659 123 60 43 76
667 276 53 49 71
664 517 59 51 58
674 233 56 55 44
562 754 46 58 75
502 537 42 59 79
589 770 48 53 65
594 315 49 41 44
507 360 54 42 41
556 95 60 51 47
516 863 52 41 78
690 230 49 60 55
519 876 44 42 76
563 802 45 59 79
627 197 55 43 74
654 762 41 50 64
586 757 60 44 69
588 763 45 60 79
633 132 41 60 67
572 786 56 52 54
685 638 51 60 44
547 132 46 54 54
644 502 56 60 72
665 69 43 42 42
647 768 48 50 73
651 319 57 48 68
528 876 53 41 44
609 474 59 52 44
506 867 59 54 58
692 463 47 51 51
549 478 58 54 41
554 449 56 59 69
504 874 45 57 54
689 424 60 47 51
512 279 59 51 58
511 47 54 49 77
694 510 59 49 69
541 747 52 43 75
516 702 42 46 76
673 717 58 45 77
517 670 58 59 65
546 304 47 42 76
524 342 53 50 66
598 664 42 59 48
510 236 51 54 44
609 871 51 58 80
635 109 60 60 44
659 676 54 47 66
647 18 56 45 63
530 118 49 55 41
633 228 44 54 59
684 33 48 45 60
697 349 47 41 68
675 366 53 49 45
548 415 47 60 59
592 796 52 54 46
574 786 59 52 73
507 365 60 41 78
582 80 57 46 70
680 874 57 47 51
683 863 49 46 73
669 720 47 50 70
555 404 56 57 56
530 339 59 49 60
656 437 53 54 73
515 32 45 53 47
666 69 48 55 52
552 57 53 55 43
673 395 59 54 67
621 347 55 54 41
580 1 47 46 73
695 385 59 46 41
506 604 53 52 50
678 300 58 45 55
579 293 41 45 66
518 878 58 58 74
544 372 58 56 59
688 475 47 41 57
700 326 60 48 73
627 752 52 59 60
551 443 45 46 75
537 204 49 44 53
619 473 50 54 79
630 773 43 45 79
672 47 44 53 59
621 770 46 41 56
598 358 43 57 51
631 253 51 50 55
523 312 60 44 45
608 51 60 56 62
521 568 41 55 60
578 636 47 41 46
626 585 42 58 41
574 210 56 52 42
640 851 51 57 69
559 265 41 46 45
676 20 60 49 64
547 144 46 46 80
640 691 48 60 43
653 879 41 46 73
513 666 42 51 59
651 287 56 60 54
502 90 58 45 69
663 589 44 45 59
585 626 56 59 57
598 457 60 53 42
687 320 55 41 57
688 220 55 44 49
536 229 54 43 76
552 353 49 53 70
514 864 59 50 62
513 584 59 48 73
593 285 46 52 70
593 833 43 54 55
615 746 55 52 51
560 858 57 60 69
624 260 42 52 61
607 818 51 47 59
643 508 46 59 52
561 840 59 44 49
679 284 54 45 48
593 392 41 49 65
529 98 47 52 60
684 230 44 51 71
586 91 57 58 52
694 200 44 60 52
569 92 51 48 59
668 444 41 56 52
515 762 49 58 56
548 501 53 54 56
519 261 41 45 45
585 60 50 45 44
598 845 52 49 73
640 853 46 47 46
537 743 51 47 59
546 158 56 48 65
605 257 46 58 42
574 806 58 56 58
558 1 52 54 50
600 704 42 43 66
636 453 49 48 43
626 459 53 54 74
543 251 57 43 55
523 485 50 51 63
611 873 48 46 44
589 636 49 50 42
515 48 57 57 59
518 340 54 56 41
565 443 44 42 46
542 606 44 47 68
542 369 42 58 73
595 665 56 49 55
554 233 49 55 47
658 799 57 60 68
639 156 49 56 48
646 491 58 56 44
671 232 57 57 64
653 321 46 50 71
615 210 48 44 71
597 620 60 57 53
648 291 48 58 68
691 596 47 50 60
672 183 60 59 52
557 284 52 44 47
657 724 48 59 55
567 700 50 53 76
621 763 46 44 48
585 780 60 52 69
504 87 51 60 64
657 397 52 60 52
608 785 60 54 51
581 429 51 47 72
553 8 44 51 76
537 50 60 60 66
663 171 50 60 63
586 637 50 48 64
648 273 46 56 56
654 184 44 46 44
502 538 42 41 67
580 52 50 48 72
642 522 52 59 43
543 1 43 48 44
555 482 41 47 46
520 300 43 53 62
502 155 42 50 69
664 685 50 49 73
590 100 43 43 54
601 81 52 48 48
615 623 48 53 72
558 24 55 60 72
545 616 59 47 52
666 740 46 51 75
675 163 46 43 57
507 520 56 56 56
509 720 52 58 77
546 373 47 52 78
507 613 52 47 50
588 115 46 54 68
509 461 60 60 71
516 415 51 57 76
581 809 60 46 80
514 72 50 48 74
669 705 46 42 78
548 243 47 48 71
578 766 51 52 68
511 744 57 54 65
608 325 47 49 74
548 827 58 58 41
561 853 60 58 71
697 803 51 48 56
687 243 55 51 47
662 688 41 49 60
650 713 56 50 70
614 2 58 55 41
536 253 41 56 80
695 784 52 56 74
504 95 44 43 80
535 554 41 57 77
672 881 58 50 56
559 354 46 48 64
544 540 52 60 72
686 204 57 56 67
576 350 43 44 70
611 90 50 56 67
681 703 54 55 67
501 457 56 58 49
618 362 50 41 44
516 460 55 60 45
658 849 42 59 55
656 788 52 47 59
640 890 55 60 68
608 61 58 47 74
513 457 49 59 69
583 814 47 56 42
512 315 48 57 64
635 129 56 47 76
546 688 45 55 45
572 381 60 57 68
687 296 46 46 68
585 499 59 51 45
678 46 51 45 53
682 193 48 54 42
500 167 59 48 50
681 433 51 41 75
666 287 46 60 61
588 854 44 48 63
669 1 54 46 74
698 68 58 42 71
587 51 55 60 50
533 305 50 42 61
518 342 46 49 75
507 235 60 47 46
555 583 42 59 60
511 701 59 46 43
511 195 51 50 50
624 562 49 53 49
604 385 57 42 61
669 169 46 50 57
679 38 54 56 61
655 543 60 49 49
626 27 48 52 57
530 414 43 44 53
684 233 57 42 60
666 87 41 53 66
520 585 56 43 45
585 253 48 56 70
641 234 47 48 53
623 401 48 52 50
639 128 56 59 69
599 542 46 56 54
550 656 53 59 67
591 203 49 46 66
540 839 42 48 69
671 583 41 42 46
673 498 55 44 74
591 423 52 56 65
668 335 56 49 59
538 288 57 50 41
694 723 42 41 80
581 661 49 42 72
668 144 52 48 55
561 208 53 46 51
597 573 51 51 75
536 293 50 46 48
694 745 59 53 56
538 726 49 44 68
603 638 53 47 75
603 851 54 58 73
665 424 42 46 61
639 490 56 54 45
646 313 51 44 44
690 763 54 58 77
659 354 44 54 76
555 44 60 49 61
522 203 41 55 74
600 32 51 57 74
558 355 44 42 49
510 800 45 56 60
620 126 54 46 49
578 562 41 50 53
538 598 43 57 79
692 296 54 45 44
645 260 55 44 56
588 864 47 58 50
559 506 54 51 68
643 108 59 55 55
663 209 55 53 65
623 727 52 56 80
662 41 55 49 60
598 299 58 46 68
686 834 46 42 63
526 602 51 42 42
673 142 47 44 76
597 471 53 52 45
658 11 56 44 60
583 665 52 48 73
542 218 41 44 73
527 130 55 52 43
635 106 48 50 78
615 32 41 51 47
548 159 41 57 52
513 770 59 45 74
587 677 58 41 77
674 185 57 51 53
578 409 59 60 68
520 412 50 45 63
566 208 47 43 43
668 559 52 58 52
608 536 54 48 56
576 777 54 57 46
592 580 47 49 64
643 290 57 53 41
517 498 57 45 55
552 267 60 53 49
699 621 48 41 65
503 777 53 41 50
655 271 42 55 70
585 111 42 57 59
663 110 50 54 77
692 789 47 44 46
698 421 60 59 76
649 95 54 52 52
677 814 51 43 59
600 292 45 44 73
543 436 54 58 61
560 308 51 56 45
610 172 54 49 50
541 473 58 49 78
612 639 49 54 65
655 335 46 42 44
538 249 49 54 70
666 390 44 44 62
549 811 55 58 57
578 886 50 48 42
667 36 47 50 76
554 279 57 45 61
523 678 49 60 53
587 343 57 53 56
693 227 59 47 50
564 839 41 51 69
611 671 48 46 60
539 550 59 58 42
539 364 46 57 46
592 167 58 53 75
626 559 56 46 57
556 48 53 59 74
603 323 57 51 49
679 449 60 57 78
695 140 55 54 46
610 801 42 49 45
561 0 53 57 80
655 608 41 49 54
501 776 57 52 47
570 349 41 43 67
660 812 59 57 70
623 44 53 46 57
556 179 56 57 78
654 61 59 50 49
667 106 57 50 49
595 284 52 54 58
591 599 51 48 78
537 448 45 51 58
632 316 50 41 55
675 117 48 49 43
630 526 51 54 62
516 589 52 57 75
590 362 49 60 69
660 580 50 48 58
624 58 50 52 60
561 439 57 57 68
529 761 41 49 60
500 856 45 41 49
576 407 50 47 58
591 772 47 42 58
556 264 45 43 79
577 669 54 55 46
518 393 50 50 49
503 82 51 49 66
632 189 56 60 45
589 689 51 43 65
532 297 55 54 57
592 749 46 49 57
585 356 60 58 47
660 229 43 57 76
537 829 59 60 66
552 54 43 44 64
611 864 60 41 54
630 650 43 54 46
531 140 50 45 50
540 239 53 51 44
