647
186 105 119 142 10
1000
631 288 60 35 180
-9 487 34 50 129
-547 109 42 50 129
429 528 60 39 142
-750 253 56 57 128
608 379 46 44 105
-927 40 61 45 105
-250 44 59 37 165
-90 362 39 37 158
780 349 58 55 118
-261 290 48 36 136
-211 315 55 58 176
7 410 38 64 169
-130 130 52 65 133
37 10 58 66 191
296 503 39 43 153
-669 294 42 48 180
-314 317 60 51 200
643 524 46 55 127
778 107 63 59 143
332 514 57 62 189
-127 367 55 42 137
-538 400 58 64 110
617 71 55 52 181
166 478 66 46 133
-906 207 34 34 177
-199 33 64 62 169
-876 378 57 53 140
-926 25 64 63 147
-990 503 55 38 118
840 32 65 36 186
-674 454 52 45 194
-862 492 65 44 154
415 214 46 53 191
-326 390 52 63 178
-21 490 43 46 165
416 419 39 66 172
-206 310 40 37 198
209 347 34 48 141
319 145 61 35 195
-234 210 35 35 104
227 186 62 37 167
892 354 55 59 106
155 407 48 53 120
430 268 54 58 151
18 170 63 56 152
531 90 36 44 182
-781 1 48 62 105
-554 26 36 48 184
164 48 65 51 177
840 99 61 58 146
-332 194 63 49 123
-538 15 62 55 199
392 471 55 63 135
-507 150 60 46 184
-999 4 53 36 117
-750 18 41 56 144
924 347 53 61 189
-42 541 57 56 147
-402 321 59 48 162
-13 313 48 66 197
-866 371 61 41 183
476 187 43 66 118
-963 122 42 58 136
684 33 49 42 185
-933 299 51 51 191
806 521 52 57 199
518 383 34 65 159
559 20 37 44 149
548 14 54 50 130
-890 376 59 56 186
419 398 48 37 154
-15 280 57 58 184
814 447 46 52 156
566 535 53 60 113
707 291 55 51 200
97 328 59 66 195
384 288 34 64 151
516 485 38 66 124
-283 249 63 49 114
574 217 56 48 151
681 176 46 49 125
642 495 35 44 150
-727 57 54 34 104
-30 439 38 45 147
842 155 45 45 162
901 297 52 47 166
380 68 41 43 139
-346 167 47 52 107
-998 505 55 47 171
330 23 44 60 152
14 78 35 39 162
323 406 60 44 119
940 168 65 49 161
-827 128 55 41 107
490 295 59 62 197
225 435 41 47 106
921 386 46 46 117
869 370 55 41 164
-720 243 56 54 160
131 77 54 66 129
297 374 50 58 176
-328 521 62 65 178
206 245 63 47 116
47 164 64 57 143
855 48 60 43 131
-726 238 59 38 169
990 546 59 40 149
-456 403 46 37 120
232 372 47 47 146
385 244 59 38 158
995 327 43 38 108
232 320 43 41 186
890 468 49 58 190
990 47 60 46 196
-302 130 45 42 135
300 235 42 34 177
-131 22 60 46 153
866 177 39 50 172
67 211 49 53 114
-756 320 64 34 147
162 9 53 43 197
-759 546 66 51 155
564 89 35 54 105
508 224 35 44 143
619 196 56 46 165
271 290 38 55 130
432 472 38 56 177
280 439 44 59 139
-724 264 52 52 113
535 370 50 42 180
-529 65 36 34 133
-649 29 61 36 185
-112 492 44 48 133
-825 253 43 65 167
882 434 37 41 118
604 363 46 44 120
-832 336 59 38 174
36 129 64 44 141
-910 446 57 42 110
-691 405 60 39 133
203 454 62 42 176
12 191 48 50 170
-518 264 44 64 118
-91 381 34 34 176
276 521 56 44 131
127 28 36 36 119
34 479 59 40 107
915 111 38 42 137
570 527 41 56 193
-621 398 34 40 170
672 61 62 62 108
-980 401 53 52 170
-28 6 49 47 193
504 154 66 39 117
-174 422 46 65 166
147 70 50 53 150
837 241 41 48 103
-728 23 49 52 197
-219 77 63 52 132
3 44 36 57 162
346 389 62 53 160
-576 80 40 61 171
-651 47 64 52 185
-815 18 43 55 149
521 6 56 40 113
860 291 61 52 103
-278 47 61 43 196
47 191 59 40 183
787 203 39 59 116
-990 288 36 40 161
402 317 65 63 156
832 365 47 40 115
709 286 36 63 174
-973 26 47 42 173
985 547 51 40 170
123 406 57 60 189
322 167 59 38 152
-514 13 48 39 144
740 217 50 54 196
628 295 60 54 186
-421 188 44 48 113
217 199 40 49 188
-150 271 49 36 196
41 482 56 54 154
909 469 66 37 186
-792 164 36 49 133
901 484 58 59 193
180 525 64 50 180
-38 441 48 52 182
821 393 51 47 197
-742 419 39 39 118
63 190 65 66 186
-581 96 42 63 181
305 109 37 65 134
303 195 46 60 185
892 505 58 36 141
983 154 61 44 123
743 193 59 57 141
745 54 37 58 151
-108 298 61 39 101
-453 270 47 40 140
532 410 62 46 135
-211 172 39 49 150
858 476 38 50 158
869 72 53 56 176
965 489 57 57 111
-19 16 57 45 167
339 542 42 52 109
-25 5 54 64 154
925 122 58 34 142
55 16 59 54 175
74 386 45 45 189
17 384 36 61 167
565 425 48 37 163
520 332 42 44 105
-454 239 66 51 194
-873 213 42 36 128
763 495 60 54 148
15 333 42 43 107
-161 461 49 36 185
900 146 51 63 135
-984 25 49 60 182
802 509 47 37 182
601 321 38 60 152
932 466 66 37 168
580 460 34 47 169
-864 213 50 56 192
399 377 53 37 117
696 51 65 50 120
795 269 51 64 104
19 110 54 45 189
834 3 62 62 193
351 85 44 62 117
668 239 50 49 148
-958 366 57 44 125
-536 457 38 34 141
981 396 59 46 165
973 148 57 45 181
-884 36 42 47 200
788 409 36 55 136
-812 427 61 65 195
350 0 39 52 198
-320 484 48 56 143
-223 200 34 40 118
379 258 45 50 120
725 269 38 55 129
-96 424 42 34 165
-954 497 50 45 163
-936 487 43 49 139
-956 479 40 64 137
813 503 45 57 139
718 41 63 44 108
-382 39 45 59 142
813 36 49 38 113
411 335 41 57 194
-794 369 36 46 194
121 406 53 56 161
349 165 37 45 179
228 507 63 34 178
-535 151 52 60 120
-891 169 37 66 104
815 25 49 62 154
397 135 40 54 150
268 394 57 38 135
87 11 36 37 128
726 208 37 57 190
-252 341 41 57 155
260 317 36 50 109
-34 139 54 58 174
78 42 49 38 161
-375 161 63 63 107
939 420 45 35 139
-231 150 57 41 177
-173 230 43 61 179
285 53 43 34 165
687 483 65 46 145
605 48 43 65 115
456 293 46 46 123
-73 179 51 52 162
477 155 50 66 180
-466 82 51 47 179
-211 53 51 55 101
212 30 43 36 118
-823 202 50 35 179
-281 255 58 36 110
-545 164 46 63 104
578 185 38 64 132
406 282 60 40 142
150 385 41 61 128
-241 333 45 64 185
-979 543 51 54 148
360 335 40 55 175
-695 543 65 65 146
-679 479 64 39 182
-669 62 41 37 168
-378 3 35 40 167
870 140 37 35 126
-281 440 56 57 113
558 263 41 36 163
-694 404 41 42 171
-74 283 39 39 147
-771 349 44 40 128
-515 501 43 45 150
292 113 66 42 117
299 122 36 58 151
-827 476 56 58 126
719 46 63 34 168
427 481 48 50 189
772 345 43 52 198
-148 206 50 42 173
420 382 45 39 137
-121 393 53 59 101
-788 507 39 34 149
-443 344 39 65 164
837 428 52 40 159
-349 60 66 55 112
-400 116 58 62 144
94 290 54 46 181
-745 164 37 50 170
743 477 58 44 104
581 171 46 62 105
-416 276 44 59 126
-837 35 63 62 125
-253 1 53 34 130
625 283 43 34 151
267 232 36 41 152
-115 226 48 45 138
31 179 65 39 158
400 245 58 38 188
-759 67 36 59 156
-138 1 47 55 138
-228 42 66 50 153
329 165 63 41 127
-999 19 34 59 171
742 416 56 52 147
-165 490 62 58 115
359 122 59 56 129
248 315 37 62 187
609 252 56 65 120
-433 411 46 42 151
290 353 49 34 186
842 464 65 44 192
802 352 66 44 182
-625 115 59 60 162
727 25 58 65 195
812 73 43 61 109
-90 399 43 35 138
510 286 36 37 200
96 301 61 52 132
-546 150 41 45 186
608 279 53 60 150
465 56 52 40 150
-465 22 35 48 197
-448 272 61 61 103
72 285 65 46 166
773 520 55 50 164
-247 80 56 52 195
755 212 37 37 104
-59 531 63 38 183
690 448 34 57 147
-233 470 63 58 188
614 510 47 62 104
-461 159 65 53 167
869 322 61 64 139
-482 297 53 56 103
-927 70 57 57 176
-780 349 34 51 116
720 241 37 58 152
-940 431 53 45 183
526 11 58 64 173
437 99 34 54 102
492 148 59 41 107
834 248 46 58 138
559 231 42 40 166
123 166 46 40 149
902 485 43 53 196
344 121 66 38 123
795 303 64 37 200
-177 313 60 65 160
595 353 49 51 166
935 493 41 56 125
544 532 42 52 196
-558 174 56 63 113
598 101 42 49 110
-93 89 38 45 171
997 395 39 45 123
-716 13 55 61 198
-983 5 62 49 191
-306 422 59 49 161
143 143 46 45 181
837 206 51 51 157
-197 208 53 60 118
-333 390 57 41 136
-867 317 54 42 120
555 440 63 36 167
-146 257 38 52 163
538 184 44 53 170
57 476 37 56 101
79 187 44 35 130
463 432 53 38 200
-463 504 66 53 141
-862 523 41 55 104
779 542 50 39 105
523 413 38 41 177
-658 14 65 45 195
-646 423 43 49 200
698 134 58 50 142
427 479 37 46 198
-161 27 35 35 196
971 503 61 43 194
962 512 48 46 128
992 257 47 53 127
-987 86 46 34 128
-121 187 41 34 144
-150 514 41 45 123
-498 99 46 47 179
104 206 55 66 167
170 9 47 34 147
114 289 48 47 185
-690 447 59 34 193
976 189 49 58 198
152 133 65 54 109
-261 337 36 39 194
870 78 58 37 196
93 442 53 65 167
-763 354 52 34 109
-599 437 66 53 184
-131 238 49 46 115
275 144 60 45 157
-703 462 62 62 124
857 517 63 45 141
-935 354 47 57 115
-706 421 53 35 124
851 463 49 39 137
590 511 44 64 134
738 130 54 35 177
305 275 62 36 121
-7 504 63 55 103
-569 378 45 38 113
-709 110 54 57 164
-273 230 57 56 142
483 200 45 61 195
-921 104 62 60 163
-317 269 55 39 196
-514 431 59 61 176
-687 65 56 48 125
-695 138 63 53 148
148 166 58 37 141
644 229 45 51 105
520 453 53 59 158
-364 167 62 42 180
-687 219 52 57 191
103 333 57 64 117
570 541 50 60 175
338 186 35 34 172
222 298 35 64 164
-449 501 63 38 158
-335 119 43 37 150
407 59 36 52 181
835 210 44 55 120
910 30 37 37 172
145 204 44 50 159
-81 36 34 46 133
-689 532 55 51 137
-133 64 39 41 174
84 195 65 45 128
849 296 42 63 184
161 542 38 43 174
542 134 53 45 115
155 434 55 43 173
-381 329 42 34 178
19 212 42 42 146
238 298 59 44 114
-709 130 34 48 190
-182 463 52 50 140
778 238 61 58 195
-442 340 50 61 146
137 260 60 51 146
-346 198 66 65 168
-225 331 34 56 141
-711 447 50 64 161
307 475 59 53 161
881 532 43 47 130
180 437 48 58 105
-231 134 38 38 120
420 137 43 58 195
178 369 48 61 133
-317 456 51 52 102
-38 368 39 39 139
654 404 55 40 164
425 443 65 36 103
-475 337 48 58 126
15 186 49 41 155
-573 190 40 55 149
-926 190 41 38 138
-809 68 42 41 139
-121 443 40 53 181
-28 536 52 59 168
-939 14 34 44 116
330 318 60 50 181
-477 301 44 55 102
807 360 61 53 192
451 468 45 54 101
-752 299 43 65 101
-138 324 47 46 182
-909 370 51 55 188
12 483 36 62 163
845 428 65 45 116
-688 289 63 59 122
245 418 64 39 145
-900 262 64 66 155
-627 40 36 61 122
227 348 60 35 131
752 224 39 53 135
466 32 54 52 124
-695 196 43 64 130
115 80 63 51 108
-616 408 52 62 169
-370 40 65 35 146
42 125 36 48 178
-26 298 62 59 179
454 232 34 47 155
955 188 45 55 193
930 82 37 42 168
-352 141 48 52 105
-738 420 50 55 197
245 414 49 44 151
525 424 57 45 180
520 518 44 50 200
-985 346 39 58 118
208 133 55 49 164
534 46 37 66 114
-52 188 46 59 146
-134 136 43 45 194
985 273 64 36 193
264 322 50 61 180
-120 296 52 47 152
379 235 63 46 180
132 429 51 36 189
40 346 61 39 105
130 198 61 66 172
-655 505 38 40 188
868 527 46 57 140
-18 335 50 51 144
933 447 38 49 172
-723 111 58 47 177
-684 139 43 66 117
-479 261 40 48 123
403 423 35 46 196
-197 113 38 46 105
842 353 65 64 187
-148 331 63 47 125
629 32 62 50 131
-107 207 58 44 174
-466 209 48 60 152
-115 110 44 34 140
-140 517 44 53 115
-683 362 60 42 161
-587 368 59 65 166
-963 58 41 41 117
213 314 35 47 155
-779 4 50 64 113
-118 168 50 61 195
-768 442 63 59 125
71 157 49 62 110
184 276 38 61 117
700 106 56 43 180
-942 329 64 58 147
238 453 50 50 154
-724 150 65 51 102
-718 69 40 44 137
793 141 52 45 164
824 91 45 65 163
-547 346 38 39 153
857 192 35 44 165
175 178 66 52 112
-724 453 35 59 118
-38 188 66 53 199
-944 472 62 66 174
-328 332 59 61 101
394 7 51 58 170
43 17 46 61 107
545 27 43 53 108
-272 136 65 63 118
-535 145 64 35 182
-201 402 51 37 109
773 93 43 65 179
-438 337 39 57 128
-596 24 61 44 176
-827 100 44 50 163
193 85 35 60 121
638 76 59 45 176
146 546 58 35 150
-825 542 60 56 154
-986 13 47 55 122
-738 101 59 34 145
759 197 39 66 140
151 245 50 62 119
-124 227 66 43 184
474 8 60 56 147
-609 0 49 35 154
290 93 54 49 140
672 447 41 58 108
-508 36 41 55 194
684 239 38 64 192
329 146 41 40 183
428 77 61 45 116
107 251 56 42 125
-565 385 62 55 143
-23 440 52 56 104
-291 508 58 48 189
990 160 59 38 193
835 240 62 48 167
658 413 36 35 171
178 55 59 37 177
857 103 40 43 121
-623 358 64 62 180
479 240 41 37 173
454 97 58 37 150
675 495 51 49 125
-6 252 43 52 141
22 149 59 59 169
-656 388 57 47 134
473 293 54 48 127
977 519 49 46 110
-954 321 57 48 184
-589 442 49 55 159
-354 339 56 64 180
-402 504 39 42 197
-945 136 42 40 170
541 198 45 41 170
967 216 43 61 155
-937 36 64 39 199
386 411 44 66 151
997 478 49 61 121
-698 212 59 65 159
237 457 56 51 122
-480 503 52 65 137
-717 479 40 46 163
985 337 39 60 103
942 515 38 58 138
126 543 35 49 132
839 507 43 66 137
195 426 54 39 158
290 434 36 43 123
142 415 64 34 193
979 144 39 52 162
545 312 50 40 115
-726 99 42 55 153
-168 250 63 46 129
152 297 44 56 162
-263 495 41 36 195
867 39 50 64 166
-409 343 55 54 182
-557 97 50 55 191
-260 481 43 40 117
848 256 44 61 125
-386 340 40 58 152
19 124 56 61 110
533 278 34 36 188
650 134 34 43 192
-684 167 45 35 169
-325 141 65 58 167
-543 231 40 35 155
-139 85 62 50 129
774 330 46 53 110
-631 503 65 65 193
-256 9 43 54 130
43 170 45 63 138
-872 546 58 52 153
583 97 42 61 136
442 489 39 46 162
970 120 44 60 175
689 487 63 36 176
670 349 41 55 195
-961 390 62 39 102
-458 225 34 60 197
600 240 48 56 186
-500 542 44 40 162
896 387 56 59 127
147 423 49 46 161
205 503 48 59 183
-633 452 37 55 134
-362 461 34 54 109
-223 67 59 63 151
-54 256 46 49 158
-27 441 66 65 146
628 189 46 44 107
-735 114 53 53 177
143 195 58 65 141
449 454 43 36 190
74 348 65 52 157
574 375 35 51 163
-331 467 53 51 187
571 39 48 35 149
-314 543 51 50 180
696 437 40 39 161
235 434 37 52 155
-478 98 47 47 195
754 487 49 66 165
-808 491 40 56 116
-591 315 60 62 150
841 67 46 44 164
200 513 53 40 135
649 120 50 41 158
-621 539 35 40 164
885 466 54 66 146
-527 355 48 36 123
327 210 59 48 198
544 304 50 58 164
323 261 46 37 167
272 536 42 38 173
-388 22 34 65 137
957 443 37 51 124
625 436 50 35 115
345 187 36 42 108
978 426 38 52 199
529 506 41 40 133
443 446 41 65 117
994 379 39 54 164
-177 73 37 43 121
-393 495 59 34 160
545 62 50 54 151
214 121 37 38 105
623 91 46 36 190
-781 8 56 55 126
644 469 41 36 181
-6 211 52 54 152
-958 149 50 52 101
-76 483 34 66 110
-670 515 56 60 127
825 41 38 46 146
56 200 48 38 124
-903 473 55 50 104
929 485 36 59 151
105 499 44 43 133
186 78 45 47 136
-62 48 63 34 171
-400 253 59 52 151
-732 482 50 47 195
753 19 42 56 121
-823 15 56 53 128
-153 338 48 61 143
348 88 37 52 193
-804 89 48 36 111
228 387 51 41 106
303 155 65 66 192
-511 71 56 64 156
-390 99 64 37 107
283 431 48 46 126
-88 414 43 51 125
953 309 37 48 168
-988 396 43 57 101
963 355 46 65 180
102 426 42 58 126
-696 58 47 36 130
-550 359 60 65 134
26 462 39 47 161
734 46 49 56 139
-57 463 48 55 117
-970 124 39 43 143
-494 314 49 63 168
-638 250 38 58 177
743 140 49 38 122
89 109 59 48 137
773 230 52 40 115
-350 324 45 43 105
-670 293 53 59 112
-449 307 66 54 127
837 484 54 42 190
-639 395 58 56 200
353 455 51 41 126
-498 385 66 47 195
-646 153 65 42 122
-938 203 42 60 140
-269 153 43 40 124
-802 272 52 47 189
-227 94 41 52 101
-903 402 46 65 125
645 473 39 56 189
-681 457 63 37 194
585 56 60 61 199
-978 445 64 43 102
998 109 60 57 163
-114 139 42 60 161
-974 140 38 60 150
-690 395 52 42 182
-158 367 63 58 154
-207 525 37 54 179
-349 376 66 44 195
-5 390 59 59 190
577 95 60 59 191
-974 103 47 50 162
314 179 43 59 180
123 342 65 66 115
-136 519 58 35 161
997 126 62 47 107
77 393 49 45 187
-705 267 55 61 150
615 417 42 40 108
427 95 51 60 137
847 7 55 49 132
-447 236 46 46 144
-168 69 64 35 166
709 432 35 34 144
24 129 58 63 147
973 347 35 58 144
-393 313 61 36 153
-815 10 40 54 134
-376 57 39 56 136
230 284 63 47 111
-84 223 66 47 155
-390 414 59 66 121
-294 133 38 61 195
187 41 55 48 148
226 389 37 48 126
687 383 44 54 105
-396 445 42 65 190
672 449 66 58 196
376 340 57 36 126
191 18 56 66 169
-650 368 46 53 150
695 69 59 47 192
-913 135 48 45 124
-64 229 59 66 162
518 209 42 43 179
737 304 35 60 150
405 168 36 62 138
-628 435 50 57 132
-473 301 35 63 159
450 326 40 52 126
-332 182 65 58 198
-505 488 62 52 189
707 99 40 50 150
915 296 37 52 148
631 61 54 39 189
744 381 41 56 135
-633 361 53 40 133
84 375 37 57 196
-52 95 56 35 132
-817 363 52 51 122
-818 443 53 55 144
-740 139 39 65 181
20 351 43 58 133
-16 265 46 54 108
-155 194 36 44 130
-157 136 58 66 166
-780 40 38 51 136
-991 500 55 60 194
-448 110 60 62 126
-587 447 54 34 122
-575 436 49 39 109
-765 242 61 64 191
680 501 47 64 125
599 255 34 65 156
666 500 44 46 186
332 480 66 43 135
193 40 43 37 133
114 252 57 42 168
512 28 35 35 146
-386 240 35 64 170
-57 152 54 54 193
-107 34 60 59 125
959 464 39 60 181
-343 53 61 61 119
553 119 40 60 159
-624 178 50 64 167
-994 87 37 64 160
555 94 51 34 117
-378 495 36 59 173
100 117 56 56 196
-14 143 46 57 133
944 364 62 59 153
799 152 45 61 148
338 545 55 53 184
-17 357 47 55 168
473 361 53 41 118
593 115 60 62 120
-673 349 38 50 138
-951 311 40 34 101
923 429 53 35 178
774 272 43 45 161
-162 243 50 59 107
-435 152 52 66 178
-905 98 62 63 106
-261 306 55 56 120
-935 45 38 46 137
762 5 66 61 184
527 368 51 57 137
-931 248 49 42 109
-660 429 63 56 124
459 450 47 36 146
-578 402 37 45 118
495 108 40 40 116
-48 349 65 65 195
657 156 38 56 109
-746 96 47 56 199
-110 404 49 37 172
444 115 45 51 106
382 334 38 66 191
-320 316 52 35 142
159 185 38 39 176
603 200 57 35 128
348 13 46 46 121
-987 77 62 60 128
-678 241 48 34 133
-842 487 39 51 147
-312 490 60 44 112
-594 120 57 40 124
68 288 51 43 157
903 5 39 65 123
241 284 54 39 141
948 547 65 55 103
-192 79 52 54 105
818 523 66 43 185
-31 72 56 49 140
-668 356 66 38 178
-615 104 50 37 199
270 66 35 34 173
982 117 54 35 195
-969 462 66 37 161
407 230 59 35 103
-357 345 64 64 167
-828 180 43 45 123
216 331 52 60 139
-996 354 60 44 160
86 285 60 47 123
842 504 39 62 175
114 9 52 54 158
444 260 40 48 152
-878 27 49 59 152
703 11 38 46 182
288 284 41 36 162
695 45 39 61 120
135 512 62 42 184
-104 178 49 42 143
-788 185 62 48 185
613 181 35 44 174
799 317 58 44 178
916 30 40 45 149
-635 265 56 64 110
-835 544 53 56 169
186 410 49 61 116
313 133 52 41 125
-992 245 56 43 160
683 533 58 62 123
789 508 57 39 104
226 31 54 46 140
226 190 55 39 190
-26 528 63 40 118
-767 511 55 65 106
-614 78 60 35 193
-281 133 54 60 157
883 86 65 62 132
267 126 62 60 176
767 39 59 63 108
-51 304 55 36 186
-896 330 41 34 121
131 6 34 39 127
-892 190 43 42 126
-402 437 42 60 106
-240 423 64 53 136
162 402 39 45 173
111 117 54 64 133
650 472 35 34 168
-351 416 65 35 170
-402 78 41 66 184
21 520 41 43 115
-638 17 35 62 142
660 405 42 50 104
-172 231 63 49 130
784 117 66 44 155
-762 492 45 49 163
799 461 60 40 180
-468 122 64 43 111
-932 160 40 41 176
-211 184 40 43 133
910 348 64 52 138
117 245 39 48 120
-492 78 37 58 170
-944 18 58 37 119
-145 432 43 55 177
796 23 48 35 161
649 195 56 65 164
279 202 48 50 195
599 163 56 63 140
139 205 43 61 176
314 210 43 38 187
-967 414 50 41 195
102 536 44 35 168
438 30 63 53 193
-802 429 40 34 122
-531 528 57 47 125
138 327 36 46 183
746 436 49 53 118
374 406 44 45 167
-473 182 58 38 108
-257 175 57 45 167
966 292 56 35 164
