627
203 83 80 54 3
1000
-700 253 46 58 76
-859 399 58 54 51
-779 7 36 40 76
-900 358 36 52 77
-754 487 40 44 51
-715 405 47 41 67
-865 213 59 55 86
-788 237 53 59 86
-736 227 38 53 66
-857 349 52 39 81
-826 108 58 42 62
-713 406 48 53 58
-725 217 54 54 62
-821 72 41 41 51
-873 34 37 51 57
-762 310 43 49 88
-771 2 47 60 75
-739 207 46 51 74
-791 160 51 40 70
-857 487 55 41 71
-740 176 37 42 89
-796 502 46 37 85
-781 303 54 47 87
-763 82 49 41 60
-701 234 59 41 68
-742 81 38 56 90
-710 350 37 53 84
-767 29 54 49 82
-736 116 38 37 60
-728 303 40 39 57
-763 35 55 46 83
-836 511 42 54 83
-788 409 52 48 68
-880 51 54 41 86
-878 139 36 54 58
-770 15 43 47 81
-800 357 55 41 87
-805 498 56 52 51
-767 287 38 55 78
-772 315 50 44 81
-746 163 50 60 77
-729 216 41 47 88
-846 21 53 43 85
-743 261 52 51 52
-741 224 43 51 60
-780 420 58 50 88
-730 384 55 44 62
-829 313 43 58 75
-731 138 60 58 66
-830 115 56 47 64
-846 101 41 54 81
-782 89 53 43 55
-785 312 44 45 87
-827 57 52 46 78
-715 474 60 57 81
-779 186 37 50 74
-743 55 40 57 88
-746 362 49 54 60
-754 189 47 41 70
-784 136 53 43 77
-723 174 47 57 55
-701 327 43 36 87
-865 414 42 39 56
-785 277 57 39 78
-823 222 52 60 71
-845 421 54 36 88
-718 42 41 48 79
-834 129 52 59 77
-816 41 39 37 52
-759 168 38 48 54
-776 293 40 39 78
-814 450 44 59 75
-823 126 49 49 80
-874 381 52 49 54
-734 146 36 54 55
-789 258 60 54 80
-779 174 48 45 65
-794 117 54 53 56
-704 34 36 51 56
-890 8 55 53 55
-743 430 46 51 54
-738 255 53 52 63
-826 22 36 57 51
-782 479 49 51 80
-790 521 41 57 57
-876 93 37 43 53
-817 291 47 42 77
-795 212 44 56 66
-862 433 43 39 71
-866 119 59 48 71
-764 513 38 37 77
-789 108 48 47 67
-742 433 60 47 67
-760 510 42 57 60
-815 160 49 46 69
-892 3 41 52 68
-703 34 40 44 66
-710 503 36 57 53
-884 215 40 40 77
-811 192 47 48 77
-871 263 45 47 64
-808 424 43 58 81
-778 58 38 45 67
-754 436 59 53 66
-802 375 48 43 72
-819 288 37 50 80
-750 39 53 48 80
-780 2 53 53 81
-890 183 52 55 73
-879 447 46 58 89
-705 300 54 42 52
-734 344 55 40 81
-830 18 41 46 76
-856 229 41 37 75
-796 217 56 45 66
-753 284 47 58 88
-896 326 59 39 67
-852 519 40 57 84
-771 109 43 48 87
-792 291 49 55 89
-741 139 42 53 61
-789 301 52 51 57
-877 431 46 52 53
-847 236 50 52 87
-883 449 42 44 53
-787 167 47 37 90
-755 188 55 40 85
-729 491 37 48 58
-858 359 47 37 64
-897 206 46 54 56
-854 407 49 54 74
-701 64 48 45 61
-836 308 41 59 62
-850 8 50 37 70
-888 434 48 40 72
-801 117 39 58 58
-729 243 40 44 57
-820 516 54 51 90
-747 407 44 37 60
-866 167 53 42 90
-871 400 46 58 81
-895 133 56 48 62
-871 51 40 44 62
-792 253 54 55 76
-701 233 40 60 64
-761 170 50 53 63
-893 304 55 50 81
-798 357 47 47 57
-813 339 49 53 66
-839 475 37 60 73
-865 172 39 47 68
-752 317 56 57 82
-708 201 44 48 53
-792 174 42 43 76
-798 11 38 41 90
-860 125 52 56 87
-780 99 39 57 80
-708 423 49 57 79
-764 278 52 58 69
-799 466 54 52 52
-851 129 48 55 79
-899 111 56 54 86
-870 95 57 49 56
-803 101 37 56 57
-759 178 42 59 66
-736 252 43 43 51
-777 513 57 39 58
-769 155 56 57 69
-744 518 47 56 78
-851 223 53 53 71
-708 200 60 44 63
-809 103 52 53 57
-854 364 58 47 84
-863 412 48 57 51
-710 298 48 42 65
-897 491 41 39 85
-860 424 48 57 70
-784 371 50 53 88
-768 432 58 55 68
-817 252 51 52 80
-842 260 57 56 81
-796 268 51 50 86
-763 181 37 38 72
-794 468 55 40 73
-715 369 55 59 53
-841 63 55 43 60
-798 265 52 46 80
-877 417 56 43 85
-738 426 54 48 72
-808 306 43 52 61
-889 179 43 46 88
-723 75 40 51 60
-863 149 41 57 81
-889 380 56 56 59
-834 81 60 49 52
-768 468 49 56 77
-793 135 55 47 73
-839 167 59 39 67
-879 476 55 39 60
-853 89 55 51 90
-740 227 45 49 84
-724 484 60 38 84
-721 76 40 53 85
-764 6 43 60 64
-894 366 45 53 54
-852 471 43 49 61
-897 373 56 39 81
-863 165 39 41 79
-814 226 39 54 58
-734 482 59 46 57
-788 109 43 57 87
-778 151 45 46 58
-865 141 54 48 60
-885 318 39 53 65
-711 363 56 51 78
-861 332 56 54 83
-857 389 48 39 71
-735 37 60 48 63
-827 397 37 53 51
-787 238 38 37 62
-766 394 44 60 73
-793 395 46 59 58
-812 102 36 43 59
-900 187 60 45 80
-752 391 38 54 83
-782 27 51 41 51
-722 514 49 49 51
-885 480 52 38 68
-785 406 48 37 54
-881 46 53 39 74
-835 71 40 49 75
-876 66 60 59 66
-795 47 37 53 87
-735 167 53 56 61
-704 153 60 58 82
-871 54 52 54 84
-713 445 56 42 60
-735 43 37 52 70
-771 409 42 60 84
-851 416 51 44 54
-715 76 55 49 71
-750 189 48 46 72
-807 379 37 47 62
-854 426 52 55 73
-862 498 54 49 64
-753 6 60 52 85
-701 179 55 40 75
-838 443 51 39 83
-819 298 41 56 56
-735 114 37 41 55
-776 203 38 39 79
-710 215 45 58 54
-745 503 59 48 88
-865 166 60 55 89
-865 212 41 43 57
-720 87 43 50 84
-736 379 57 49 81
-796 190 45 41 89
-738 134 57 40 55
-704 526 36 57 76
-830 227 60 46 77
-754 149 57 55 76
-872 245 47 60 83
-766 283 39 51 51
-829 30 38 55 67
-727 204 46 39 77
-821 257 55 43 74
-791 349 36 57 81
-759 490 55 59 81
-767 491 48 49 68
-888 90 43 58 51
-838 176 47 57 71
-704 474 45 52 75
-815 182 44 48 70
-744 94 60 40 61
-832 183 42 44 74
-765 24 50 59 88
-886 456 52 56 63
-870 160 37 38 66
-778 355 45 40 70
-717 35 51 59 52
-767 123 55 39 64
-711 7 40 48 89
-870 17 52 53 89
-745 181 55 39 88
-712 328 41 49 86
-874 496 41 37 71
-841 64 47 43 83
-765 52 54 37 71
-877 203 45 44 73
-732 241 38 39 54
-839 368 60 42 71
-891 226 49 59 59
-859 334 52 50 85
-874 506 40 58 79
-828 183 53 36 73
-768 19 41 36 76
-774 135 54 37 81
-845 457 43 59 57
-704 238 57 45 83
-760 330 36 56 65
-769 428 39 49 65
-780 346 43 58 84
-886 265 51 48 77
-822 256 44 47 80
-778 115 50 47 58
-782 42 46 49 64
-739 244 57 45 81
-717 514 57 58 56
-757 103 41 56 65
-766 7 56 55 80
-705 185 54 58 55
-717 69 41 57 62
-873 5 43 47 80
-745 197 43 46 51
-856 95 58 45 83
-735 345 47 42 62
-835 149 42 37 53
-867 430 42 46 89
-731 173 50 42 65
-806 55 50 49 56
-759 101 36 44 57
-797 86 50 45 51
-854 220 44 36 58
-871 120 56 55 90
-765 192 52 50 82
-774 507 36 55 83
-770 108 38 47 55
-854 35 58 43 77
-799 76 41 37 69
-767 325 57 57 75
-700 237 57 55 54
-892 130 58 43 64
-709 210 54 40 67
-871 256 41 49 59
-856 255 56 49 77
-890 241 42 42 66
-764 167 52 55 62
-773 83 47 47 51
-853 36 52 43 65
-773 372 39 54 76
-767 200 40 50 89
-892 219 55 43 56
-773 225 37 41 59
-786 228 43 37 68
-839 306 44 40 73
-837 152 56 49 74
-787 245 56 60 72
-734 437 38 39 60
-703 464 54 58 51
-746 387 44 43 58
-814 161 46 52 59
-720 71 51 49 81
-706 271 38 44 67
-701 283 45 59 65
-833 406 59 42 74
-708 343 48 50 72
-754 221 52 48 85
-702 331 39 47 76
-738 220 50 41 81
-848 209 41 40 60
-895 239 46 53 68
-751 345 53 59 85
-829 383 38 39 62
-895 420 54 40 67
-818 160 51 58 77
-838 253 53 38 84
-827 469 53 40 58
-809 514 41 50 55
-720 309 57 47 71
-815 364 58 36 90
-759 155 36 52 88
-862 194 52 45 89
-818 206 37 53 89
-815 304 51 37 87
-756 511 39 56 77
-880 35 42 50 80
-862 24 39 55 55
-830 262 53 57 82
-849 263 42 39 68
-706 127 53 57 88
-750 414 47 58 51
-782 482 58 38 54
-738 271 39 37 60
-757 153 37 57 78
-778 95 56 54 51
-784 179 60 46 70
-837 256 60 37 89
-780 325 40 39 73
-888 41 45 40 84
-848 318 45 47 78
-708 348 47 44 84
-882 194 39 54 75
-790 68 50 53 67
-827 457 44 39 89
-892 103 38 45 71
-759 278 56 53 85
-755 74 60 44 51
-889 231 42 42 89
-859 320 55 59 56
-709 454 45 57 65
-755 211 50 46 56
-886 27 56 58 90
-759 430 59 59 57
-788 240 49 52 90
-774 397 57 38 87
-860 394 49 37 72
-791 519 42 37 57
-765 519 60 57 71
-797 42 54 56 88
-818 161 57 40 64
-783 202 37 50 51
-701 106 43 44 69
-837 434 57 47 56
-869 176 41 38 59
-893 124 47 38 65
-838 417 36 47 59
-871 392 46 46 55
-788 385 58 44 84
-888 112 60 46 52
-764 468 48 36 71
-793 89 52 52 82
-830 41 36 41 68
-876 80 50 59 67
-861 122 46 46 54
-869 479 40 59 70
-741 153 59 55 84
-854 393 51 60 61
-747 219 37 49 82
-873 261 39 42 58
-884 433 49 56 81
-704 484 46 45 60
-787 339 55 51 77
-728 404 36 54 71
-796 338 54 55 69
-821 368 51 56 63
-841 482 60 55 83
-766 379 44 49 54
-818 303 55 51 56
-808 524 42 43 84
-784 4 50 51 68
-899 411 58 43 78
-747 78 43 37 54
-758 129 54 37 80
-839 58 49 51 64
-865 193 45 38 88
-701 448 53 54 58
-898 28 55 45 61
-851 51 37 36 59
-751 509 53 59 65
-812 378 52 37 89
-741 441 55 41 55
-865 138 38 39 64
-837 129 58 54 83
-728 127 40 54 58
-860 300 36 50 58
-703 253 36 57 75
-774 292 46 36 88
-788 397 52 37 51
-787 74 37 58 59
-745 7 56 45 55
-861 405 52 59 52
-870 352 36 44 86
-877 341 45 49 81
-883 186 59 59 55
-765 203 59 49 69
-803 86 48 49 72
-771 373 58 36 80
-896 61 56 58 65
-826 121 52 54 58
-829 64 45 55 58
-704 515 46 59 73
-729 253 51 40 53
-833 273 49 39 61
-898 98 37 53 81
-835 224 45 54 81
-783 259 47 51 83
-801 526 41 46 70
-818 70 44 46 81
-798 194 55 38 52
-843 226 45 43 75
-849 516 47 43 61
-842 115 55 56 64
-891 351 38 60 86
-761 155 46 52 63
-707 148 58 48 84
-879 405 49 53 62
-855 355 36 37 70
-888 366 49 43 68
-877 263 45 36 54
-851 105 51 50 72
-785 13 53 57 79
-745 238 37 53 63
-857 445 37 38 63
-763 151 51 40 52
-755 295 44 36 84
-750 50 59 58 51
-827 126 42 54 73
-790 492 54 39 71
-846 258 47 48 70
-724 52 58 44 86
-770 414 42 54 88
-793 99 46 41 59
-712 512 44 41 61
-784 23 49 56 60
-790 526 59 44 74
-749 495 36 42 62
-769 123 57 41 72
-863 457 59 41 76
-756 446 47 50 87
-809 119 42 56 52
-876 260 50 53 83
-825 371 49 45 56
-849 368 55 47 65
-859 446 38 49 69
-704 439 52 41 69
-800 345 60 57 89
-848 166 41 41 79
-774 350 60 38 73
-895 234 59 56 82
-787 370 38 44 54
-824 316 52 39 51
-823 512 55 52 64
-711 374 45 57 75
-859 181 50 43 62
-775 337 52 43 70
-842 27 54 39 64
-702 381 41 48 64
-865 269 58 60 68
-861 320 45 52 85
-757 54 56 58 71
-770 58 50 50 54
-747 139 50 54 80
-807 12 43 40 82
-746 491 43 54 55
-809 150 46 36 59
-718 150 42 54 86
-717 488 50 49 73
-881 250 60 45 71
-755 487 48 41 75
-888 193 46 56 79
-772 324 36 48 61
-793 295 59 41 78
-864 212 52 44 61
-711 473 54 39 75
-791 149 39 37 63
-723 0 54 60 83
-794 52 55 44 71
-716 169 49 48 80
-834 396 60 53 89
-726 351 56 41 65
-763 421 38 39 59
-857 252 53 41 69
-800 216 59 49 61
-888 408 56 53 72
-766 25 55 44 84
-812 238 36 46 80
-857 502 59 39 85
-786 47 58 36 77
-769 364 37 44 57
-822 256 40 43 79
-756 69 36 58 54
-729 201 57 38 58
-702 49 50 45 60
-838 342 36 46 59
-799 71 42 47 78
-719 333 42 36 65
-765 331 60 52 87
-895 525 48 53 63
-704 274 39 42 54
-800 199 36 56 57
-709 343 37 38 60
-853 62 45 38 62
-713 229 50 41 78
-811 488 57 49 52
-881 39 46 51 87
-786 313 54 52 83
-821 439 60 54 67
-881 109 51 47 56
-875 170 58 57 90
-756 64 36 46 74
-756 170 59 41 63
-801 267 55 60 90
-819 216 55 43 68
-814 257 55 45 61
-725 109 49 42 62
-783 515 43 59 82
-794 123 40 36 70
-722 335 40 42 90
-838 480 45 52 64
-830 103 52 37 80
-754 88 37 58 52
-729 78 43 41 56
-769 113 50 40 79
-824 185 55 42 77
-704 491 55 41 76
-729 409 59 39 57
-894 324 51 57 70
-861 364 42 43 53
-747 49 57 39 86
-730 305 41 42 58
-780 0 47 48 60
-756 201 45 42 73
-840 415 54 56 72
-841 227 53 48 79
-771 469 55 44 52
-836 240 54 48 65
-824 257 36 37 68
-752 279 38 36 82
-797 345 59 40 82
-708 73 45 37 87
-798 286 40 54 72
-871 465 53 46 75
-704 259 60 55 68
-788 374 49 37 88
-820 215 46 36 66
-774 469 51 55 90
-758 16 47 38 74
-722 454 48 52 68
-751 303 55 57 78
-756 235 58 43 55
-887 290 57 60 67
-716 488 46 41 77
-865 132 44 55 52
-835 60 40 52 51
-766 232 37 47 77
-841 346 48 60 85
-879 317 42 54 82
-719 152 57 55 88
-767 86 40 58 80
-741 61 36 42 64
-799 493 41 47 59
-774 422 51 52 77
-770 101 59 42 80
-741 486 47 59 89
-762 356 47 49 75
-764 102 47 42 69
-816 247 58 48 85
-799 19 43 60 90
-722 229 58 44 65
-742 134 46 54 78
-899 401 53 52 72
-864 136 47 58 76
-774 386 53 52 63
-708 415 50 50 53
-847 76 43 51 76
-864 341 41 36 85
-755 213 50 59 88
-712 492 41 52 63
-787 117 57 58 70
-744 357 51 41 72
-819 9 44 51 54
-712 438 45 49 75
-764 497 47 39 59
-797 197 44 44 87
-770 406 45 43 78
-900 190 38 42 68
-884 429 43 58 76
-701 448 49 55 84
-726 154 54 53 90
-772 423 59 47 68
-774 210 39 47 80
-823 243 54 44 62
-829 98 38 37 59
-889 31 46 59 58
-717 247 56 38 62
-760 257 51 46 55
-796 9 38 59 65
-708 475 49 36 68
-815 63 60 54 68
-839 308 46 47 74
-803 280 55 58 56
-732 395 53 56 89
-738 482 49 41 65
-840 62 46 56 75
-725 492 49 49 57
-792 321 37 45 62
-820 168 49 49 67
-736 59 57 60 88
-829 407 42 43 74
-700 249 42 44 81
-831 49 39 49 78
-777 277 51 53 68
-774 173 50 48 90
-899 164 51 40 83
-847 496 52 41 74
-855 403 55 58 83
-710 112 40 45 53
-805 135 39 37 70
-843 358 47 41 79
-718 78 41 47 71
-884 278 51 44 80
-773 43 49 55 63
-772 524 50 42 88
-861 98 42 57 58
-874 54 41 52 73
-892 465 44 41 86
-703 409 38 38 57
-749 317 57 48 62
-763 306 46 47 86
-807 132 51 59 57
-850 498 37 51 69
-756 343 54 51 78
-869 143 43 55 80
-711 362 52 39 79
-730 224 37 59 80
-713 238 51 44 72
-729 144 52 55 51
-831 72 58 57 57
-854 332 52 37 62
-769 220 58 38 67
-860 273 40 58 69
-713 33 59 54 76
-875 390 51 39 62
-778 504 36 48 90
-759 128 40 60 88
-724 378 54 58 74
-825 4 53 50 86
-812 517 59 41 68
-800 327 54 37 61
-808 252 41 56 70
-706 166 60 53 75
-815 90 47 47 67
-716 69 50 37 88
-836 71 51 37 55
-849 423 50 55 77
-768 367 39 37 72
-778 91 57 48 65
-810 368 52 38 61
-745 31 51 49 70
-765 416 48 43 81
-760 83 52 49 86
-720 438 41 40 87
-796 324 50 54 53
-796 417 37 47 58
-883 59 57 50 66
-890 470 45 40 54
-708 271 45 43 66
-705 206 46 40 63
-783 352 43 36 57
-770 249 58 49 83
-815 171 47 58 63
-707 333 39 59 90
-868 263 58 55 60
-806 71 49 47 67
-764 250 51 54 89
-888 50 50 60 88
-701 405 58 48 51
-737 266 54 51 52
-867 80 46 50 90
-708 351 57 56 54
-880 31 53 42 83
-781 225 50 44 80
-769 305 42 38 68
-721 22 49 59 90
-748 492 37 42 61
-703 271 48 53 71
-717 423 59 57 76
-815 77 59 51 62
-894 502 46 51 56
-886 239 59 47 82
-730 525 58 41 88
-718 124 49 53 70
-789 241 47 42 52
-754 86 49 39 74
-755 104 59 51 62
-741 309 42 36 80
-829 243 40 41 76
-782 85 45 50 64
-852 467 45 52 67
-781 512 41 45 68
-812 514 47 50 71
-731 25 45 48 86
-737 298 50 58 84
-772 498 53 48 82
-785 12 44 48 59
-762 144 43 58 76
-790 415 37 50 52
-864 217 52 37 57
-795 321 43 50 71
-882 170 39 56 53
-753 361 43 57 82
-768 470 58 54 78
-774 299 41 41 58
-797 89 47 48 64
-790 396 41 59 70
-721 136 40 48 58
-750 110 40 58 69
-750 103 52 54 83
-774 385 53 48 80
-841 448 46 52 53
-834 251 39 40 65
-850 131 56 53 58
-737 439 45 53 60
-722 246 59 41 63
-807 527 45 40 54
-722 327 38 45 63
-752 370 37 54 86
-829 168 57 38 87
-812 505 48 40 82
-773 120 58 45 66
-764 400 40 49 54
-861 90 38 56 83
-857 393 45 43 81
-787 186 51 49 64
-809 300 40 44 64
-750 429 59 55 86
-860 277 44 59 71
-866 448 54 51 73
-872 346 38 43 58
-866 448 54 45 64
-769 102 54 50 71
-745 317 52 46 82
-782 242 52 54 74
-791 125 41 55 64
-789 496 46 38 71
-797 73 41 49 89
-878 73 42 40 52
-873 402 39 60 70
-705 127 41 48 90
-842 403 40 50 88
-820 489 45 58 84
-797 93 43 38 59
-871 190 39 39 89
-749 175 54 54 81
-840 449 48 42 70
-847 259 39 42 66
-834 513 50 54 87
-896 173 50 49 73
-872 407 53 40 64
-772 316 51 42 81
-739 499 44 48 71
-851 150 60 51 80
-800 395 44 47 56
-829 494 42 41 88
-747 362 42 42 75
-824 418 60 49 84
-708 54 36 55 63
-717 405 40 60 75
-869 199 56 57 84
-849 106 42 37 87
-789 208 36 40 88
-889 315 58 52 83
-826 346 45 41 73
-781 343 41 41 78
-844 112 36 40 63
-777 185 38 52 71
-717 451 37 46 77
-758 53 39 44 65
-899 29 49 56 82
-840 89 57 39 65
-897 132 56 36 65
-878 344 55 47 73
-791 66 46 59 70
-755 296 37 52 68
-820 66 38 50 67
-889 249 38 56 83
-897 159 56 56 66
-831 405 55 55 74
-838 172 39 55 58
-814 492 53 44 60
-829 315 60 55 80
-865 232 44 45 74
-751 83 36 37 55
-782 465 46 37 78
-859 230 58 43 60
-788 353 38 41 55
-851 280 50 48 73
-841 180 44 37 55
-842 60 50 37 61
-700 299 40 42 61
-737 403 45 54 84
-746 115 59 60 81
-714 259 55 45 74
-837 269 51 58 77
-764 176 48 56 71
-763 364 43 50 69
-707 119 53 36 75
-823 477 40 60 88
-733 37 43 43 57
-896 0 39 49 90
-743 76 53 39 86
-886 449 49 57 57
-758 352 57 53 71
-757 120 48 56 90
-759 321 44 37 90
-753 51 47 52 68
-771 428 43 39 68
-770 434 46 60 84
-877 277 43 36 67
-848 433 37 52 51
-817 418 44 48 84
-765 392 49 59 60
-863 465 56 41 90
-837 46 47 57 87
-719 13 59 40 63
-852 301 52 39 87
-862 486 54 55 55
-729 295 56 37 52
-719 103 39 57 79
-737 196 55 50 60
-831 353 60 37 62
-766 341 55 59 87
-815 112 48 43 86
-843 367 37 48 77
-833 505 50 40 76
-840 348 40 47 58
-867 397 56 51 62
-724 320 48 42 83
-791 250 37 36 52
-860 478 39 47 79
-799 333 60 56 78
-806 111 41 50 65
-871 506 38 40 90
-780 335 49 55 64
-858 407 46 46 86
-720 361 41 36 79
-790 521 53 56 74
-843 357 45 49 53
-864 32 52 51 55
-707 289 51 40 79
-820 519 48 57 53
-894 491 43 42 88
-866 234 48 48 57
-784 53 38 48 54
-773 382 48 60 58
-792 354 59 50 60
-754 455 38 37 66
-790 144 51 37 64
-808 431 53 38 53
-737 308 52 38 52
-756 427 54 44 56
-890 327 45 48 79
-803 489 39 55 54
-860 182 37 56 77
-746 288 43 46 51
-771 449 43 57 61
-826 101 46 40 73
-775 394 43 49 77
-836 276 45 52 74
-773 408 42 42 53
-837 317 36 41 61
-857 350 57 41 70
-852 382 45 49 88
-704 342 48 40 57
-755 283 37 49 82
-728 388 36 41 52
-789 381 38 48 67
-760 190 55 47 85
-714 79 43 53 76
-731 287 36 46 54
-798 146 57 53 88
-838 296 49 56 81
-728 313 55 45 62
-855 230 36 46 63
-837 85 41 54 62
-873 392 45 37 53
-831 53 57 44 76
-798 376 44 47 52
-727 419 55 46 76
-773 315 46 58 77
-807 117 43 52 74
-860 28 38 49 65
-719 345 46 50 66
-761 239 46 60 52
-872 233 49 58 74
-709 195 47 49 61
-817 136 56 36 73
-803 526 55 37 78
-730 378 60 43 77
-722 220 43 52 84
-779 41 60 38 79
-741 438 56 39 62
-815 341 47 59 90
-718 52 60 41 76
-865 427 52 45 76
-795 360 38 49 71
-812 436 42 50 60
-852 183 56 43 64
-897 87 53 59 66
-815 347 54 53 87
-817 246 40 44 58
-885 71 55 55 81
-800 54 42 60 52
-848 396 38 54 54
-850 367 56 47 88
-769 8 44 58 83
-833 265 57 57 85
-727 276 58 39 85
-869 267 46 59 53
-757 517 55 48 84
-744 422 38 58 82
-752 309 36 43 90
-742 269 44 58 73
-715 275 40 38 88
-866 323 56 46 71
-800 498 43 52 88
-841 181 54 56 85
-743 159 49 53 88
-780 156 57 36 52
