609
12 76 108 100 4
1000
599 159 48 49 55
673 274 55 55 57
672 339 51 52 79
683 209 43 57 55
576 215 54 43 60
569 127 51 51 45
680 325 48 49 43
630 128 60 43 41
597 63 57 48 80
504 148 52 60 70
698 202 51 54 75
570 334 54 55 57
512 316 55 48 72
637 15 49 54 72
687 123 46 60 52
669 102 53 47 46
555 237 56 43 67
609 153 50 44 48
658 304 57 47 70
536 422 58 59 65
585 427 58 48 57
646 145 41 49 59
573 172 58 56 61
641 343 55 45 68
604 349 48 54 62
591 127 55 56 51
593 325 42 46 65
543 268 58 54 50
549 471 56 53 52
668 435 47 51 78
595 19 53 52 49
685 203 42 48 70
646 116 54 50 79
658 62 58 45 61
552 47 55 57 62
540 165 42 47 75
523 159 41 43 50
666 175 48 48 70
652 152 57 44 42
511 171 47 50 56
537 235 52 50 56
603 166 52 53 78
546 384 59 58 63
603 100 48 51 61
572 354 47 43 78
656 113 56 45 62
678 449 51 57 69
569 80 60 47 46
694 213 60 60 52
582 53 57 57 72
510 400 47 50 44
612 440 48 60 42
573 501 49 45 60
660 296 46 50 63
677 86 49 51 56
636 154 51 41 48
665 505 47 45 57
653 279 59 43 80
563 137 51 41 59
557 143 48 59 47
633 306 41 50 49
505 267 50 46 80
527 465 42 46 69
668 191 47 54 41
521 91 53 49 46
632 423 53 55 43
571 206 60 47 79
518 253 48 52 67
631 327 59 50 47
587 424 51 60 78
692 33 50 56 70
609 328 45 47 58
570 42 53 43 69
619 81 49 44 74
525 91 57 56 75
620 502 51 46 61
670 199 46 50 79
685 2 52 59 77
506 25 53 60 72
697 35 52 57 75
549 264 43 49 63
688 400 42 49 46
643 322 59 52 62
688 382 52 45 41
559 406 56 54 71
500 378 43 43 52
606 254 52 42 50
607 366 45 51 51
605 486 47 41 76
663 303 51 50 59
693 361 43 44 46
594 289 53 54 59
619 302 52 52 75
620 281 56 52 44
542 248 45 56 60
537 292 55 53 42
589 112 60 54 74
687 267 45 46 80
568 78 53 46 70
679 82 46 43 66
522 21 49 51 46
603 171 54 59 49
527 293 42 42 66
617 299 60 41 70
665 200 51 58 66
693 137 60 51 77
630 63 44 44 50
562 45 42 53 54
509 484 45 48 80
523 185 59 56 80
697 302 46 46 48
512 494 45 41 66
694 107 51 58 72
572 286 46 51 44
545 337 47 57 55
599 395 49 55 74
618 39 44 44 62
530 131 58 44 54
676 271 49 41 77
607 132 57 53 56
532 97 57 50 49
611 66 49 47 72
546 445 43 54 46
603 414 60 46 43
518 64 60 56 63
660 232 47 51 47
549 365 55 55 43
509 371 43 43 79
500 220 44 60 77
597 254 45 44 80
614 477 43 50 71
524 250 52 49 78
667 31 57 42 75
630 242 59 41 44
524 180 49 58 66
682 157 59 43 61
617 298 51 57 60
651 420 48 48 44
545 368 46 42 72
592 471 42 55 45
674 395 56 54 44
580 460 51 46 58
565 136 53 55 50
554 309 56 47 70
601 338 43 60 75
573 122 60 44 78
625 201 45 46 61
506 100 48 50 65
519 274 58 46 46
506 412 52 51 58
697 74 56 51 48
686 206 48 46 75
688 380 43 56 78
659 290 56 44 50
567 35 51 45 71
621 264 42 48 57
560 38 51 45 72
536 321 50 60 75
608 223 46 55 45
647 349 41 58 76
560 240 44 53 60
686 223 50 43 79
550 439 50 56 62
646 352 41 45 49
674 106 53 48 42
514 98 52 49 49
694 191 43 52 60
580 485 46 59 53
622 365 49 59 79
506 84 49 54 43
605 104 41 59 41
569 464 51 53 52
694 114 48 47 79
630 134 53 51 73
693 16 55 43 41
648 238 48 51 44
678 316 41 53 75
560 336 48 58 66
694 420 57 41 43
623 242 60 60 66
547 233 56 45 58
505 462 42 42 67
586 162 43 57 53
536 133 44 53 48
630 374 49 47 76
624 348 49 49 71
631 417 51 52 68
592 64 43 47 74
632 196 60 47 50
650 389 48 51 46
672 100 60 59 70
653 129 47 56 60
604 504 49 47 67
533 266 55 59 72
642 410 58 43 56
657 267 58 55 57
661 380 47 49 64
694 421 58 57 54
643 77 41 59 41
692 275 45 59 41
699 215 60 51 71
642 296 60 42 77
644 84 46 50 56
572 482 57 55 72
629 217 43 52 61
660 97 57 44 49
568 451 50 49 50
674 194 56 45 55
668 220 57 58 77
565 75 55 59 58
668 373 53 44 44
599 1 59 48 41
504 214 56 60 78
540 152 42 51 76
541 223 52 46 56
619 9 51 60 53
617 223 42 54 66
676 84 58 45 56
519 162 42 52 75
639 141 54 56 58
521 175 59 46 42
620 113 43 55 66
573 346 41 56 59
629 86 60 59 67
560 155 54 52 69
695 312 49 58 72
670 42 58 51 47
673 331 47 45 72
523 81 57 59 48
530 280 53 47 46
508 20 54 44 79
566 449 48 45 62
616 217 48 55 80
665 415 48 47 64
617 8 53 42 75
570 51 47 48 44
620 26 46 60 67
688 328 47 53 60
500 489 56 46 73
585 3 42 41 68
653 461 60 54 77
584 415 56 54 74
578 132 43 46 70
565 227 50 52 58
574 389 56 43 63
654 183 49 48 51
613 314 42 51 70
565 482 44 54 59
524 256 51 47 43
505 490 47 47 44
671 94 41 55 79
654 180 56 46 77
522 181 44 48 74
544 402 49 57 77
634 483 51 54 48
695 279 44 57 54
672 112 48 46 48
642 297 47 46 50
582 88 59 48 72
529 322 43 56 75
684 312 45 56 70
577 163 53 56 61
538 43 54 50 66
590 434 43 52 55
568 110 58 53 53
649 73 50 45 61
502 390 41 53 77
543 209 53 44 62
508 440 46 43 76
673 285 51 58 55
653 346 60 57 65
527 446 41 59 70
525 177 54 55 71
680 173 52 52 72
544 27 41 47 68
572 300 52 44 72
529 309 46 43 80
616 127 51 41 51
678 52 53 52 66
563 443 43 54 56
555 315 48 48 74
645 382 51 50 45
678 151 44 50 52
685 76 44 42 78
593 162 59 42 65
665 308 60 45 74
667 426 56 52 56
626 467 55 60 56
547 167 46 58 78
529 110 41 58 75
624 310 57 42 48
599 391 47 51 46
527 39 45 44 62
552 229 50 43 63
651 410 42 46 61
637 223 43 48 49
670 128 46 55 51
642 203 49 60 67
691 382 52 50 42
695 181 49 52 65
630 360 41 50 52
694 330 49 42 71
698 327 43 48 46
605 307 54 47 57
505 218 50 52 46
652 317 54 52 53
601 474 60 56 50
591 147 47 45 49
551 42 52 55 53
538 406 48 60 73
565 496 54 53 57
537 351 60 58 55
691 20 59 58 76
614 91 54 55 56
626 227 51 42 54
600 49 60 51 75
667 382 56 50 80
616 110 42 51 46
501 428 43 59 72
697 503 46 47 45
581 101 45 48 44
629 257 60 51 55
596 458 60 45 65
684 291 50 43 77
634 493 59 58 69
555 475 44 50 73
697 274 49 48 61
677 339 51 52 47
529 292 43 59 46
663 424 45 57 44
646 480 48 50 46
514 486 53 56 65
566 22 45 56 55
517 426 44 54 47
693 430 55 44 69
602 60 43 53 66
636 118 45 52 72
605 84 55 42 48
554 181 51 59 76
512 341 56 55 47
526 344 48 52 58
642 221 43 55 79
535 83 48 57 71
588 188 60 45 61
531 39 55 45 53
579 127 41 52 64
530 424 45 58 57
650 182 57 58 70
678 266 47 55 44
576 304 56 47 43
651 487 57 55 43
546 402 51 41 66
650 43 60 48 77
635 396 59 60 41
527 328 48 58 48
620 50 53 55 60
690 86 41 58 62
693 452 55 51 61
545 495 43 55 69
616 393 43 46 78
601 113 54 58 42
666 220 55 43 68
596 487 42 55 61
548 20 58 47 41
532 346 44 41 50
694 391 42 42 51
623 446 43 52 58
503 46 58 57 68
620 322 42 53 63
589 35 45 42 67
672 356 45 54 70
659 229 54 57 56
573 242 57 53 52
601 30 42 51 75
658 11 55 48 55
589 368 41 51 69
531 483 42 41 65
680 113 51 44 58
651 57 56 50 41
694 493 58 50 45
687 170 52 58 50
649 129 58 52 71
555 5 60 55 78
549 388 44 56 43
574 122 56 58 79
543 237 58 49 70
531 466 48 59 66
609 343 56 57 55
636 309 54 53 70
593 389 54 59 41
577 502 60 44 42
646 278 59 45 72
570 23 46 60 59
639 284 55 54 73
515 451 41 51 75
650 463 43 46 78
611 260 56 46 72
583 349 53 42 55
572 350 51 50 56
573 60 41 48 43
580 178 54 57 64
631 384 43 49 59
562 27 49 43 44
584 123 47 48 54
538 30 46 46 46
633 116 60 48 80
544 371 48 56 54
644 212 53 56 60
673 427 60 46 59
505 334 44 47 58
670 282 50 54 42
636 59 41 48 42
615 156 55 46 62
505 28 56 43 52
515 334 50 48 69
609 108 48 43 59
558 259 53 42 60
548 101 42 54 50
576 169 57 58 41
597 217 55 53 74
568 221 45 42 47
530 467 51 41 80
648 340 41 51 56
671 68 47 49 76
555 25 55 49 68
676 22 47 43 69
518 292 55 57 60
693 331 49 48 61
681 376 51 58 61
660 51 43 50 47
500 304 56 59 75
666 178 46 48 68
518 298 44 53 54
592 31 50 58 68
693 419 56 60 73
649 381 52 47 78
524 283 57 56 52
511 11 44 46 66
677 98 54 43 79
544 272 54 44 69
572 294 42 52 48
663 360 49 42 43
593 365 60 42 72
576 357 51 55 51
684 409 52 52 42
601 465 50 56 80
550 337 47 46 59
553 0 50 58 62
547 14 54 60 57
668 281 51 47 57
639 467 59 42 51
640 14 57 56 56
600 383 60 53 55
538 475 60 47 62
558 461 57 44 58
549 265 43 50 75
603 212 51 53 42
530 444 41 56 76
599 502 58 48 53
570 290 56 58 48
639 49 43 58 62
657 198 54 41 56
562 63 49 42 49
611 66 56 50 51
646 301 45 54 55
677 160 56 49 57
686 68 42 56 51
578 85 60 51 68
587 401 41 54 75
537 126 52 52 69
602 309 49 58 54
591 45 54 51 76
548 140 52 47 44
532 302 41 52 74
557 266 49 59 63
562 15 44 52 66
568 193 47 51 44
550 463 44 55 54
594 291 57 52 44
555 288 49 60 64
514 103 59 51 50
525 302 56 41 78
572 60 54 51 42
571 362 51 50 55
692 245 50 55 65
683 296 43 43 63
696 330 60 42 60
507 243 48 60 59
550 407 44 55 73
643 26 49 47 52
695 127 51 54 48
560 176 59 47 44
617 401 43 45 46
525 454 59 52 68
575 403 58 52 43
682 423 52 43 67
660 288 44 50 53
647 9 49 59 47
663 4 54 44 46
644 505 45 55 52
556 458 53 53 78
522 405 42 51 45
556 363 45 60 41
669 439 45 44 70
656 411 57 59 51
611 283 53 57 67
667 41 43 60 76
615 416 47 55 44
588 365 60 43 47
585 284 53 59 42
525 474 42 51 69
609 353 54 47 78
656 275 45 41 66
677 57 49 51 53
653 452 57 46 44
699 244 56 46 41
691 127 46 59 58
672 13 46 58 55
536 248 58 57 43
623 350 45 47 56
570 20 42 57 61
548 42 42 60 47
525 156 46 59 74
661 122 59 60 77
689 99 54 56 49
646 477 50 51 73
571 386 47 49 71
578 231 48 41 80
641 501 54 42 61
500 263 60 54 65
610 315 42 46 68
583 405 60 56 74
594 272 51 48 41
580 171 47 51 54
512 492 55 50 73
635 340 41 41 54
631 270 53 43 73
552 233 52 42 73
589 81 52 56 65
698 274 49 59 69
531 79 55 53 47
613 0 55 58 72
631 450 41 47 49
673 192 58 50 76
675 389 52 52 79
680 332 46 50 52
554 209 46 57 43
554 319 57 56 60
585 86 46 42 53
681 329 46 52 43
565 214 60 55 50
676 304 50 51 69
692 205 50 50 49
508 440 44 45 49
669 374 47 57 47
504 407 48 44 63
676 19 54 58 75
642 460 59 54 42
665 103 57 60 73
543 335 41 57 54
501 377 42 58 67
556 395 57 44 69
644 16 60 55 58
684 192 48 53 50
611 129 58 55 80
641 104 43 60 53
566 221 50 52 77
500 497 51 42 64
611 49 57 41 73
538 216 55 41 41
624 84 41 45 75
610 439 45 45 65
510 129 52 60 49
510 158 60 58 69
590 159 46 43 77
573 87 54 41 68
674 398 51 46 43
510 347 52 56 45
683 204 55 58 69
570 471 42 57 74
517 70 41 55 70
612 445 43 49 61
653 339 49 50 70
571 337 47 56 70
556 124 59 49 66
625 94 52 56 72
667 203 53 50 67
644 59 41 48 46
546 41 54 51 73
556 85 50 44 67
545 507 55 59 68
504 421 60 56 50
655 3 57 57 58
699 81 41 45 76
603 295 41 52 52
515 84 54 47 80
673 2 46 47 56
662 170 46 49 60
579 35 42 57 62
586 97 52 57 65
661 506 45 47 72
598 430 56 60 47
684 130 54 58 70
538 221 52 44 43
541 209 44 44 47
622 137 42 48 60
517 328 54 44 45
680 58 45 52 45
630 94 42 57 43
583 440 55 43 52
502 25 41 47 69
569 451 46 53 48
513 151 59 59 57
665 457 53 48 43
503 89 54 47 51
585 54 60 58 64
542 230 54 55 68
527 92 45 60 78
601 39 45 60 59
551 44 59 43 46
652 382 45 60 70
582 308 59 42 48
577 324 49 59 69
540 275 48 60 56
626 446 54 53 64
633 23 51 47 69
532 85 53 44 54
572 242 58 41 71
571 292 59 51 76
665 66 44 60 65
569 117 59 54 75
524 20 55 43 53
624 207 56 47 66
610 213 58 59 54
547 117 54 44 71
512 234 58 60 49
667 143 53 54 72
535 500 55 43 56
607 202 44 57 76
577 86 59 59 72
529 432 59 46 59
553 486 45 43 55
669 136 47 42 78
520 219 50 59 42
526 119 52 57 66
697 60 48 58 64
515 229 41 49 76
519 413 41 49 62
625 409 58 53 51
692 432 59 50 79
563 324 55 45 49
663 240 46 58 50
572 290 41 44 54
591 248 50 52 53
693 125 48 59 80
520 436 57 59 75
694 115 54 49 47
590 353 43 48 74
650 247 55 47 76
560 7 60 56 61
627 307 41 56 64
574 91 41 51 71
662 418 50 51 62
671 58 55 44 55
681 434 47 55 43
504 33 46 56 59
577 143 51 53 72
522 478 50 58 46
551 386 52 58 69
671 110 56 57 55
541 345 48 60 47
573 123 52 42 75
539 415 47 49 70
633 264 45 42 48
546 55 51 54 54
612 72 42 48 52
684 60 48 53 70
541 124 52 51 48
557 401 44 45 70
540 488 50 53 44
660 303 52 41 75
680 268 43 49 57
641 81 51 48 50
563 345 45 48 56
582 393 57 44 54
579 465 42 42 63
629 279 55 41 79
628 120 55 51 55
622 324 57 60 67
656 488 50 43 56
601 214 52 57 58
502 261 51 60 76
513 426 44 57 72
526 56 57 43 67
580 93 58 51 67
676 142 55 44 75
682 61 53 44 78
592 322 51 49 65
655 405 55 59 46
655 334 53 58 77
661 116 50 58 76
687 426 49 56 68
552 341 47 42 57
650 219 60 49 66
538 145 41 42 49
633 168 44 54 43
646 368 47 48 80
541 339 58 55 42
563 160 51 60 80
617 184 60 55 47
649 427 54 51 68
624 160 48 42 63
652 107 52 56 47
568 108 49 57 62
648 466 52 57 59
530 459 49 46 66
537 103 41 51 41
605 456 53 60 56
663 217 46 41 65
599 140 50 46 72
520 378 50 60 58
643 4 43 41 74
548 47 44 42 61
580 427 51 56 42
662 346 48 46 57
529 32 43 43 71
550 55 51 59 79
609 504 60 59 69
634 230 43 58 64
647 363 54 57 54
634 257 55 52 46
679 431 47 43 52
574 344 57 41 48
511 485 58 57 52
545 275 59 42 62
691 449 59 60 71
577 193 58 41 48
575 147 56 54 70
686 504 60 46 79
519 102 41 60 48
661 341 53 45 53
698 208 58 46 58
676 185 56 54 58
631 140 54 41 50
593 228 57 54 52
541 162 43 46 66
669 384 56 41 46
519 225 57 60 70
533 83 53 57 75
652 121 57 49 70
588 360 45 57 56
700 175 51 54 59
592 345 53 43 47
636 197 51 41 69
550 180 59 43 55
695 244 54 56 73
579 112 53 60 46
651 151 49 49 48
546 432 50 47 53
695 486 59 49 58
671 165 48 49 77
617 509 57 49 75
562 91 50 46 50
548 52 44 58 53
627 12 54 48 45
534 466 43 48 65
578 447 42 58 44
566 192 42 47 73
659 8 53 42 55
626 145 53 59 58
625 477 54 54 73
649 197 47 41 65
694 164 46 57 72
667 445 45 47 59
694 141 53 59 46
546 18 48 56 50
587 267 55 59 70
570 135 52 44 50
697 439 49 50 80
692 327 43 57 78
621 145 53 43 72
673 287 44 58 44
542 139 41 43 64
665 133 44 57 52
664 348 55 46 45
579 160 45 55 77
517 82 45 55 53
575 142 46 41 46
611 48 47 50 60
698 333 45 55 43
597 249 50 54 58
655 245 53 55 62
666 486 53 49 73
583 16 47 47 79
567 97 42 56 64
512 111 51 58 69
684 436 46 45 72
619 276 60 48 49
700 268 44 59 60
584 6 51 50 73
592 31 52 45 42
597 54 46 43 46
579 43 48 50 65
555 19 46 43 43
594 454 50 46 45
586 73 52 51 80
622 68 41 41 41
589 266 54 60 58
644 183 52 51 41
668 13 53 52 66
592 89 48 58 54
555 132 57 45 55
610 57 49 48 69
564 60 60 55 62
625 82 41 51 46
627 76 59 58 78
657 30 44 53 49
695 439 46 47 46
569 91 41 45 60
593 271 59 51 77
605 406 46 41 69
579 97 57 58 59
536 425 55 45 66
652 460 52 51 68
588 451 41 57 64
555 483 53 57 44
514 47 41 46 66
688 14 48 48 72
694 307 55 44 51
636 468 41 50 54
595 231 51 49 61
700 439 48 53 53
509 300 43 49 68
527 8 55 52 44
639 298 55 52 59
652 1 44 53 72
689 478 53 59 64
653 176 44 58 52
527 350 60 58 50
644 362 44 45 79
665 394 45 49 80
570 257 60 53 54
578 205 52 47 50
537 481 59 53 45
672 230 56 57 77
575 253 58 52 73
661 370 41 43 54
612 158 47 56 45
533 273 59 49 55
533 169 57 46 51
613 497 45 47 46
624 164 47 49 58
573 41 42 44 63
612 190 47 42 60
613 206 54 60 48
652 481 50 46 72
698 422 53 43 61
558 194 46 59 47
675 303 56 45 61
587 336 57 59 51
527 441 55 59 69
661 475 41 47 78
537 262 57 55 56
651 122 52 45 65
575 462 59 44 42
574 190 60 49 65
642 390 56 59 75
503 453 49 53 54
664 43 51 42 77
564 151 41 52 59
546 440 47 60 42
608 229 47 48 76
589 366 56 43 72
644 59 48 60 73
559 246 51 47 66
519 340 54 57 60
575 472 44 53 60
638 325 58 49 71
620 146 42 49 43
613 270 48 45 62
686 370 53 51 50
659 146 50 46 64
567 233 43 48 56
527 118 56 43 65
665 415 51 48 45
603 367 48 46 66
593 349 45 54 56
529 80 54 60 70
523 167 45 50 61
556 448 47 47 52
571 146 43 51 46
669 25 48 44 63
647 364 52 53 71
590 205 50 44 44
507 130 49 49 76
587 231 59 52 80
693 367 51 48 72
587 480 50 43 57
640 375 52 47 53
575 344 51 55 63
622 334 48 59 41
572 121 52 60 73
596 29 52 59 80
564 472 45 43 45
687 214 53 52 69
527 480 58 44 48
626 440 47 53 56
500 128 50 60 64
583 287 45 44 79
540 247 56 49 78
612 59 51 45 73
691 344 46 60 68
553 264 45 46 80
575 14 50 50 51
617 345 43 57 79
616 151 46 54 78
567 344 45 48 60
631 382 44 56 41
525 250 46 60 63
544 412 48 50 75
554 331 44 45 68
573 493 51 55 54
531 394 57 42 56
629 68 42 55 75
604 438 56 59 79
682 213 54 56 68
653 183 52 45 43
636 322 46 55 62
650 12 60 54 66
691 497 45 53 63
660 461 46 49 61
627 74 52 56 80
527 218 48 42 79
500 207 59 51 74
523 184 42 49 78
520 193 56 55 79
664 416 51 47 75
691 300 49 53 54
534 252 49 50 50
686 425 55 59 53
523 37 57 43 49
622 472 44 57 48
548 64 56 57 62
553 476 58 41 59
529 272 48 57 51
566 235 48 51 62
610 44 47 60 69
639 419 55 46 60
632 18 52 44 63
655 58 47 46 78
647 169 49 50 41
667 47 45 42 59
641 23 42 50 46
696 488 58 58 74
566 145 44 57 46
674 138 58 59 50
571 412 57 59 64
603 17 47 46 43
625 61 45 53 57
509 30 43 42 64
533 466 50 51 60
602 251 48 59 72
521 273 60 59 79
550 6 48 59 61
630 236 48 52 44
697 206 51 57 67
602 303 46 55 48
664 356 43 57 69
662 328 55 49 54
630 326 42 59 65
519 324 53 60 67
593 105 48 57 55
575 213 45 41 46
501 451 46 45 67
532 469 53 43 43
550 190 58 55 48
651 142 45 52 80
547 93 53 51 78
579 345 53 55 48
512 103 53 46 49
584 109 53 45 74
616 159 45 41 51
601 338 60 59 73
660 395 47 50 73
666 229 44 51 62
519 91 45 45 51
555 493 54 52 54
586 57 41 56 56
654 192 57 45 54
505 348 51 57 75
508 300 48 50 67
695 178 56 58 57
662 311 48 49 57
558 432 51 49 47
603 249 60 43 63
541 417 41 57 50
590 15 50 57 43
645 197 51 54 63
652 147 42 60 75
596 404 50 51 59
