735
296 96 102 79 6
1000
662 112 60 42 66
696 557 55 42 47
536 429 47 60 72
557 145 56 59 74
577 263 47 54 79
580 294 49 53 58
680 126 54 48 58
529 428 55 51 63
613 635 45 55 60
674 165 50 50 79
521 130 51 51 47
624 139 47 52 48
549 594 51 50 66
571 286 56 51 67
535 437 41 56 80
571 400 52 47 43
568 314 53 52 61
525 329 57 60 70
605 467 48 45 80
558 524 60 54 62
582 67 54 52 54
601 310 41 50 68
512 176 58 54 47
563 103 47 56 73
564 216 50 43 49
588 31 47 49 77
626 434 45 43 68
663 578 57 60 54
591 183 60 48 60
615 27 47 55 75
516 405 41 54 63
646 403 42 56 73
633 362 54 59 69
547 442 60 46 41
631 510 49 43 66
510 274 48 42 59
620 474 51 49 62
663 300 50 41 60
692 573 60 51 75
673 87 58 55 73
599 288 57 52 55
511 412 51 52 66
521 68 58 48 65
642 340 50 52 67
623 251 51 49 56
598 466 51 45 48
623 297 58 55 72
526 517 43 53 71
599 136 46 52 58
679 168 59 44 41
643 360 42 49 42
529 30 49 48 44
645 264 48 50 48
609 113 51 51 64
604 567 43 47 44
535 557 55 44 51
512 211 57 58 79
573 236 56 54 47
582 483 43 52 58
540 589 59 56 56
667 611 52 45 54
690 17 45 59 41
678 211 50 45 48
688 596 42 51 79
671 217 42 55 68
612 259 53 50 66
607 536 56 56 45
570 294 59 53 74
612 473 53 46 69
659 578 54 44 71
645 483 57 43 62
616 602 57 59 64
563 598 44 43 48
679 543 57 57 56
611 16 42 53 68
657 262 56 44 72
687 36 46 41 56
662 127 57 44 59
541 29 47 51 43
525 158 45 57 52
700 284 50 53 76
623 4 52 60 43
512 52 60 52 72
613 61 55 44 41
536 222 51 52 45
571 28 49 53 70
542 614 52 50 61
550 161 58 46 59
542 206 57 44 67
558 596 52 45 77
666 379 58 41 52
670 111 43 54 71
670 146 56 47 60
572 331 52 57 69
507 275 47 51 53
508 495 58 53 48
552 136 44 46 75
631 572 46 51 75
615 503 57 47 70
644 538 44 47 51
679 187 42 58 56
648 614 56 51 69
682 561 47 59 70
630 201 49 60 71
575 469 54 49 41
501 305 44 43 52
548 46 52 60 46
533 504 42 41 53
520 449 45 43 53
684 458 60 47 46
583 634 42 56 52
650 181 48 59 46
557 527 42 60 80
610 468 43 45 57
606 579 60 43 45
547 338 57 58 59
657 117 50 50 64
620 441 44 45 74
521 423 44 48 78
681 260 48 50 78
569 275 58 49 43
561 331 44 46 68
524 276 45 56 62
677 499 56 55 46
648 474 46 47 74
651 245 58 54 77
544 581 41 53 52
547 246 42 55 56
696 0 43 42 62
665 578 52 44 50
692 159 50 60 72
572 593 60 50 50
687 345 57 56 77
504 270 49 57 76
687 430 50 48 57
675 192 58 53 58
519 546 43 41 80
616 375 49 43 43
573 262 57 47 50
538 611 60 44 76
541 485 47 45 60
578 612 53 42 63
632 443 43 47 73
677 68 42 42 74
577 49 43 50 67
539 473 56 58 78
623 392 52 43 45
558 185 43 59 44
623 57 50 45 47
626 570 52 54 56
622 273 52 49 51
691 153 46 41 47
685 629 56 41 66
502 506 55 48 71
551 324 52 59 61
504 493 55 47 50
674 585 50 59 44
597 255 45 49 43
689 134 55 54 80
676 152 42 60 76
528 316 41 41 41
599 100 46 59 59
684 299 41 42 56
605 100 58 56 50
635 565 46 56 46
567 8 41 49 54
694 15 55 41 73
635 459 49 42 62
545 561 42 50 64
565 343 51 56 80
695 168 52 52 69
516 559 53 55 66
661 98 53 42 65
693 323 55 42 41
524 564 52 52 52
572 573 58 54 42
560 621 51 44 48
578 341 52 60 71
659 9 43 50 45
614 614 42 60 49
662 498 50 56 67
634 377 57 52 68
606 161 60 52 80
666 124 58 54 42
594 214 54 59 68
586 580 45 56 51
535 500 52 52 61
608 467 43 50 55
542 9 42 58 45
692 52 42 49 45
501 401 54 55 68
523 29 55 52 55
628 609 48 45 56
660 515 44 41 73
608 168 49 59 49
527 83 51 51 65
507 196 54 51 48
558 558 56 50 49
664 630 42 43 59
565 194 52 52 46
697 241 45 43 61
538 500 51 52 80
511 519 45 41 66
584 435 49 55 43
525 375 54 42 80
539 448 45 57 47
634 318 47 46 59
535 387 59 55 52
510 132 43 53 67
553 47 54 43 80
596 596 41 57 72
501 600 54 52 61
588 140 54 47 51
652 227 43 59 74
687 597 47 41 65
610 520 41 50 51
640 34 58 52 69
525 325 59 53 52
571 584 59 49 72
594 95 49 52 41
652 552 45 49 74
532 62 53 41 54
683 630 46 43 53
514 505 51 48 61
605 531 42 56 56
512 434 43 46 49
679 470 42 54 56
652 345 58 57 41
528 42 60 48 54
624 461 45 41 56
660 269 47 49 76
527 334 60 43 46
691 159 46 49 67
517 619 60 44 54
605 32 52 56 61
687 76 49 60 67
594 121 46 41 44
670 331 50 41 71
606 371 52 49 72
647 215 59 43 52
646 257 50 55 72
687 476 50 54 68
619 113 58 53 59
574 223 58 58 54
639 367 43 43 57
576 616 45 43 63
550 215 58 50 49
549 272 52 60 47
543 366 50 44 65
653 70 60 45 69
691 403 51 44 61
667 210 41 41 59
553 372 52 42 70
514 39 46 50 58
669 209 50 59 48
623 384 51 55 51
552 601 57 58 60
517 50 46 57 62
667 384 57 43 79
515 539 56 51 55
537 31 49 47 77
630 109 45 51 70
525 287 53 52 78
535 26 42 45 58
571 606 43 56 47
624 155 50 60 63
585 491 57 59 59
575 361 53 41 53
614 34 46 48 41
641 328 59 48 52
663 226 49 58 48
678 247 53 47 44
698 481 58 59 75
503 591 52 50 47
533 522 47 52 65
671 545 55 42 78
644 224 41 46 74
527 464 56 45 69
659 155 41 52 70
601 461 49 60 49
676 625 60 43 53
520 391 60 53 75
567 339 43 55 45
523 279 50 57 75
539 399 53 52 46
504 397 52 49 60
500 583 56 58 63
550 211 43 42 59
538 87 58 53 55
620 437 45 55 53
684 344 48 46 61
596 329 60 50 70
662 563 52 52 65
621 558 52 53 57
564 413 53 48 46
590 570 44 44 63
512 315 42 55 43
670 617 49 47 78
543 508 60 60 71
544 163 52 56 78
684 599 45 58 53
524 386 44 56 74
507 564 56 49 79
555 432 49 53 42
655 387 46 53 73
686 109 41 47 71
505 501 46 60 71
558 411 56 43 50
558 129 42 54 49
527 375 44 47 41
513 515 47 45 58
656 388 53 59 46
694 376 54 52 59
688 611 43 56 41
638 226 59 48 46
609 555 44 56 43
544 603 48 59 78
631 590 60 55 74
568 123 53 45 79
676 580 48 44 44
521 98 41 51 55
597 22 44 59 74
638 520 45 43 59
620 142 51 56 76
604 583 41 48 53
639 344 58 45 60
635 269 43 48 48
677 314 47 56 72
690 549 48 60 77
699 20 53 54 80
559 611 50 49 54
543 242 55 60 66
696 88 48 44 58
507 307 56 56 77
553 95 45 41 41
678 315 59 52 50
596 184 49 49 60
542 41 52 60 69
558 415 53 55 64
649 180 58 51 46
669 147 56 55 67
532 309 45 55 55
635 457 49 57 75
575 206 57 52 56
616 299 49 56 49
505 278 54 52 67
594 525 47 42 44
570 538 44 57 71
645 626 43 51 49
509 579 54 50 47
580 145 56 56 60
559 485 60 58 55
552 190 50 41 56
689 530 56 47 56
572 185 59 50 56
501 95 49 53 59
588 165 53 46 54
506 570 59 41 74
536 77 58 48 56
654 254 56 44 57
561 469 54 53 80
501 24 51 60 73
576 67 58 57 51
543 390 49 48 53
642 73 46 60 77
538 554 53 49 41
695 246 57 51 58
550 107 50 53 62
628 307 49 42 50
683 619 41 51 71
592 228 59 51 48
530 214 56 56 53
619 486 59 43 44
502 401 54 60 75
604 444 58 59 75
643 594 59 44 45
655 289 41 43 66
630 136 56 58 47
694 624 51 48 73
665 199 50 50 69
610 595 53 41 68
602 32 58 60 79
549 22 51 58 66
685 241 48 50 49
698 282 53 47 44
585 571 60 53 67
574 23 42 43 69
573 427 49 51 48
663 118 43 50 47
565 458 58 60 73
658 289 43 41 73
544 234 41 44 47
666 418 50 47 80
556 506 54 54 76
514 149 60 51 67
679 54 59 54 50
632 234 48 44 57
660 302 49 57 57
658 237 52 42 62
505 244 52 43 68
649 529 60 50 62
601 516 53 45 49
606 264 48 54 68
529 182 55 51 61
561 271 46 48 56
534 65 45 54 50
686 17 52 52 71
640 492 53 46 73
541 551 50 57 66
533 490 53 57 62
542 234 60 48 68
566 599 49 57 55
606 413 55 56 75
551 453 60 60 78
556 65 55 43 44
556 188 57 55 47
658 11 58 53 72
700 165 60 57 72
662 25 58 46 72
539 112 56 45 46
611 566 48 53 54
683 387 48 42 52
626 155 49 59 65
627 335 52 45 77
523 397 57 45 57
646 309 43 56 53
663 5 56 57 65
547 331 44 48 79
524 47 52 43 67
539 389 45 53 59
543 548 58 47 57
605 30 48 58 55
621 585 44 59 76
615 343 51 49 70
640 502 44 46 79
593 520 50 49 72
576 8 53 45 42
580 96 44 41 78
500 590 41 55 43
675 192 49 54 54
556 500 44 46 77
598 240 54 51 54
597 460 44 53 70
542 518 45 47 67
608 30 43 45 50
591 410 47 42 48
634 102 59 56 80
623 115 45 54 69
500 400 45 58 65
546 239 52 56 42
651 445 43 60 44
626 204 57 51 51
628 82 47 49 61
512 148 49 47 55
610 217 50 57 74
635 99 52 46 79
509 437 42 45 55
603 550 44 41 41
512 103 46 50 49
686 480 49 47 46
634 137 53 46 47
640 313 49 46 66
597 484 54 45 55
680 150 46 43 75
626 316 55 46 56
619 305 55 57 59
679 560 43 42 61
634 335 42 52 51
612 178 41 59 71
625 257 55 49 52
626 265 45 49 43
581 386 57 41 50
502 521 59 49 55
506 505 46 53 43
631 534 49 47 45
608 59 55 53 67
554 333 53 58 52
500 439 44 50 73
576 153 48 53 73
566 124 42 54 61
637 129 58 51 58
554 65 57 58 46
637 525 57 55 62
505 35 56 60 73
693 344 48 48 80
575 43 45 44 78
629 210 55 51 66
585 156 52 60 73
627 423 43 49 71
683 300 51 55 60
505 434 50 54 72
599 462 58 52 44
533 130 44 48 64
534 3 44 47 42
526 360 45 49 75
683 634 42 46 61
622 342 54 50 79
636 613 57 49 75
673 364 50 41 59
665 468 50 57 41
550 538 41 53 66
554 281 56 43 57
556 214 41 49 43
571 110 52 54 80
586 357 43 43 61
512 453 57 46 57
580 288 50 58 61
610 27 47 57 43
511 226 44 53 45
670 115 59 41 45
617 571 58 41 74
659 320 42 56 45
571 48 44 60 71
587 176 50 50 80
618 490 53 60 49
564 6 46 58 53
666 538 56 42 52
687 66 55 47 45
517 251 43 54 43
686 117 50 58 72
657 99 59 50 75
608 547 60 51 41
636 419 49 53 49
516 489 58 57 76
548 543 51 57 67
656 471 60 48 71
636 533 43 59 59
696 216 56 49 64
631 98 45 45 51
636 359 58 54 75
562 42 59 57 53
635 543 43 56 80
638 186 46 55 56
628 5 45 58 63
536 391 53 60 63
562 89 57 46 60
689 304 48 44 74
660 556 55 44 42
651 290 55 49 72
589 589 52 48 57
691 5 56 41 43
563 56 48 45 64
586 507 60 45 73
593 568 59 58 56
686 466 45 41 68
695 631 55 58 75
528 284 58 55 74
549 249 59 43 51
630 218 46 41 61
614 434 41 42 80
685 322 52 58 75
616 630 60 60 55
604 384 53 56 49
548 152 53 60 60
615 514 45 58 48
654 236 53 55 52
537 37 42 49 68
503 133 43 49 77
568 397 59 53 49
502 134 44 50 80
538 520 52 41 66
507 32 57 60 71
582 20 56 57 61
558 243 57 53 42
590 504 47 45 45
645 375 59 57 68
502 462 49 58 75
603 426 42 56 43
596 216 53 48 65
632 395 57 56 77
650 387 60 46 45
572 123 43 46 71
513 85 42 43 56
597 248 50 44 46
582 149 43 48 72
579 435 55 51 42
700 98 55 54 61
628 114 41 51 68
663 94 44 44 52
501 516 54 52 71
601 570 59 59 47
579 435 41 60 58
543 69 47 58 76
579 536 48 47 74
618 418 47 55 76
619 463 52 48 42
534 143 56 51 58
553 213 44 45 54
661 418 60 41 46
629 389 54 50 65
610 302 50 54 42
501 270 42 53 41
665 125 43 51 63
642 291 50 47 65
508 324 52 45 66
596 357 51 47 44
675 486 44 51 44
514 616 58 50 58
504 570 48 58 58
579 421 50 45 80
520 179 43 51 64
602 274 54 49 76
632 316 49 44 61
691 43 59 46 50
581 20 41 58 56
611 81 47 41 43
628 118 47 50 76
557 633 60 52 48
671 197 43 54 63
531 462 47 52 46
610 373 59 60 75
622 94 56 50 52
539 44 54 48 53
683 333 51 53 57
576 11 59 43 51
637 185 57 50 78
618 130 55 42 72
607 506 48 52 63
643 610 45 51 59
674 337 47 53 71
502 607 53 48 78
566 219 56 56 77
603 199 59 48 74
540 236 50 53 48
597 581 54 54 78
668 321 42 58 72
688 443 59 56 77
628 116 41 52 58
698 282 50 58 66
570 420 54 53 63
523 276 50 44 74
663 114 52 44 55
523 185 55 44 59
554 224 50 44 59
576 625 47 47 46
626 129 57 54 78
500 585 41 46 41
656 329 53 48 51
533 561 51 45 73
686 382 49 56 45
511 618 46 54 52
547 83 57 51 70
635 609 47 53 52
575 508 60 47 55
528 134 59 58 52
678 380 49 41 49
621 425 53 44 60
559 103 51 42 54
685 536 59 54 57
686 215 41 51 62
628 466 44 54 61
613 383 57 50 67
607 213 50 42 48
663 527 51 46 78
520 33 47 59 70
597 362 57 50 72
554 387 48 52 51
550 613 47 50 46
570 553 46 48 60
680 377 60 54 63
536 62 44 41 51
685 543 51 52 61
529 422 53 57 69
590 93 46 57 60
695 343 47 52 76
619 513 53 41 71
665 34 41 55 60
688 282 56 49 63
605 336 55 47 53
575 429 44 49 75
601 154 44 50 51
643 95 49 48 69
601 187 42 54 42
646 535 47 45 63
507 182 60 60 58
626 281 51 52 44
553 482 43 55 48
572 180 53 41 60
700 182 49 50 67
665 432 41 58 70
606 259 53 55 44
584 238 48 46 60
562 512 57 48 54
582 369 54 52 69
587 38 42 55 79
545 429 45 43 80
652 491 50 60 48
676 557 45 57 69
551 451 55 59 50
596 99 47 55 55
506 54 43 60 74
634 300 60 47 65
567 344 42 49 50
684 116 56 56 66
585 530 55 45 49
641 50 59 45 68
669 128 44 47 56
623 430 56 51 44
603 403 51 48 58
564 298 53 58 48
538 577 46 58 64
553 157 46 57 45
684 185 42 48 46
599 514 58 43 68
668 44 44 58 44
627 193 54 53 54
589 568 59 42 74
561 111 57 57 55
597 122 50 54 68
571 457 45 59 79
606 50 51 48 67
516 30 53 50 66
600 168 42 45 59
506 242 56 57 68
588 320 45 41 50
609 467 47 42 75
595 512 45 48 72
574 168 59 45 55
544 501 52 59 52
645 434 51 49 44
698 267 49 52 55
670 592 58 56 72
512 421 44 56 60
608 557 56 45 42
637 431 57 57 76
558 93 58 42 56
582 383 41 51 64
692 386 43 47 42
500 585 50 56 76
698 278 58 43 45
538 355 57 58 52
560 117 55 47 54
575 632 43 41 48
654 70 49 42 46
683 23 52 45 62
509 277 55 41 71
508 310 52 41 54
588 378 45 52 54
515 86 42 53 79
690 3 52 57 52
586 525 46 51 53
552 26 59 53 46
697 577 54 43 42
560 552 50 59 63
680 458 58 56 76
610 19 57 55 67
582 574 46 53 68
540 35 56 53 71
649 77 56 52 55
656 178 45 47 80
663 571 44 55 56
603 424 51 47 56
604 448 44 43 79
555 99 47 50 61
692 280 59 48 77
556 335 41 58 47
638 510 57 45 61
572 173 45 45 53
633 382 58 43 47
568 171 58 51 58
537 25 53 53 43
659 185 48 49 62
616 571 47 41 71
552 234 59 46 45
516 301 49 59 55
630 617 47 46 66
507 315 51 41 71
574 59 51 47 65
682 632 58 56 44
667 592 56 54 68
531 25 43 47 69
594 616 43 46 54
654 98 49 55 78
681 121 47 46 45
686 420 47 46 51
680 499 48 56 80
697 418 49 59 66
623 458 60 45 52
612 409 46 48 56
629 307 52 54 46
696 559 51 43 71
677 65 46 54 69
650 521 55 53 47
582 462 42 50 69
613 93 42 56 53
599 393 41 45 49
575 261 58 60 58
691 427 50 44 76
519 11 41 41 80
677 547 56 45 52
586 602 47 55 66
674 19 48 54 41
639 73 45 60 57
648 608 48 52 44
641 479 49 57 54
681 242 41 48 57
512 460 45 49 57
626 85 54 56 62
564 213 59 53 77
566 448 60 48 62
642 619 45 47 42
653 290 52 50 59
681 33 53 54 73
693 128 56 59 50
553 483 51 57 68
555 588 55 58 48
693 14 57 46 73
525 73 55 42 65
638 187 47 51 73
530 266 55 59 52
555 223 56 59 75
672 448 48 47 59
561 404 52 58 61
500 350 51 48 67
607 132 60 52 61
666 334 46 46 47
594 487 52 50 53
582 421 43 44 48
527 337 48 48 54
681 408 43 60 60
558 445 45 45 58
664 501 41 46 57
552 483 48 48 45
669 325 45 52 58
600 461 50 46 50
590 274 56 57 43
672 99 60 42 77
513 128 56 42 62
510 513 50 57 67
641 245 54 44 60
511 30 51 56 67
635 332 45 44 51
691 47 59 54 53
665 273 52 41 56
587 138 60 60 46
559 204 55 51 44
692 519 43 57 51
648 457 45 57 75
551 123 49 59 66
524 312 55 56 62
537 206 43 60 61
692 187 44 56 47
526 366 60 44 72
622 597 47 41 52
594 330 49 48 45
689 314 49 59 63
528 100 44 56 77
562 476 60 52 67
610 609 54 46 75
530 156 58 48 72
555 527 42 44 69
615 91 42 46 52
556 111 41 54 63
526 65 42 44 47
554 597 56 48 76
673 25 56 55 49
514 300 48 43 74
655 380 51 56 46
571 194 50 45 73
647 578 52 42 55
689 53 60 42 73
540 265 45 46 41
597 608 60 47 47
662 23 54 52 67
625 127 42 57 63
658 452 60 47 70
700 111 45 51 57
561 355 57 52 48
658 157 53 55 46
570 18 42 55 59
657 392 59 60 80
563 446 44 46 44
549 306 55 54 50
529 146 51 57 55
658 22 54 48 76
612 267 42 60 75
596 372 50 53 66
680 255 45 41 59
647 79 51 47 68
538 282 48 47 76
596 200 56 56 75
553 556 60 48 42
695 441 50 60 44
648 304 49 42 48
611 471 58 43 58
557 588 44 47 76
636 497 48 55 75
522 407 55 58 66
655 443 42 42 77
604 457 42 48 58
692 41 53 48 61
575 69 58 53 73
501 270 60 48 55
586 148 49 54 42
507 202 46 50 43
560 53 43 44 42
548 483 48 55 78
545 452 48 43 66
524 270 46 57 53
691 406 54 48 65
573 123 46 48 59
636 324 50 57 74
589 63 54 57 64
640 105 58 57 62
629 116 54 48 53
605 598 50 42 67
591 189 59 59 74
548 270 60 48 61
546 573 54 46 73
698 110 46 60 60
542 35 60 58 55
597 102 47 56 54
565 555 58 60 58
565 424 48 49 60
545 429 58 44 63
602 67 44 43 52
603 280 52 49 80
662 578 47 44 59
642 506 60 52 53
547 628 46 58 58
530 321 54 41 56
575 94 51 46 66
612 492 56 52 70
695 320 46 43 64
677 317 53 52 48
602 208 59 53 41
653 589 44 44 76
673 203 60 55 52
679 29 59 57 77
590 456 49 46 80
521 113 41 60 54
675 509 49 60 52
591 452 41 51 67
550 631 45 49 69
566 614 47 47 70
505 96 45 49 49
687 475 55 47 64
558 132 51 46 53
678 385 49 41 70
514 629 54 49 46
666 427 49 53 45
512 231 59 55 79
507 331 44 60 48
683 146 43 46 78
574 400 60 54 50
501 465 46 51 74
689 156 44 60 80
511 431 44 59 52
555 114 42 46 61
601 339 50 42 64
667 20 60 48 56
500 486 59 49 68
613 482 46 50 62
609 446 48 42 51
567 211 55 41 71
581 105 59 55 80
560 318 44 41 73
614 379 51 49 76
608 83 51 53 71
546 516 45 53 78
522 10 56 59 72
570 96 42 44 59
643 13 44 58 65
529 216 59 44 45
559 408 42 41 77
695 111 58 49 49
525 569 54 46 46
513 291 57 48 47
539 588 51 43 57
686 175 49 50 41
576 292 46 55 45
547 405 59 55 65
663 625 56 48 68
686 177 47 42 70
678 527 47 43 44
565 4 42 49 71
513 299 50 41 57
694 297 51 42 47
592 297 46 44 53
667 412 60 57 67
670 233 60 52 60
501 79 51 52 54
662 447 51 46 78
512 439 55 54 60
602 287 59 46 51
611 457 49 47 48
570 142 54 60 61
556 413 46 55 60
620 122 59 51 78
531 266 53 52 77
697 35 54 50 70
626 248 45 46 67
646 140 44 45 52
613 421 47 44 47
674 149 45 42 73
533 86 47 60 48
692 415 42 44 51
635 588 54 48 80
535 162 58 45 76
554 451 54 52 62
