876
418 128 183 187 6
1000
247 396 43 63 175
178 533 51 50 141
-867 688 40 65 120
248 117 38 48 161
650 597 55 66 143
-433 635 44 35 139
-57 27 64 51 186
-261 690 46 53 174
-48 146 49 42 136
478 585 61 47 124
-328 40 36 43 178
-185 680 49 53 199
-46 554 51 34 117
-815 127 47 36 180
-984 758 44 64 158
-371 661 37 59 111
-171 583 44 55 108
-876 679 55 36 148
-347 491 44 42 193
264 119 45 52 198
-913 759 56 55 173
87 446 52 39 176
514 768 53 37 187
830 75 46 45 105
904 21 41 36 110
-252 458 49 66 119
-353 643 42 49 113
-884 611 39 55 115
680 501 51 42 155
319 591 54 63 198
293 342 40 48 106
-694 179 58 36 199
-450 192 41 50 177
-907 63 55 44 187
-105 41 50 66 161
187 494 41 44 194
-357 306 36 54 146
747 465 65 54 121
170 21 55 61 146
-185 427 45 61 156
929 468 39 37 107
-999 1 40 57 185
576 438 46 44 125
-826 751 48 52 191
-690 50 47 66 146
-700 534 49 56 158
-824 686 64 55 142
91 488 37 42 127
-335 56 60 54 185
-838 148 35 47 170
-445 382 62 66 134
970 37 48 48 181
341 477 42 40 160
-638 332 66 49 133
-725 237 60 63 195
972 555 62 54 151
91 382 43 39 175
-968 153 52 59 165
994 391 34 54 163
964 68 42 43 177
-658 93 38 59 103
-250 631 36 38 149
143 192 43 39 196
574 70 49 56 143
-143 468 36 53 178
-489 424 35 35 174
-759 21 55 57 108
66 372 64 44 112
456 389 64 63 194
-402 371 34 49 187
41 32 45 57 104
-196 252 63 37 166
-282 390 65 55 187
914 524 58 43 139
-859 5 38 57 131
-427 74 54 60 116
374 189 60 58 122
522 379 63 59 115
933 80 54 65 132
730 729 34 49 184
-998 235 38 60 199
60 774 49 44 155
104 626 57 42 101
425 343 59 52 170
40 766 66 42 119
-888 275 55 35 138
543 425 35 48 144
356 151 56 56 107
-364 411 66 40 106
-382 39 54 41 186
660 260 46 45 175
994 245 36 58 146
-671 471 34 45 147
-83 250 45 58 200
-344 407 51 57 108
422 321 66 54 131
940 664 54 56 122
-949 765 35 50 173
959 361 64 52 179
88 365 64 50 165
-816 267 64 47 148
612 312 65 58 175
160 403 46 47 116
-509 101 51 63 125
-882 528 42 47 123
280 34 35 52 120
50 280 44 36 198
-17 28 46 57 154
37 190 37 45 117
331 755 34 53 126
378 16 55 48 174
813 56 52 54 199
889 228 35 61 130
174 476 66 60 130
-150 686 50 40 165
-422 36 54 44 181
-762 453 46 35 113
-53 388 63 57 122
774 392 42 59 184
-587 679 46 56 150
246 526 40 41 176
159 525 46 63 151
352 639 52 52 142
919 135 41 62 118
688 356 64 55 129
276 368 34 40 140
635 484 52 66 196
-335 315 49 37 154
534 414 59 34 125
-582 602 45 51 106
952 434 60 39 114
609 414 53 42 147
157 412 61 57 188
710 365 36 48 168
-377 313 54 44 173
846 300 34 40 101
-681 405 35 35 115
-643 93 53 46 143
322 524 41 60 113
-301 344 61 58 129
649 694 52 61 198
383 93 66 35 151
944 337 51 62 178
-586 69 48 44 104
-832 284 35 56 130
743 94 51 55 181
-221 189 55 66 191
-130 504 35 35 138
-354 40 34 36 147
463 26 56 50 126
234 140 39 50 180
707 348 34 61 156
496 556 45 57 107
-286 553 51 41 140
-95 465 51 48 114
976 526 44 49 134
516 155 64 52 146
-457 252 51 60 140
-839 241 48 40 197
-475 510 47 40 109
-309 554 40 45 195
79 631 48 55 120
-681 404 64 55 171
-256 337 65 37 105
-57 191 59 66 109
845 734 35 66 151
770 146 48 65 161
-310 762 54 38 130
93 164 66 44 171
788 67 35 63 167
957 741 65 48 164
-904 158 47 54 197
-823 696 39 38 173
-771 327 50 61 147
-989 134 61 52 192
380 642 36 42 166
111 235 53 36 195
-211 438 51 44 127
-273 489 57 66 153
-198 183 34 46 146
-887 584 65 64 184
357 739 40 51 113
-103 132 40 53 103
368 417 56 38 172
-665 80 65 35 153
472 79 45 49 149
983 450 52 62 106
-615 567 58 40 140
-106 373 42 50 101
270 508 37 37 192
389 259 57 51 163
100 529 63 44 200
88 316 45 42 112
-796 350 51 60 174
-605 40 65 55 176
-697 266 34 38 150
-938 48 39 60 124
-497 281 49 49 107
-154 66 55 48 134
-2 457 62 53 151
-720 24 36 61 195
-60 537 42 50 169
771 32 42 48 104
-885 447 51 38 171
192 668 57 61 175
-409 682 58 46 125
870 468 58 40 122
-588 359 51 44 194
411 335 51 58 161
329 277 56 43 183
-503 676 58 44 129
405 135 55 60 127
-344 339 45 49 177
-131 321 46 44 159
860 110 65 47 111
-333 294 42 46 199
864 765 55 42 108
345 94 51 48 146
-884 362 59 50 171
940 673 37 59 126
984 309 63 34 168
147 660 51 50 157
843 746 47 64 193
-814 460 46 49 190
-968 307 57 66 132
33 450 65 53 198
-748 760 51 45 164
-671 586 43 59 121
856 461 40 52 112
-617 181 59 57 185
-953 541 49 65 113
-628 469 44 34 129
-289 287 40 52 199
625 182 34 45 182
-375 337 66 35 184
677 50 40 50 154
-380 754 48 63 188
-981 393 65 59 105
-3 232 61 36 195
338 42 65 50 152
146 462 66 54 120
-955 461 43 57 142
-77 24 56 39 154
-710 681 47 47 115
355 720 64 57 122
327 252 40 46 173
-476 463 63 63 158
-966 635 50 52 125
347 62 48 39 153
-909 537 35 40 134
-658 76 50 45 155
110 700 53 40 111
415 773 65 45 199
-942 423 34 51 110
-318 277 54 42 129
379 409 61 49 140
675 756 50 46 147
709 767 49 46 178
856 680 34 35 199
-363 158 65 55 159
-168 657 55 48 193
6 324 59 63 132
-632 763 59 44 121
690 144 58 58 128
-486 413 48 39 131
701 348 55 59 192
87 261 53 56 200
368 60 39 38 198
76 363 45 40 111
-689 290 34 47 116
-298 630 40 54 186
-500 554 58 36 171
-328 109 49 35 184
-47 125 46 35 181
-696 86 48 47 105
508 378 59 60 193
-539 258 63 35 169
-325 564 57 51 178
-910 402 38 60 197
-913 136 53 39 133
-621 625 65 65 153
528 686 52 52 171
160 425 48 60 188
-38 730 34 46 195
642 531 47 49 135
429 231 34 37 164
786 395 56 45 129
405 281 62 53 106
670 588 49 58 185
-696 468 34 35 147
-359 256 48 54 138
626 41 34 59 113
64 75 58 53 196
-85 551 44 52 188
586 358 34 59 152
491 132 59 46 127
201 166 40 52 183
-30 220 63 53 124
246 315 41 61 109
312 73 52 51 147
93 244 64 56 113
633 95 38 40 130
534 568 35 58 108
-697 21 60 66 124
-538 321 51 65 117
-367 405 62 51 174
681 539 46 49 140
318 143 57 43 149
-840 388 44 60 137
436 214 46 46 187
-537 132 63 55 168
-768 761 57 59 145
500 710 46 61 158
-846 718 50 44 187
212 731 55 45 177
-852 709 44 39 134
694 491 48 66 175
-147 121 54 58 126
900 341 54 57 198
189 441 47 47 187
-499 411 55 45 194
-770 338 65 58 149
-447 718 37 61 192
635 496 60 35 120
832 525 35 41 189
145 91 45 48 150
522 492 34 37 160
-252 230 38 42 135
-300 747 56 57 119
410 700 36 66 162
747 56 42 60 130
284 754 64 41 101
923 772 56 37 129
-909 15 46 53 158
-961 656 60 61 172
579 156 35 40 183
-549 594 59 46 199
-541 42 38 60 162
248 611 44 61 118
966 223 53 57 183
645 607 42 51 196
-442 756 43 44 135
818 104 41 47 198
-76 447 57 52 146
751 574 48 36 186
200 717 65 41 156
-712 588 64 56 191
474 0 39 52 160
-227 734 66 37 188
705 610 41 43 185
-681 128 54 50 135
488 433 47 37 160
-84 35 50 45 134
37 470 45 58 140
-165 76 37 35 121
362 600 36 45 119
-109 494 45 48 119
-471 213 36 64 177
-349 458 45 40 134
-610 588 50 51 151
714 407 34 50 135
-669 34 47 60 122
-119 703 60 48 107
666 557 43 41 148
349 566 53 66 136
342 654 55 42 128
855 173 49 35 144
-794 654 48 49 107
859 270 59 59 170
58 494 54 39 153
-945 157 53 36 184
-710 44 64 55 163
289 536 41 50 134
910 271 56 41 162
462 373 47 43 177
288 218 34 51 107
904 630 51 57 136
-127 195 40 51 180
931 598 36 37 168
-899 510 43 59 170
477 652 36 41 134
354 652 34 41 123
-415 659 62 62 102
-971 41 34 38 169
-81 161 52 35 146
832 575 55 65 116
-517 687 54 45 101
491 150 37 53 129
-701 123 52 36 115
-756 301 65 66 194
-579 546 63 64 166
652 217 50 59 172
-857 506 40 66 175
689 568 55 57 104
647 56 40 64 176
-312 611 46 42 129
-373 642 45 38 177
-491 214 46 57 116
-638 78 45 41 118
218 522 65 62 157
878 356 58 61 111
982 697 43 57 187
972 685 46 45 123
-453 175 60 42 154
-742 705 52 61 136
92 167 44 46 145
248 324 35 65 119
521 646 45 59 114
721 256 40 42 199
-311 43 65 59 116
-197 663 35 42 143
117 106 34 40 182
-692 536 45 61 176
254 166 41 58 183
-600 635 56 60 197
-453 58 36 59 117
-798 754 44 62 116
-697 464 51 47 153
136 1 52 57 137
-287 559 35 37 116
880 274 65 43 128
-350 694 48 65 128
161 30 41 35 119
821 570 60 54 142
272 158 39 41 195
175 751 52 50 103
-557 418 37 54 194
-742 123 43 55 167
-793 437 41 61 181
-162 285 52 64 155
242 116 52 47 111
-282 383 63 63 177
-610 16 60 62 132
-44 562 61 66 136
585 4 46 48 180
-276 339 51 57 178
-692 448 54 34 126
816 490 36 53 131
835 486 38 34 105
527 314 66 47 111
-293 603 44 60 149
996 430 54 40 173
13 162 43 39 160
-52 453 44 49 198
-738 770 44 48 110
859 610 54 59 194
-98 759 65 44 113
-773 31 47 51 109
250 401 37 34 193
39 115 54 62 143
858 419 61 55 132
390 152 39 43 176
-866 686 34 45 115
-735 426 53 58 175
686 451 42 62 155
-148 247 39 42 109
-972 50 38 52 127
712 350 47 55 189
501 549 54 62 200
-40 345 53 49 182
34 402 40 43 147
537 154 63 51 121
-866 722 47 45 111
-162 42 56 37 174
969 243 59 59 130
-659 478 38 52 163
-850 351 35 39 150
-806 477 61 54 105
-408 401 54 63 143
-873 107 65 50 173
-390 732 34 59 179
-451 277 47 57 108
524 447 48 45 112
-853 11 54 66 185
412 575 39 35 196
-426 67 37 46 121
582 727 60 54 189
-490 93 51 42 130
470 345 46 38 182
-186 303 43 51 109
428 545 46 51 142
-450 339 46 35 105
439 518 53 66 122
-699 395 58 43 107
-1 306 56 58 139
688 69 58 53 176
-508 75 50 60 180
340 693 52 61 104
666 96 52 36 135
169 260 53 38 148
389 493 52 64 162
-223 753 49 56 178
521 353 44 34 144
-880 165 65 46 172
-788 87 50 46 126
621 619 61 57 105
48 373 42 55 182
-963 445 59 37 118
-184 500 52 66 146
293 379 50 63 130
104 79 36 34 179
-129 657 63 56 154
364 163 56 41 184
723 512 48 65 123
1000 396 57 36 138
536 140 34 39 125
835 27 46 53 122
951 310 64 46 151
706 553 41 57 137
-145 608 37 53 131
468 602 52 48 171
-872 84 35 36 164
762 88 62 66 129
374 10 46 57 153
-160 193 56 61 112
242 487 48 49 182
-481 307 57 58 169
216 16 43 57 150
-559 251 58 52 175
597 102 41 55 160
850 665 35 43 176
335 549 43 41 154
940 222 63 61 105
410 740 41 59 147
-236 573 34 45 195
75 716 34 45 123
-372 335 44 52 127
46 433 36 56 198
704 462 38 60 198
-40 535 36 66 135
-677 302 46 55 119
586 629 57 46 121
-551 165 40 58 196
-764 106 39 37 142
-961 507 52 34 145
-935 550 39 64 168
624 282 40 63 194
-741 466 51 63 144
-663 599 65 54 134
315 43 47 57 136
-63 580 63 36 185
415 318 41 52 156
495 152 63 56 114
697 402 35 40 199
-312 746 44 35 115
993 124 53 42 161
-297 117 61 47 153
-965 258 48 41 198
-989 506 52 39 145
-474 318 50 45 106
10 331 40 52 139
875 727 63 38 168
404 229 45 60 108
-507 456 36 48 141
680 284 59 40 143
-458 423 60 53 149
-235 361 62 60 125
447 207 66 47 131
324 728 40 65 164
109 300 59 66 160
-188 439 48 58 151
-48 376 50 66 188
105 503 40 55 113
-299 229 50 58 106
-79 266 58 45 151
-480 346 44 61 166
-71 694 40 47 130
-741 654 34 38 120
277 416 59 48 156
895 233 55 55 124
-530 309 48 55 108
492 754 56 59 169
-137 248 40 49 198
-857 633 61 52 173
589 186 65 64 173
893 509 37 45 118
-731 690 36 37 137
-728 4 40 45 167
-231 103 51 64 121
396 361 44 48 134
154 567 35 52 142
-63 277 63 49 199
375 620 41 53 102
-432 773 56 51 189
553 470 39 39 200
-431 183 60 64 150
-877 654 34 46 131
941 407 34 42 129
-777 319 36 34 146
661 77 43 53 102
-295 98 37 66 159
-530 183 66 43 152
-500 440 41 44 118
484 81 58 61 123
-908 423 38 46 128
-12 198 66 39 182
919 593 55 41 102
663 582 45 56 105
386 40 48 65 131
-889 262 58 48 199
-470 549 66 49 171
550 365 57 46 140
789 564 60 45 189
-587 213 41 66 128
158 103 36 43 151
-847 497 43 52 135
-949 174 63 44 121
203 649 54 57 172
-265 337 64 62 173
392 679 66 37 197
-397 501 55 49 184
-338 309 44 52 142
345 742 52 64 112
728 462 49 38 117
-582 7 58 49 170
351 736 58 63 115
833 293 65 51 132
-251 551 43 50 193
33 108 52 38 170
-637 760 39 61 137
-547 115 52 63 177
-653 715 49 50 120
916 366 34 51 189
-503 215 66 64 190
-580 118 56 56 121
12 249 63 56 161
456 408 55 34 160
615 548 40 44 119
986 143 64 57 177
-249 382 51 55 176
-703 455 43 50 156
-760 517 51 46 173
118 672 65 50 173
480 32 51 49 168
40 677 63 37 188
974 612 52 63 147
-743 463 65 59 113
418 27 55 55 165
-9 303 44 54 121
-884 486 34 58 198
-209 735 37 53 165
949 428 35 35 192
549 175 37 41 147
598 2 53 56 198
-242 113 51 51 152
-612 577 61 50 169
965 664 44 36 180
-285 351 65 53 162
-268 421 53 34 101
35 750 35 48 135
-705 49 57 64 185
437 403 63 61 151
987 697 51 50 194
-567 283 64 40 139
-812 695 50 50 129
-227 3 35 40 137
519 334 50 57 190
356 64 58 53 183
-713 312 65 39 154
163 419 54 36 127
201 355 42 43 175
206 753 35 44 182
-126 506 41 43 136
228 707 37 62 105
297 157 38 55 173
-910 654 39 36 199
-828 438 53 64 169
-134 283 56 38 173
72 553 63 46 183
409 254 41 64 119
-293 685 45 38 195
-331 212 64 58 171
-282 520 60 52 167
449 150 37 57 164
-336 517 35 57 145
-394 358 53 60 162
681 374 56 54 118
800 558 47 45 142
-471 738 38 50 196
-300 424 51 65 177
195 413 63 62 121
816 261 41 66 129
448 469 50 56 157
-887 367 57 58 186
-161 643 39 60 110
893 580 50 46 162
461 469 42 49 184
87 587 56 58 102
-902 588 61 46 107
-490 173 61 56 171
771 605 44 51 129
-233 716 46 41 173
975 7 37 48 117
272 491 53 49 187
-476 348 39 46 176
655 59 63 55 168
455 616 39 40 187
-947 579 57 64 162
890 99 59 54 113
548 426 51 47 114
-651 97 36 56 170
-164 386 41 57 174
486 271 58 38 137
-801 685 46 35 104
-201 108 46 44 153
312 481 40 46 129
656 262 63 64 186
250 650 63 41 175
-801 597 64 47 153
-324 445 35 42 125
-478 188 64 63 145
557 436 36 44 120
776 227 49 66 181
-538 324 56 43 146
-61 685 58 61 178
-23 147 44 57 170
-635 119 53 42 121
-369 11 64 56 158
637 651 52 65 155
-78 587 65 56 140
800 440 61 34 178
566 351 42 45 190
736 647 54 63 118
321 420 66 47 149
-610 176 48 53 199
501 274 55 48 184
484 141 47 55 132
-956 125 58 40 110
-559 119 45 37 159
156 59 56 64 198
359 400 36 34 139
-487 9 43 38 122
533 621 55 37 137
431 429 41 47 154
-126 267 47 60 108
-261 537 62 48 105
-258 21 62 57 197
-414 360 53 63 139
-980 331 39 35 115
-482 745 61 45 159
723 486 55 49 173
178 531 53 52 137
498 679 51 39 121
599 186 64 38 173
524 707 64 46 134
96 113 50 65 181
235 533 53 55 194
365 575 45 56 107
-224 575 65 50 130
-723 400 41 40 141
759 478 62 35 112
-924 738 62 48 108
441 109 47 64 133
-15 254 66 52 123
589 264 63 53 183
-6 592 66 41 163
766 746 62 36 123
-332 421 50 40 156
-911 691 52 57 136
703 421 35 36 194
331 187 43 62 153
132 596 35 56 185
40 4 64 37 171
-539 560 51 42 114
-852 643 61 59 185
-171 87 35 39 181
42 394 44 66 188
-816 499 51 65 142
994 52 62 36 169
-47 726 64 39 190
196 753 42 61 166
-60 325 50 45 196
770 340 50 47 115
-114 223 50 52 174
-571 250 50 43 154
232 726 47 38 158
-483 463 41 49 154
-771 622 50 65 170
-655 373 61 65 159
-450 674 49 65 146
-542 253 52 61 173
218 180 65 40 175
-713 169 64 48 175
210 448 53 54 166
-218 361 41 64 170
-691 203 57 52 108
745 25 66 55 146
922 469 59 52 119
403 20 50 60 196
-762 513 60 63 104
927 704 35 48 184
-428 515 54 66 125
-200 442 47 43 149
-195 279 65 38 172
-14 730 61 39 121
-93 263 56 34 120
-311 335 35 47 193
278 33 51 47 178
-701 442 41 43 196
972 403 64 56 174
-167 271 60 50 103
-326 505 55 35 118
562 15 55 39 142
-543 321 50 40 109
3 739 66 62 179
-839 21 43 55 173
804 314 35 38 109
-633 108 40 48 188
-629 236 48 36 131
154 324 66 43 136
-915 62 43 45 140
967 500 46 45 145
417 599 41 61 116
422 593 60 38 183
66 62 39 56 198
996 215 42 49 138
-642 332 34 65 151
879 390 57 35 112
210 541 57 36 191
-219 747 55 62 162
568 298 43 44 108
-636 442 59 39 159
172 669 48 37 191
-139 563 37 47 158
-376 244 46 58 119
875 561 49 36 111
373 30 63 40 194
1000 622 46 45 198
580 241 66 43 162
216 216 53 56 122
570 291 36 59 178
-444 648 37 36 166
896 24 42 38 169
161 331 40 51 183
359 656 40 66 128
-196 382 56 65 138
-345 182 44 56 192
-228 742 46 40 186
-480 99 63 37 165
-301 515 60 59 126
-628 728 51 52 115
-800 405 59 48 185
646 453 44 49 141
495 122 44 42 182
827 119 65 56 160
-509 97 41 50 105
-842 180 57 37 195
187 247 64 66 123
16 80 50 42 162
95 139 65 64 102
-9 281 45 53 120
408 441 34 38 114
428 219 64 39 159
554 53 49 65 105
359 480 65 57 142
-199 184 49 61 191
653 146 49 41 123
879 751 57 58 154
-714 749 44 65 121
-649 535 39 51 187
-23 172 47 45 160
-99 102 62 48 111
-182 30 48 42 104
-282 14 56 58 189
833 37 42 54 134
-746 9 49 49 132
790 283 40 35 182
433 178 36 34 103
759 38 35 46 127
894 244 45 49 107
53 590 42 34 184
142 686 50 55 137
150 142 34 54 108
-151 150 48 50 179
-673 107 47 63 147
-879 118 58 66 184
403 207 37 34 120
-128 9 60 47 141
-165 690 52 38 187
-491 430 59 51 110
-590 222 55 51 178
143 741 56 37 192
-447 341 40 40 115
975 55 51 48 149
-222 159 40 42 142
-683 383 60 66 107
-653 506 39 35 113
-354 518 53 37 145
700 510 65 65 129
-504 61 54 53 193
521 519 50 52 118
-936 503 54 62 195
541 743 48 58 118
579 293 41 66 144
-800 179 41 43 195
768 227 41 38 108
-61 375 37 60 157
20 264 52 56 107
582 219 63 64 170
274 492 46 55 161
875 442 39 43 127
-513 516 50 59 190
-249 559 50 50 200
451 526 41 35 133
-792 120 51 62 165
-166 393 56 53 119
-733 180 34 55 113
-558 520 43 60 171
-239 182 56 55 157
-953 294 54 42 196
871 119 40 54 138
794 642 45 42 134
-889 156 55 49 159
393 332 48 64 136
444 737 47 60 167
-563 383 59 66 126
-925 365 41 60 149
584 551 43 51 177
-70 221 41 38 152
-457 738 39 65 171
909 451 66 60 121
913 136 66 47 108
-267 14 66 43 182
-117 668 49 52 142
378 289 42 50 176
-69 714 55 51 142
614 299 50 46 143
-498 107 38 36 175
586 491 39 64 152
-403 494 57 45 122
76 19 46 65 159
-524 599 39 58 162
-926 148 57 43 133
-820 380 62 61 147
-46 193 42 65 130
-656 674 57 40 113
194 688 57 38 121
972 470 35 45 106
-665 468 44 34 139
526 503 57 57 139
-980 173 64 37 130
649 374 43 59 162
-584 105 37 36 151
-825 526 63 46 160
-697 123 43 49 196
-560 32 62 37 128
-164 382 50 36 124
876 669 55 47 121
-993 301 59 56 151
-561 57 41 64 101
-238 759 54 43 102
-328 344 60 55 199
-646 174 42 44 139
384 133 48 48 118
-944 585 58 52 175
-778 750 39 51 164
267 27 37 41 183
371 329 54 48 140
-922 649 66 40 175
-417 542 57 63 190
740 1 65 60 162
-674 348 54 61 102
111 284 55 60 162
-333 111 60 58 140
853 536 36 45 184
-62 768 48 39 181
588 709 34 36 106
-737 3 63 60 114
-621 748 43 38 102
449 472 53 41 102
99 382 53 63 177
195 593 39 53 109
-28 483 38 40 168
-960 649 55 59 106
763 4 65 66 164
412 555 54 35 140
-774 630 56 64 115
-599 564 40 66 150
586 597 55 52 171
-699 38 48 34 143
-53 384 47 49 144
521 428 46 62 161
-631 561 45 43 120
692 398 42 49 166
-198 318 53 41 167
458 130 58 43 145
971 544 50 51 139
859 291 41 42 177
-696 348 39 51 147
542 194 50 60 131
528 623 35 35 156
-318 2 44 49 124
59 466 35 39 191
-180 96 35 47 175
-911 746 55 35 165
-928 212 43 53 154
-23 32 53 55 161
928 463 47 48 184
-101 591 41 44 175
514 680 55 61 184
