759
155 131 165 162 5
1000
-408 620 61 47 189
449 591 41 45 179
447 301 48 65 117
548 31 46 60 184
-857 235 62 63 175
-759 550 64 47 197
-891 204 50 49 104
-602 498 65 40 190
339 572 56 47 148
-339 454 45 65 155
782 222 55 53 158
-710 342 57 46 143
-114 418 59 40 153
766 414 34 52 110
501 278 44 66 147
910 30 65 58 134
-57 528 39 52 168
-139 15 64 39 138
429 71 35 64 110
403 293 55 58 195
403 319 55 61 183
-384 122 36 36 119
-534 445 35 58 129
-846 231 63 52 147
776 232 40 63 200
-206 522 51 50 144
-942 5 52 51 131
-407 203 43 34 122
433 333 63 45 170
890 610 41 50 126
-55 46 54 42 200
80 491 46 46 133
400 170 47 43 172
95 370 66 64 130
-233 110 47 50 114
491 480 54 60 108
-514 541 58 65 152
616 495 59 42 184
630 336 57 48 166
-115 235 62 45 166
-239 166 42 35 149
269 654 36 60 192
269 559 65 66 125
929 253 49 43 135
-481 584 55 44 186
414 566 57 66 184
653 176 66 59 110
-504 267 61 55 195
527 93 34 45 125
-841 158 40 55 132
904 630 44 51 146
533 49 66 37 157
-539 305 63 36 137
-91 43 59 57 123
806 626 37 53 155
118 325 59 46 176
-53 335 56 42 148
-104 190 37 56 123
-667 566 65 35 141
635 231 66 52 118
643 282 38 45 196
-179 659 54 49 143
344 227 64 65 186
669 377 50 53 154
-407 242 53 41 108
-56 97 49 56 109
912 51 54 59 137
87 134 62 48 128
-135 352 35 36 190
-401 626 55 36 102
664 410 34 48 183
134 153 34 53 140
374 391 53 35 153
476 143 62 51 182
500 33 39 62 163
-84 236 55 55 149
-52 625 48 45 114
-135 56 35 45 134
67 249 62 63 148
805 574 48 39 109
455 382 46 52 133
-736 640 66 44 189
-497 582 43 63 101
-475 586 34 35 129
487 507 47 64 173
-731 632 40 49 195
404 207 65 48 161
412 245 47 62 145
258 440 40 41 144
615 570 39 61 145
-933 266 38 52 160
-774 287 56 41 198
680 560 37 34 170
321 488 43 57 118
-83 537 50 37 134
777 478 36 36 189
-994 354 36 43 152
-17 638 60 52 196
-932 391 56 46 122
-622 292 48 65 200
-611 113 37 47 130
-847 650 65 36 102
96 430 46 60 195
932 20 62 39 133
-859 137 39 47 186
841 59 50 54 137
-92 119 57 47 128
667 637 50 66 179
95 132 60 45 115
-240 621 61 58 127
340 340 39 52 126
88 374 46 65 106
430 337 44 62 159
-140 537 64 35 108
-982 623 41 56 116
-499 249 59 47 131
-617 148 62 62 185
853 104 41 46 176
-834 635 35 60 103
666 27 64 36 103
939 151 52 56 123
540 546 41 54 106
217 239 40 45 180
-537 98 34 37 176
-448 366 62 63 112
382 65 55 57 146
-106 611 62 41 147
-115 595 40 34 166
890 469 46 37 197
81 656 66 49 159
952 103 54 48 173
172 274 55 61 181
-839 11 38 39 115
58 231 57 65 189
26 164 56 61 117
-356 303 62 48 174
-898 470 66 56 136
66 64 56 54 182
905 589 50 61 188
138 218 62 37 195
564 438 59 55 191
132 12 51 54 131
78 327 37 52 155
150 604 62 55 175
737 484 64 63 167
546 212 62 55 192
-528 325 63 42 111
-727 183 51 40 179
-988 504 57 46 196
-501 127 53 40 154
-384 623 43 42 198
-85 192 52 58 142
-361 148 43 48 122
-476 282 56 47 130
-268 583 61 37 148
-871 323 39 47 162
528 620 43 61 182
-612 371 63 41 168
872 646 57 44 137
497 259 34 63 176
-917 150 36 56 118
-816 494 47 37 150
847 489 35 36 161
-394 56 46 48 182
-807 646 62 36 168
682 106 57 66 122
-915 459 38 60 169
-754 579 36 47 128
238 204 48 41 180
-296 448 65 51 119
481 324 36 52 198
233 569 61 61 180
791 298 54 39 161
-106 398 50 39 168
-943 548 51 43 108
385 12 46 44 199
-996 597 58 50 187
-586 363 55 44 111
-17 209 42 53 191
-523 167 52 44 185
313 116 64 56 158
73 94 66 39 140
-755 427 54 40 141
-240 144 58 61 194
321 560 35 66 165
580 158 42 59 114
59 250 41 56 190
937 452 65 36 120
685 359 34 52 140
429 574 65 58 128
636 38 35 62 125
-214 95 49 45 120
-625 623 47 50 160
892 466 61 40 165
930 655 53 64 180
470 35 34 54 163
604 580 62 52 143
648 578 58 56 138
-970 480 47 66 108
356 500 51 66 106
-280 586 47 47 150
-431 133 59 45 105
-79 211 58 53 112
-50 609 63 57 187
737 609 56 51 169
-564 150 40 63 147
-77 576 63 59 168
-843 398 41 62 144
13 311 36 55 133
-255 580 37 38 112
-63 194 34 45 158
-67 517 54 38 134
-27 252 62 61 103
-126 552 42 56 130
509 191 62 35 136
132 439 61 60 167
935 529 38 51 187
-430 94 53 53 160
-174 134 64 56 153
304 8 57 45 116
537 519 38 39 107
128 524 49 41 197
596 655 49 34 194
315 451 41 47 166
265 271 37 40 119
-852 626 60 46 101
823 473 53 55 192
-525 309 55 48 105
735 246 35 60 108
299 379 58 37 128
212 148 41 60 101
-947 45 38 52 191
745 383 36 56 134
206 532 61 52 177
417 306 58 59 153
-887 590 63 45 158
-26 26 35 38 139
846 45 57 63 134
-900 118 58 59 135
476 581 57 65 180
-624 162 38 53 101
-366 412 54 65 102
249 37 44 58 132
-627 125 50 47 177
-125 227 41 37 107
-98 594 45 53 134
-7 570 54 35 196
137 160 57 48 160
278 44 65 46 173
-335 469 34 46 165
-547 73 40 57 184
-192 320 65 44 188
295 291 61 66 165
-400 155 61 44 111
-843 236 51 48 165
-569 587 61 47 194
-232 530 42 56 183
553 375 35 63 140
526 377 63 48 115
287 512 43 58 135
-435 455 63 64 141
61 34 61 36 101
191 360 65 36 189
148 219 58 61 150
-820 165 42 43 179
95 101 56 41 169
-216 585 35 49 132
-168 25 39 45 171
219 258 61 49 143
822 293 62 47 105
-970 220 36 38 182
-907 105 60 34 132
-763 461 46 62 112
-914 400 48 54 151
-969 444 48 41 179
63 447 40 40 123
653 289 39 43 134
-930 511 45 42 137
-903 197 41 47 112
285 464 38 53 142
860 165 45 45 146
-877 133 43 50 190
733 214 37 58 153
610 250 37 65 199
-18 411 37 57 160
-864 275 36 38 103
-320 579 37 53 177
-733 550 34 57 159
-692 123 54 36 199
94 274 36 61 123
811 309 61 56 139
-393 155 47 65 117
-504 105 47 66 107
-403 374 39 64 181
-862 439 41 36 111
-212 594 42 46 124
376 639 53 41 154
114 356 36 46 118
407 257 45 36 106
216 280 55 53 194
776 320 45 46 173
974 245 34 34 167
289 520 57 45 113
586 320 35 65 116
318 114 58 54 158
463 238 51 53 126
-189 237 62 55 170
-548 420 37 41 115
-539 619 36 39 113
-953 592 43 62 133
583 384 62 47 181
223 270 53 66 149
-173 164 55 63 196
984 644 41 34 129
679 257 34 44 154
559 636 53 65 126
862 408 52 43 139
-644 447 45 47 152
45 90 43 42 186
-799 260 34 59 122
558 148 63 59 160
-928 61 54 34 182
542 148 58 42 161
918 638 56 52 159
-480 48 52 58 115
194 76 41 66 103
-515 131 58 55 155
187 5 47 46 149
440 444 60 45 111
-823 525 43 46 137
971 529 34 50 148
-842 261 57 53 169
129 629 45 65 166
-303 270 43 61 153
340 335 48 56 118
-146 332 41 60 116
-923 56 65 58 179
195 259 66 57 119
371 175 65 36 128
65 282 61 44 185
-365 21 66 56 195
725 428 55 52 142
-723 47 50 51 146
311 307 45 55 189
354 617 44 40 136
-153 192 47 36 108
-17 383 36 58 188
157 317 61 54 175
-849 598 58 51 122
745 571 50 42 139
-295 441 47 58 129
699 331 43 42 151
-219 616 40 65 113
220 125 39 50 194
-967 226 39 41 181
-947 333 60 35 182
-774 437 61 61 184
500 567 56 65 135
788 633 63 60 166
584 629 40 52 148
554 22 46 61 145
-180 176 52 56 168
522 521 36 44 140
-638 123 36 36 118
-457 221 62 36 177
350 247 47 38 122
-690 192 61 45 187
-285 650 39 52 131
553 327 63 43 170
-389 203 37 56 166
-757 551 49 48 103
409 359 52 62 177
-110 466 48 42 171
411 303 47 58 143
-452 189 50 46 176
269 215 53 55 121
867 477 48 62 121
-784 23 38 53 145
-451 415 66 42 199
762 308 47 41 132
-505 564 66 53 193
-546 364 66 41 104
-761 262 57 55 101
637 181 42 55 110
-416 247 57 41 187
343 173 44 44 125
-24 308 58 40 115
634 616 54 56 189
-596 95 42 41 198
832 580 37 53 154
-247 345 56 56 187
971 486 45 40 155
889 496 36 37 173
268 653 63 62 125
974 410 63 65 151
-116 490 37 43 144
-300 391 49 61 185
-588 609 35 37 111
-727 201 62 58 164
-82 309 57 49 182
538 495 34 57 128
593 325 63 46 135
399 80 45 56 113
-979 574 40 64 103
-132 23 46 59 103
-554 250 62 53 153
-848 336 53 37 126
-802 633 66 38 191
-840 366 49 47 189
631 550 60 34 142
727 557 54 53 119
-245 591 54 39 149
500 251 44 46 161
-83 401 50 50 130
-189 555 60 47 187
532 259 36 36 143
391 261 37 43 198
169 239 41 61 129
-704 469 37 64 179
245 424 55 36 168
-407 231 42 39 129
-739 646 50 55 152
584 315 39 61 111
-606 291 37 46 168
-439 54 45 66 134
247 287 34 61 110
-930 403 34 62 121
-622 554 62 63 184
-871 395 48 37 168
93 22 56 41 115
776 396 64 59 160
21 618 43 53 177
116 244 54 43 177
-317 411 51 65 121
239 574 54 47 188
-251 251 52 62 112
329 283 46 63 103
-30 340 61 44 156
-147 18 48 52 180
-427 215 57 64 149
607 585 34 64 189
-674 273 64 38 161
-375 570 60 43 168
-717 622 48 42 136
-852 654 45 66 169
387 539 62 58 105
483 618 42 43 114
-402 624 62 52 157
877 606 65 36 161
-518 138 49 58 180
380 77 61 49 129
-869 455 38 37 191
907 525 34 63 185
736 401 50 34 128
922 207 61 39 157
271 581 66 43 132
271 203 53 58 182
-939 96 66 47 109
562 28 37 60 130
171 459 49 56 104
-556 26 47 49 118
-772 493 43 53 183
656 154 64 50 163
-189 293 62 61 172
-42 102 46 61 172
-94 624 66 36 158
345 577 43 34 166
-726 242 43 58 147
566 467 45 56 141
-327 285 58 46 178
-250 64 40 49 131
389 442 57 53 111
-776 399 51 35 125
-527 604 35 37 164
702 496 62 38 138
642 611 51 37 183
-61 206 48 44 200
-243 441 63 56 175
989 109 58 40 174
161 289 65 44 161
-315 370 44 37 197
800 397 58 49 183
-356 632 65 43 188
533 367 37 65 139
902 12 42 60 183
414 234 56 63 182
110 200 39 46 165
913 623 52 35 198
-548 149 57 48 190
-838 610 42 34 121
729 649 42 39 133
-68 434 66 42 130
145 4 57 46 129
-364 183 37 57 195
-8 195 56 56 113
694 169 50 59 119
990 585 56 56 110
592 419 49 39 133
-579 382 39 36 136
-561 399 59 58 125
-843 270 61 60 110
-180 138 52 47 142
808 246 63 60 130
943 369 64 51 163
402 386 56 34 152
-707 631 36 41 174
-719 445 44 35 149
873 612 55 36 157
12 502 38 51 136
408 511 47 60 125
-539 404 66 62 152
1 434 66 66 135
-337 5 51 36 190
784 322 46 53 147
-502 515 47 66 114
630 11 44 49 119
834 584 57 49 193
19 360 45 53 188
-265 199 65 41 112
401 115 38 53 108
-563 43 41 45 149
232 315 35 57 157
444 103 43 50 180
-704 197 42 47 142
914 460 53 40 122
-889 143 52 56 189
461 535 64 42 196
-490 103 47 54 197
387 113 37 61 138
-417 94 55 35 126
-330 376 52 53 110
699 15 64 54 128
-70 105 46 47 195
909 115 47 45 182
121 279 39 66 137
-669 206 60 62 195
-395 295 64 47 151
177 54 50 47 138
-614 329 43 54 108
150 251 49 48 130
107 347 54 43 180
-580 498 36 40 193
310 633 61 51 156
-50 50 64 48 111
-629 611 51 39 167
-242 503 61 34 182
-805 445 62 45 109
-82 331 39 51 171
-583 562 39 63 121
218 399 40 36 159
250 420 48 50 190
25 391 44 56 112
443 161 42 57 173
978 289 37 48 191
-286 393 57 61 186
627 330 48 36 126
572 402 54 50 102
-493 274 63 39 132
-530 233 51 55 173
-669 99 43 62 171
-757 262 36 38 134
125 235 62 43 137
113 75 60 55 160
159 157 48 49 198
-92 483 47 57 111
722 654 36 41 194
-754 348 39 38 181
-874 182 61 46 192
-157 483 49 35 109
-90 417 39 34 142
260 178 36 54 141
-869 126 51 46 151
182 392 65 61 156
742 434 51 63 175
797 46 36 36 136
189 646 41 37 140
224 276 51 50 173
-164 82 46 35 138
406 7 53 40 171
-232 320 66 52 164
958 326 35 61 182
-6 156 35 62 197
543 151 56 59 117
-391 571 44 44 163
602 171 39 36 103
534 645 44 54 158
303 587 63 49 142
-827 480 38 35 124
-919 27 35 37 132
270 203 54 51 194
173 166 35 50 190
230 292 47 36 101
927 596 66 44 187
-334 599 62 55 155
810 47 56 38 150
-830 120 59 57 171
-835 201 51 62 110
-879 470 50 50 167
615 313 40 35 126
332 604 57 49 106
-226 356 50 64 171
-990 399 56 42 189
-251 150 49 36 110
660 584 41 36 131
656 54 53 35 133
823 293 56 60 146
-882 16 52 53 102
-872 242 37 42 171
468 608 58 35 128
921 45 39 44 190
-864 59 52 56 186
-623 228 62 60 169
-460 183 43 34 200
718 375 35 52 150
720 7 41 52 107
72 228 52 58 141
-538 61 42 49 130
492 531 58 64 121
39 590 47 51 106
-843 123 65 41 163
673 643 60 37 164
262 438 65 52 155
692 62 40 51 198
-966 407 45 40 110
660 243 40 50 144
920 55 36 44 162
249 309 34 62 144
-480 262 65 48 117
-220 63 52 46 128
-755 60 57 43 137
892 538 59 59 142
291 353 49 50 169
366 428 59 62 101
955 102 61 56 106
399 241 50 47 177
-784 233 59 43 122
-170 269 45 38 137
-378 81 48 63 135
969 439 42 46 154
-548 589 52 49 200
561 35 37 61 191
910 413 58 47 165
136 495 41 54 115
371 637 62 64 190
270 486 51 54 175
990 330 59 54 125
-641 109 57 49 116
103 606 62 44 198
-17 179 52 51 132
741 283 63 36 178
460 605 48 49 184
248 123 65 41 195
214 453 42 56 166
274 48 43 51 116
-905 17 58 42 118
830 456 48 46 172
668 407 37 34 103
388 25 48 57 107
955 224 48 62 125
-374 539 37 39 190
-902 580 37 37 121
-789 54 57 38 115
-573 287 48 53 144
221 405 62 57 101
187 29 44 46 166
407 28 41 46 119
-278 49 45 57 188
44 150 58 56 121
300 436 43 41 130
-442 90 46 63 162
35 363 63 50 123
727 472 41 48 107
284 598 56 40 131
-36 502 41 54 197
549 534 50 34 170
248 333 49 42 108
-991 106 36 40 175
-480 156 45 56 179
443 161 45 39 199
177 97 47 57 141
443 545 54 39 166
-292 157 53 49 132
-765 324 51 46 177
746 61 45 39 121
-386 154 37 43 162
-629 280 40 66 109
504 555 50 59 113
-993 162 58 61 189
-556 629 37 47 177
-417 510 38 57 154
-846 156 51 59 175
-460 601 43 34 105
-750 408 53 44 186
444 104 44 56 193
758 107 38 42 177
-548 299 37 45 153
-88 501 49 45 172
-234 639 63 53 127
-807 400 44 50 160
-407 181 45 42 118
-21 291 46 36 103
267 515 54 58 177
758 235 53 44 193
953 551 62 50 144
-85 235 55 60 108
-800 516 53 65 137
-404 489 35 52 179
-318 202 42 49 177
-395 120 49 66 113
-341 658 63 55 120
90 91 65 43 196
-201 264 44 49 143
618 207 51 36 163
-10 209 42 47 119
-303 543 62 47 161
-411 503 53 50 152
-90 361 55 60 133
-522 178 47 52 189
373 383 47 54 147
386 242 53 54 158
-305 463 35 35 117
833 586 47 61 163
899 326 43 40 156
187 561 59 65 190
73 552 58 45 173
971 292 56 65 185
647 279 37 64 155
-466 456 59 42 150
361 335 45 34 180
-933 357 47 48 166
-374 69 51 51 129
-601 592 53 34 152
110 383 35 43 184
622 336 50 40 175
140 116 45 55 161
-639 245 38 62 158
471 635 35 36 101
-312 619 53 60 144
407 534 41 54 198
-438 643 47 65 115
289 203 54 53 124
634 294 51 46 107
966 274 48 43 136
302 544 41 55 124
770 101 38 50 169
-979 123 54 63 127
940 611 51 65 168
-28 251 58 52 188
-402 155 66 41 153
-398 555 44 59 181
787 410 55 66 129
658 564 50 66 167
-931 510 61 45 133
443 60 45 39 162
677 573 48 51 138
-594 196 38 65 122
715 152 41 65 180
-897 509 53 36 176
-939 543 45 64 178
-612 512 34 41 112
-255 226 36 64 125
860 271 37 51 176
404 260 51 60 115
-263 625 49 34 124
-105 536 58 46 129
-80 561 57 58 130
271 170 62 55 186
807 543 65 52 186
4 170 42 61 131
315 83 63 57 164
92 339 35 46 163
-328 128 45 55 166
-664 12 35 47 151
-885 108 42 43 196
-624 204 38 58 162
-218 356 44 61 112
5 656 63 65 141
-619 526 50 36 143
-756 263 49 54 126
892 252 63 40 110
659 567 54 35 160
-850 503 39 61 180
297 40 47 53 155
256 599 55 58 167
-651 98 37 60 130
-896 194 43 48 160
43 421 37 64 139
-884 341 57 34 120
902 475 37 50 182
95 280 50 50 128
-197 423 35 42 172
518 610 34 63 126
-888 404 40 57 113
-893 233 39 56 193
-920 6 47 44 142
268 518 37 57 171
325 625 48 39 162
-801 476 59 49 186
103 169 50 58 128
70 509 38 49 164
-567 25 37 37 126
-286 39 65 47 116
190 340 63 48 178
875 538 41 38 152
-544 350 56 38 124
802 38 49 40 116
497 107 52 43 114
680 405 43 34 146
-993 6 49 59 102
351 24 36 34 177
960 19 66 48 179
529 306 44 39 148
-736 626 60 50 109
-426 348 44 43 123
953 525 50 47 151
-143 416 56 43 104
-26 576 60 55 111
-325 363 59 53 131
-597 50 58 63 164
-710 88 53 48 184
854 17 37 42 107
-152 555 57 61 173
-926 530 47 51 132
851 627 48 37 114
-331 332 43 56 165
-497 351 41 60 200
-495 518 40 38 158
440 342 34 41 190
867 594 50 37 152
836 414 54 63 120
169 325 40 36 176
-4 170 66 41 172
856 418 45 40 141
184 253 39 50 148
22 231 36 57 110
728 247 59 53 131
116 538 36 56 187
800 83 58 57 186
490 420 49 46 197
-278 307 65 51 136
-529 292 38 51 137
872 43 57 45 116
267 620 63 58 115
669 597 51 35 160
-246 644 56 64 188
663 113 54 52 137
9 392 60 55 144
320 51 43 56 152
-421 250 34 50 122
-252 202 47 44 148
250 181 49 40 113
-61 541 44 36 139
436 467 62 54 183
-183 238 65 54 122
252 234 43 61 123
186 575 50 49 162
967 609 60 34 196
-180 325 46 37 107
322 192 50 54 194
-196 250 54 52 125
440 144 49 51 126
729 1 66 61 128
797 513 36 60 158
-915 591 63 36 182
-615 646 63 60 113
348 543 44 36 135
427 362 58 52 101
595 73 58 39 118
360 188 35 63 166
226 468 55 49 127
995 658 47 38 110
-804 210 62 65 116
126 502 66 60 106
674 140 66 48 112
176 20 66 59 197
280 497 64 38 134
817 632 55 60 193
-856 515 35 65 151
831 454 55 54 179
-628 419 34 65 168
982 149 55 42 116
-180 453 64 48 156
-87 225 39 42 158
561 324 57 50 128
-160 593 46 66 195
-367 443 61 47 120
-183 177 51 52 175
932 441 38 57 187
742 241 47 38 187
337 147 44 58 189
867 156 42 48 156
-383 344 60 47 194
596 95 56 35 107
-802 0 42 64 161
-90 262 48 49 144
907 192 53 41 193
-947 594 47 62 130
-441 259 54 65 195
-937 476 57 50 193
627 111 36 65 162
680 159 48 49 174
-600 511 47 56 103
-609 539 49 62 150
-554 537 64 51 127
-968 493 66 56 140
-561 508 47 63 149
412 581 65 63 131
154 219 66 62 164
-373 158 62 38 161
849 552 63 62 184
906 483 61 34 150
53 221 64 49 135
-917 498 38 42 128
250 430 34 66 105
-159 378 37 47 171
-603 425 54 46 151
622 286 53 66 153
921 57 50 65 150
832 591 60 65 120
450 366 42 38 149
-379 59 42 47 154
725 188 37 41 194
566 267 43 59 182
-318 274 59 55 155
779 326 56 59 105
25 16 57 52 183
768 248 53 52 193
-554 636 37 42 186
-898 488 65 63 115
-937 283 41 41 107
755 38 40 60 192
-629 417 40 36 193
501 119 56 66 104
354 544 37 63 161
761 245 40 47 128
943 629 65 41 160
229 543 49 62 164
-952 489 36 40 131
962 635 65 65 131
-869 329 35 54 132
868 135 41 35 190
283 176 57 44 153
394 575 55 66 124
-531 393 34 46 151
-463 499 40 58 103
-414 362 38 50 156
-17 641 61 41 116
590 425 43 53 108
260 431 55 40 119
838 597 50 39 149
15 182 51 57 184
705 117 47 45 191
-738 59 65 43 136
-61 518 65 53 167
403 504 60 36 130
68 314 47 62 143
424 122 44 59 127
-228 32 56 42 175
639 207 62 44 130
-208 388 34 39 197
-758 354 50 65 153
241 588 65 35 187
-139 526 59 64 104
559 95 34 66 137
-633 313 52 35 135
827 494 39 65 158
76 121 52 52 165
683 9 58 52 153
-900 209 58 63 150
-589 408 61 40 166
525 116 43 54 103
-173 565 40 44 125
-778 358 56 51 146
195 221 47 64 141
-663 598 62 57 174
-691 86 39 43 126
-562 310 53 37 189
-528 605 64 55 102
-216 293 64 44 169
-646 583 55 61 148
183 523 51 46 200
-749 545 34 36 113
579 272 40 46 194
393 544 57 58 183
-425 273 45 44 150
-128 331 63 53 198
-352 531 63 54 142
476 466 61 45 182
-848 98 34 48 118
121 285 64 54 145
740 654 35 49 113
-330 291 38 51 161
-258 298 43 42 160
-411 594 56 60 159
-539 598 52 57 146
-800 89 64 56 181
-470 320 39 47 187
480 81 62 48 169
82 219 61 42 196
-958 646 54 53 148
