614
325 99 91 77 5
1000
549 43 42 55 44
502 256 49 56 41
534 268 54 59 54
675 10 49 56 70
631 350 49 51 69
661 252 57 58 76
681 55 56 54 60
525 147 53 49 60
626 89 42 44 66
514 81 56 42 50
541 162 49 49 41
650 421 60 57 45
603 330 60 49 43
510 308 58 52 44
672 31 60 45 54
636 103 43 49 42
511 174 49 48 78
685 512 48 57 80
533 478 53 60 74
613 448 43 52 76
616 371 52 44 64
636 39 41 60 55
635 401 57 47 79
665 23 51 50 71
640 271 55 42 45
519 181 47 42 52
604 259 56 42 46
502 314 53 45 61
578 381 49 44 65
644 40 42 54 51
517 99 51 48 53
579 68 45 45 69
587 202 52 58 65
574 149 59 44 59
632 455 57 50 61
600 180 44 41 70
543 3 44 55 45
598 400 43 42 49
571 343 48 47 65
502 5 42 44 43
629 394 47 56 53
670 511 45 46 66
548 197 49 49 64
667 320 45 54 60
581 167 54 55 67
546 347 45 42 44
588 510 45 58 45
520 251 58 50 63
537 119 45 43 71
554 347 53 54 74
521 452 44 41 53
501 455 45 57 65
646 95 52 52 46
550 20 55 60 74
692 421 48 52 54
532 7 53 42 52
700 121 46 55 60
565 393 53 58 76
609 420 51 56 47
572 7 57 57 62
606 19 49 55 58
579 91 57 55 58
529 125 49 58 43
579 146 50 55 51
610 390 56 47 42
525 54 47 47 62
611 197 48 41 80
530 381 58 47 49
632 33 45 52 70
512 233 50 48 52
612 496 46 48 53
516 170 54 51 78
660 105 41 54 55
545 4 59 57 76
661 232 47 58 74
517 221 49 46 47
557 408 42 57 49
502 477 53 43 67
629 482 58 60 79
676 199 46 57 56
500 135 47 42 61
619 205 46 56 48
551 374 57 56 71
695 496 44 42 67
622 211 55 51 71
669 232 51 41 70
600 133 51 52 70
506 197 52 56 54
601 124 55 47 54
530 46 56 59 58
528 427 44 58 61
699 167 50 54 61
629 129 47 47 43
638 341 47 53 42
565 297 45 42 80
505 229 53 60 64
692 298 57 52 49
638 256 55 53 79
593 64 43 57 77
594 410 55 51 50
574 457 44 54 52
613 278 56 45 49
614 36 43 59 78
524 84 57 41 64
699 194 47 58 61
615 206 57 46 53
623 283 45 48 73
627 273 45 48 42
597 328 42 44 66
509 428 50 42 54
533 406 49 52 67
513 26 41 41 49
600 364 43 55 51
577 392 57 60 69
635 223 47 57 75
536 379 51 50 61
527 291 51 50 55
597 114 45 45 77
689 140 54 46 67
645 85 60 56 73
526 410 59 52 54
661 221 50 55 48
616 86 56 58 43
641 13 45 47 53
605 407 58 55 80
686 204 48 43 71
661 83 49 55 63
612 126 54 55 80
611 482 41 42 67
586 297 58 42 42
535 125 54 44 47
605 443 54 52 55
528 504 41 54 59
573 390 58 54 76
672 166 50 50 53
524 487 60 52 46
693 280 46 53 51
521 40 44 42 49
572 259 55 47 58
615 260 60 49 73
562 315 53 58 72
511 320 52 57 71
644 86 44 58 66
630 55 49 46 63
562 20 44 55 54
552 430 54 44 54
507 177 43 60 47
618 57 59 57 61
549 265 58 56 66
507 402 60 50 45
644 210 42 47 42
576 417 45 43 74
513 178 54 45 79
659 128 59 49 50
638 394 46 53 77
639 202 54 52 52
513 233 53 52 61
525 75 44 42 53
603 92 55 59 52
623 144 50 58 45
507 210 48 58 52
590 159 45 43 58
620 514 41 52 74
621 79 48 55 43
666 514 60 43 64
639 407 56 42 57
689 418 56 57 41
568 474 45 43 43
505 424 53 49 61
529 282 55 59 68
627 359 59 44 42
650 265 60 52 64
632 145 42 46 66
682 38 59 54 67
642 106 46 46 59
699 247 41 44 54
543 465 43 42 65
549 13 48 46 71
616 41 41 53 70
551 62 48 44 77
663 54 53 45 45
580 99 50 42 41
599 196 46 42 55
617 419 56 59 76
593 227 43 53 54
620 325 54 45 78
573 408 56 44 47
524 177 53 46 60
514 28 42 53 47
636 337 42 58 57
506 65 47 55 60
672 7 51 56 77
650 451 43 46 56
540 236 47 47 44
623 433 59 52 74
675 405 52 51 57
635 82 41 50 62
510 157 54 55 77
562 426 60 42 60
580 128 42 49 51
677 104 41 42 54
512 486 51 48 57
578 272 51 50 51
676 396 58 58 51
699 356 51 57 57
594 431 51 42 55
540 472 55 43 47
665 82 49 58 49
559 237 59 56 42
666 393 47 49 43
591 84 41 49 53
618 357 57 55 75
524 441 53 50 51
584 465 46 45 61
503 188 50 44 53
650 323 56 45 76
649 126 47 45 63
523 448 55 60 61
583 103 60 42 61
632 233 41 41 58
512 203 47 54 41
667 19 56 59 46
552 369 43 42 67
509 20 47 53 68
670 188 49 55 66
688 144 52 47 76
635 507 41 48 75
608 310 55 57 63
559 362 44 42 49
578 332 56 50 42
573 452 42 43 66
656 503 58 52 67
663 84 50 46 51
590 46 51 41 60
624 229 57 44 42
648 5 53 50 78
662 450 54 54 50
644 272 47 57 54
595 52 60 45 77
627 78 41 46 68
598 417 53 49 59
651 276 44 42 55
607 51 42 55 78
636 228 51 53 73
640 58 49 43 57
627 6 55 41 77
609 178 59 57 73
589 182 53 41 69
576 365 57 58 54
684 447 55 41 46
584 405 47 59 43
562 202 43 52 42
618 455 46 44 71
655 404 60 53 48
610 181 45 49 60
516 369 45 57 69
670 287 51 60 55
645 461 49 41 77
514 33 59 41 74
671 45 53 53 63
618 361 53 60 61
544 135 54 55 46
636 81 54 52 56
551 343 45 55 78
644 130 43 60 80
655 215 59 55 75
559 417 54 44 44
547 236 51 41 45
604 163 45 49 50
563 509 53 54 44
580 118 52 54 79
624 458 58 47 43
606 438 48 49 41
619 218 42 56 79
660 355 49 43 54
659 480 42 51 44
594 57 52 50 65
553 273 54 44 78
628 21 52 44 62
666 480 55 44 67
612 197 42 54 70
503 276 57 52 43
693 482 41 47 45
646 188 58 60 73
659 190 50 50 78
684 243 48 43 43
682 232 52 44 68
572 96 49 48 76
682 208 41 47 67
653 320 57 51 52
698 265 56 49 65
627 306 50 54 46
648 434 48 59 79
549 172 52 58 76
607 299 44 50 73
608 453 43 46 64
560 188 48 44 73
562 416 60 52 80
557 261 53 58 51
544 407 57 55 59
507 90 51 59 77
640 455 51 46 53
628 251 55 56 65
657 180 42 45 68
649 241 49 44 64
569 73 49 43 46
681 257 46 53 65
533 377 57 60 56
559 506 48 58 65
552 323 59 51 50
557 87 57 47 56
639 489 46 44 67
563 61 41 46 76
605 430 45 46 73
571 343 46 54 79
574 161 47 56 49
591 193 55 49 41
528 101 50 50 43
584 408 52 54 70
678 19 55 50 78
559 79 58 59 42
519 298 57 52 77
685 13 46 42 61
524 223 45 56 72
646 263 45 59 58
675 135 53 47 56
554 484 41 41 42
678 98 48 41 62
609 155 50 49 42
698 342 53 43 79
605 283 41 52 69
548 150 50 43 45
501 80 52 56 45
586 339 42 58 53
526 398 46 56 64
512 60 47 52 64
517 99 47 53 52
600 311 58 51 41
585 121 49 57 75
596 341 45 41 41
614 370 55 56 68
565 30 55 50 47
629 503 43 55 77
686 132 42 42 80
552 258 43 50 76
638 238 44 42 52
588 92 41 56 69
515 129 42 49 78
562 39 48 56 68
544 207 51 58 52
589 467 54 60 55
543 216 47 43 62
670 88 47 52 56
512 232 60 45 51
633 185 43 47 58
670 430 47 52 41
678 437 53 45 50
656 347 51 53 71
571 59 48 57 63
665 439 57 47 76
627 308 57 45 62
651 436 43 41 54
685 408 41 51 53
504 501 43 41 72
613 501 51 50 80
553 16 46 51 57
696 386 60 49 56
571 500 52 60 77
638 19 59 42 56
587 499 48 57 60
587 111 46 59 72
629 244 46 45 75
639 247 43 54 71
559 375 44 45 56
678 329 60 43 46
515 296 56 47 55
566 425 47 42 74
531 376 57 60 71
542 322 43 42 59
508 466 43 42 78
676 469 43 43 59
625 148 59 51 51
659 81 53 50 42
527 485 45 43 73
566 102 43 49 48
525 110 59 41 67
627 316 56 56 68
573 35 43 46 45
595 493 42 44 60
522 13 45 57 67
671 308 46 53 43
683 419 48 54 45
582 119 52 54 58
531 70 41 48 55
505 232 46 52 78
627 212 44 46 46
681 313 54 43 73
699 316 51 52 59
657 333 53 44 68
678 50 45 45 54
582 324 44 49 58
596 112 60 43 58
612 241 60 56 77
699 279 47 45 66
519 146 55 59 44
543 324 50 59 73
681 266 42 45 42
560 100 46 49 75
676 478 58 50 57
630 278 57 52 47
648 408 56 46 53
631 148 53 48 76
548 255 47 51 51
620 32 58 49 43
594 354 53 47 76
634 418 54 58 66
559 204 54 59 47
556 161 49 48 65
510 77 57 45 48
689 155 58 41 80
660 287 49 45 51
700 268 42 51 74
516 442 45 46 42
572 315 43 45 69
551 70 56 45 42
589 444 51 47 79
679 22 56 54 62
631 449 57 42 44
686 369 60 59 60
551 72 41 51 73
692 494 41 57 64
535 178 58 59 72
592 340 47 60 68
524 377 49 60 56
570 396 56 54 76
506 99 45 44 58
684 362 47 52 41
555 201 59 58 78
565 182 53 42 67
593 360 46 57 64
596 56 55 41 63
697 200 59 59 63
570 5 52 50 79
655 490 56 58 68
528 37 60 59 71
672 78 44 55 80
524 37 51 52 56
565 97 45 60 45
673 340 45 47 41
500 412 54 46 72
588 417 41 42 56
682 482 60 50 61
521 505 42 47 43
633 400 59 51 79
523 404 47 60 73
685 288 41 44 72
501 44 44 46 50
566 66 54 42 65
552 510 43 53 56
543 148 49 60 54
593 390 45 45 70
627 317 48 46 62
542 110 41 59 73
664 375 47 46 46
639 85 52 41 66
566 90 56 49 50
576 206 54 51 58
528 93 56 47 71
541 25 46 60 58
634 102 42 56 68
544 145 43 57 45
567 399 55 44 75
579 368 55 53 62
578 87 48 47 44
543 446 46 49 45
526 150 54 49 73
605 221 42 56 43
650 461 53 58 70
503 322 41 45 51
542 187 46 57 79
600 91 60 43 66
607 76 43 60 45
543 507 42 51 49
593 337 57 44 74
603 307 58 50 64
673 337 44 52 54
514 177 47 46 76
680 503 46 51 43
515 196 45 50 69
613 498 49 50 58
633 4 42 57 55
674 484 56 41 64
501 72 57 41 58
643 198 52 59 46
590 77 43 47 43
635 437 45 46 60
557 222 46 41 66
503 242 56 52 59
687 129 50 42 67
660 346 51 42 60
661 225 58 44 57
524 347 47 46 45
657 498 58 43 45
686 290 57 48 55
646 504 42 49 59
623 250 46 59 66
626 234 44 59 68
670 465 53 57 56
525 333 45 53 76
512 282 49 50 65
655 425 45 45 72
512 172 49 41 67
635 175 58 44 69
658 496 47 48 44
524 151 46 45 64
673 418 44 59 42
593 55 47 55 79
642 162 45 47 59
684 191 42 41 46
631 406 50 42 58
568 298 50 47 49
630 240 41 45 45
513 302 42 54 65
505 35 52 44 54
514 405 48 52 68
577 271 53 46 46
543 337 50 53 65
570 453 42 60 55
615 221 49 60 54
585 9 45 52 80
581 244 52 59 76
545 330 51 48 71
596 268 58 43 52
558 508 57 59 79
598 201 41 56 78
649 185 45 55 57
543 365 51 56 65
661 123 52 56 61
684 380 56 45 62
534 154 54 53 54
602 437 53 51 76
516 481 52 55 61
675 252 47 49 52
689 208 54 56 62
616 79 56 54 79
599 292 54 57 48
597 297 42 55 55
667 98 45 53 72
547 381 50 57 51
501 261 50 60 66
668 327 47 52 68
654 296 53 41 48
542 268 52 57 48
631 417 57 49 80
542 505 47 56 73
599 284 43 46 60
566 425 50 57 80
692 50 50 45 64
640 115 51 48 72
665 500 56 42 59
646 1 54 42 67
666 73 56 53 44
500 128 43 55 63
625 2 44 41 42
649 210 50 53 62
669 351 50 53 45
658 44 45 51 61
521 62 49 52 60
647 371 58 59 70
540 219 43 60 48
681 230 47 49 56
605 255 60 57 69
632 480 54 52 57
504 110 57 56 63
527 139 57 45 51
572 160 49 59 67
684 453 53 41 44
502 422 41 48 62
517 27 41 56 75
571 497 42 55 73
586 424 52 56 48
657 425 43 59 55
577 60 58 60 57
686 99 60 48 49
501 32 42 50 46
625 414 41 50 77
655 400 41 56 75
521 371 54 50 78
516 198 55 45 43
683 283 41 46 58
513 280 56 57 51
527 194 46 53 50
533 56 41 59 45
645 194 48 56 77
646 252 60 48 50
510 425 45 58 42
685 293 46 47 44
636 242 52 46 50
531 104 60 53 54
528 220 51 58 76
537 478 57 43 68
628 442 58 46 55
674 70 52 45 70
607 23 52 58 58
508 164 56 43 47
687 171 54 54 73
654 455 53 52 71
553 208 55 48 70
660 255 42 45 56
676 45 44 55 65
613 140 49 51 73
640 329 41 56 50
668 133 47 41 75
660 217 48 47 47
530 382 43 45 66
546 17 46 60 74
500 66 41 53 73
568 406 42 59 80
633 50 51 53 50
526 442 60 53 55
500 278 43 55 64
553 285 44 46 70
579 63 48 44 63
639 182 48 49 58
548 334 41 51 72
608 217 49 52 76
677 267 51 60 63
572 192 55 51 76
536 256 58 48 56
557 464 52 59 45
604 162 48 42 68
681 124 45 43 46
675 39 49 50 72
665 143 42 42 80
625 41 41 60 77
619 507 58 48 57
534 167 51 45 48
598 382 49 45 73
568 432 54 51 47
652 87 59 44 60
687 29 43 54 55
502 121 45 53 55
648 374 44 49 75
660 285 59 57 45
693 18 41 44 55
548 188 53 54 44
508 447 55 55 66
689 173 47 55 62
603 309 60 53 44
546 203 55 59 63
687 157 55 46 44
667 428 54 50 61
651 14 46 47 51
515 121 48 41 74
520 176 47 52 55
535 222 42 59 71
582 424 58 42 79
672 458 44 41 48
662 141 47 50 44
564 433 45 43 58
653 140 58 45 64
512 401 50 51 63
503 148 53 45 59
521 440 57 58 45
589 200 60 57 78
624 207 41 57 69
630 409 56 57 55
643 327 41 42 78
536 213 55 48 74
662 419 55 53 42
671 292 57 46 69
629 406 56 47 56
634 107 55 59 68
539 501 55 46 41
537 217 55 47 55
577 458 43 49 47
590 429 60 52 48
689 16 57 58 68
697 200 49 41 54
535 408 47 46 49
532 120 48 60 50
615 97 53 49 75
662 387 43 45 76
566 324 56 42 74
624 213 60 50 49
509 294 50 43 65
608 15 58 46 48
656 232 57 45 52
653 150 46 55 48
631 439 41 51 67
546 363 58 50 59
506 253 57 54 57
541 55 54 49 56
589 357 51 56 69
519 15 53 47 48
550 26 50 50 54
526 379 58 44 49
543 62 46 54 67
642 500 42 51 66
525 346 42 57 69
631 370 44 60 57
565 160 60 58 64
600 358 53 48 70
545 475 44 42 47
575 464 46 46 60
529 312 47 47 78
543 398 54 50 63
548 364 46 58 60
640 72 50 57 50
650 395 54 60 50
506 103 45 52 57
665 282 50 49 72
686 18 48 56 64
570 72 47 50 75
567 376 60 54 46
508 416 49 52 75
697 349 41 59 77
560 417 48 47 47
569 446 52 46 45
511 6 59 56 61
638 151 50 48 77
555 194 47 47 50
557 93 46 60 74
555 355 52 49 69
562 137 54 48 74
509 37 44 60 44
608 48 46 48 47
625 433 49 45 52
661 116 42 51 47
599 280 50 49 53
622 418 55 51 64
531 152 57 56 58
638 308 58 52 55
647 400 56 43 79
597 128 50 46 45
685 342 43 47 52
623 261 49 45 67
680 276 59 46 80
525 424 53 52 41
531 437 60 56 48
515 412 41 51 42
632 97 42 55 51
642 349 47 51 64
569 179 60 44 46
681 13 45 43 41
640 251 49 60 65
680 80 53 51 78
589 23 42 53 45
565 437 42 43 67
635 374 51 55 65
677 310 45 51 75
579 66 58 41 47
536 244 52 47 43
597 228 42 60 49
632 52 48 44 43
634 89 57 44 65
646 156 54 51 68
571 286 52 52 55
543 19 47 51 75
535 33 48 42 67
607 49 53 53 66
655 105 60 54 64
592 503 54 50 78
677 129 53 55 64
594 264 58 60 74
700 157 47 53 76
511 338 48 52 46
630 280 55 47 75
586 24 55 50 45
556 455 59 42 76
523 299 43 59 63
609 254 52 60 78
574 480 59 55 59
578 368 59 49 57
527 85 52 47 78
513 119 49 48 72
562 416 43 43 67
593 55 48 50 74
519 219 48 57 48
645 385 55 53 50
520 416 45 53 55
654 482 47 53 73
602 288 45 54 61
554 443 49 58 77
510 489 60 50 45
687 173 50 46 59
632 181 52 46 52
694 106 50 46 67
583 444 58 45 73
529 186 46 52 50
663 422 56 45 80
507 210 57 49 72
550 395 50 48 47
654 98 57 58 48
607 289 48 49 73
607 301 55 52 53
519 365 58 57 69
677 439 45 48 49
668 340 56 41 54
647 369 57 55 57
689 361 49 47 53
544 223 41 60 69
694 444 57 46 63
653 490 43 45 44
611 451 46 41 49
688 498 43 52 65
541 499 55 60 80
527 5 54 59 57
541 80 57 57 72
671 476 51 60 66
552 264 55 41 64
687 489 47 51 55
571 66 43 45 62
553 171 52 57 61
533 286 49 54 56
585 303 48 53 76
656 493 53 43 80
551 24 56 50 61
533 221 49 47 80
593 171 52 60 46
631 389 42 47 69
504 431 58 44 41
666 130 42 49 52
634 221 42 45 70
529 500 54 59 66
531 180 48 44 48
624 362 42 47 44
594 379 47 56 59
634 388 43 58 60
622 154 46 52 76
578 123 48 58 73
678 281 58 41 41
607 222 51 45 57
620 117 60 42 73
572 208 51 41 44
514 141 45 48 45
610 139 60 56 65
512 197 47 53 80
667 100 48 54 74
691 345 46 58 69
549 396 59 49 61
643 344 47 55 60
511 38 43 50 74
509 475 55 43 48
596 251 44 48 75
684 317 49 53 64
602 180 60 60 80
667 71 59 56 70
548 109 48 59 49
663 374 56 54 58
600 323 45 54 58
606 416 54 41 77
686 500 50 60 45
674 415 47 55 72
546 509 44 45 48
521 197 49 56 66
588 123 52 53 78
532 465 41 48 69
598 142 49 59 74
669 42 60 58 56
516 377 53 55 44
601 33 58 48 72
662 476 43 54 58
537 438 49 59 56
523 359 52 52 59
641 370 41 51 65
597 445 41 44 65
565 39 53 53 68
613 223 44 52 61
562 185 55 44 49
635 391 52 52 79
597 458 41 50 65
517 185 43 59 46
579 443 55 46 61
597 419 52 48 66
510 206 46 54 49
540 114 57 49 50
576 471 60 51 70
584 102 58 60 72
614 371 43 57 74
515 79 49 46 58
659 279 52 45 55
630 16 42 54 48
644 78 54 58 46
534 144 46 52 44
688 57 51 58 51
631 49 46 51 67
579 512 53 49 71
525 152 53 56 48
686 133 57 59 43
579 225 52 59 41
672 33 43 55 54
632 206 53 45 48
552 483 41 53 57
509 290 50 47 78
673 459 58 59 57
593 400 45 52 72
700 166 50 47 52
510 21 54 48 44
601 25 44 51 78
632 450 45 54 43
634 397 59 48 80
593 221 54 58 67
569 304 51 45 65
579 478 58 55 55
600 308 44 49 48
647 413 57 47 68
684 23 58 60 53
694 6 48 45 47
695 107 60 49 59
556 425 44 42 60
644 431 42 58 74
500 428 58 56 63
651 359 51 44 80
593 119 57 41 77
610 362 49 46 67
557 491 55 52 62
626 148 44 49 47
608 234 45 51 62
567 23 58 56 50
664 485 60 42 68
588 235 59 44 53
525 357 58 51 43
505 438 59 50 66
582 33 45 48 68
643 250 58 59 51
604 208 47 50 48
676 179 57 43 48
527 211 53 49 43
541 346 51 42 68
610 417 51 43 80
607 327 42 47 56
585 246 53 45 63
500 260 47 43 49
616 174 58 54 43
654 364 48 41 47
693 180 42 45 51
636 147 44 49 42
632 227 44 47 76
618 169 57 52 66
562 420 50 55 47
594 65 56 60 75
622 469 57 57 41
589 470 46 49 74
533 221 46 57 54
598 404 46 45 56
688 114 57 59 76
569 337 46 42 49
571 280 51 51 56
524 400 44 44 79
602 235 60 58 64
638 319 45 41 54
621 210 46 48 46
652 144 60 55 56
523 391 42 53 46
634 473 58 45 48
686 194 58 58 60
645 513 50 58 43
644 135 45 54 45
550 10 50 50 74
695 164 60 43 42
700 395 50 53 78
589 254 45 55 49
633 482 58 48 68
619 132 47 41 51
630 478 47 51 72
587 367 60 46 67
506 365 53 56 41
533 88 47 60 79
577 328 54 60 55
672 199 51 45 55
675 3 51 58 74
672 217 56 47 69
673 472 54 55 74
695 30 53 46 59
672 258 50 52 78
552 304 47 45 65
520 156 43 43 77
685 484 52 54 59
548 26 55 42 76
672 72 47 54 68
696 485 41 58 78
692 170 47 56 43
633 413 44 48 55
600 174 55 50 42
602 342 59 60 56
624 400 41 42 69
594 204 42 52 76
533 448 45 42 61
511 340 58 54 43
567 153 44 49 57
647 386 53 51 51
533 362 44 42 63
646 75 54 51 69
573 224 49 43 59
677 305 53 42 47
655 17 55 43 69
611 500 47 41 50
578 378 41 59 46
514 473 56 44 43
