898
586 172 135 168 10
1000
276 797 49 55 164
310 351 51 62 157
488 573 39 54 195
382 724 60 46 188
-847 23 53 46 194
31 183 46 57 143
163 403 50 44 163
-798 245 52 38 167
985 108 58 65 170
153 212 40 41 125
-409 39 34 36 110
935 786 36 48 137
665 31 62 61 163
-306 708 43 64 194
161 416 35 57 180
-957 786 43 46 140
428 537 44 47 169
127 132 49 55 104
-720 683 60 47 154
115 694 62 57 106
-515 586 57 61 163
165 542 63 43 156
-56 160 44 36 132
-599 414 58 42 118
267 264 41 51 181
-424 184 64 52 117
745 179 41 42 110
388 441 45 40 169
907 452 62 60 162
-602 627 55 39 108
482 57 55 45 121
-556 748 49 51 140
-1000 465 35 54 163
-756 406 55 45 168
516 677 54 35 106
997 10 55 62 114
-481 308 53 63 163
-268 127 37 55 159
657 22 37 60 102
-812 337 56 54 150
781 695 57 57 183
900 649 38 56 120
-987 792 49 36 177
744 443 50 40 192
606 318 34 65 135
-249 418 38 58 164
742 304 51 47 172
-533 505 36 34 163
-482 537 52 60 127
-474 780 61 66 121
708 432 36 56 130
-940 151 65 54 147
72 586 40 52 148
154 449 66 38 190
393 592 55 46 139
-786 708 44 36 170
2 651 42 35 187
964 272 36 37 102
-249 109 63 34 104
-357 368 52 46 200
887 253 60 42 200
-503 624 41 35 183
-431 706 57 44 116
-284 169 39 36 141
-700 179 61 36 108
740 311 40 36 115
-528 549 44 39 120
121 190 36 53 174
-10 449 45 62 165
-547 42 48 58 159
-376 65 61 43 178
908 680 53 61 113
724 76 62 53 127
-550 441 34 40 152
21 69 54 50 167
-181 327 46 36 155
-538 455 65 47 116
-712 394 42 64 115
624 580 55 50 126
-185 165 46 45 183
798 280 39 41 137
-434 654 63 58 164
-312 131 52 57 150
546 755 57 63 145
-992 624 48 44 163
196 791 59 56 126
-720 241 59 38 189
-532 600 52 46 175
627 574 45 55 102
572 596 55 62 174
933 472 56 43 104
-15 597 44 42 153
-993 184 65 59 137
994 683 38 55 131
-20 467 39 48 158
330 5 64 50 185
234 548 38 34 199
-689 11 45 35 167
291 608 66 34 164
-178 155 53 37 190
-346 593 49 39 183
-610 536 45 43 112
-528 543 35 61 179
665 3 59 54 147
-675 450 47 58 142
-450 365 42 55 149
484 753 49 41 109
621 609 59 63 186
782 46 44 35 146
-229 527 52 65 199
-985 403 59 40 166
291 253 44 37 167
408 75 41 52 123
447 207 48 37 104
301 13 59 40 167
489 669 48 41 112
882 407 58 44 169
65 37 56 57 185
192 188 44 40 134
826 367 39 59 191
-574 500 54 49 154
361 524 64 35 181
-970 570 34 64 176
-519 583 44 41 172
31 6 37 44 118
-627 679 34 63 157
661 32 55 48 149
624 62 56 37 103
-294 133 55 50 169
-590 649 51 55 114
-902 217 44 39 142
-928 224 39 37 137
758 547 57 63 110
677 631 46 58 125
-417 371 40 55 156
603 473 66 53 124
813 317 42 35 124
-11 526 42 49 163
-716 33 56 39 198
941 581 62 34 122
127 618 51 37 194
-217 246 45 43 117
-178 766 60 44 104
-701 285 46 53 161
-579 232 36 40 180
-300 282 36 34 163
589 740 35 57 128
-906 559 65 62 116
-119 394 51 62 198
857 362 63 56 170
586 786 48 66 109
449 493 59 56 152
359 768 65 66 115
21 739 54 47 199
-261 230 56 59 102
130 774 40 55 109
-562 179 41 56 194
-652 506 48 63 132
-945 269 61 37 139
-30 638 57 45 104
885 518 44 62 156
360 544 58 37 117
-756 270 66 39 126
41 428 40 65 127
-351 340 55 50 117
-257 226 58 58 143
-387 323 44 51 170
63 612 38 50 126
-258 132 60 50 181
-840 175 42 57 190
-17 219 51 53 170
940 490 62 53 117
439 310 50 57 156
-922 721 59 49 121
841 787 47 50 135
22 688 41 55 119
-321 426 65 43 154
643 31 59 45 104
187 49 52 54 149
-475 80 37 63 101
17 616 59 63 113
-474 326 40 54 137
12 22 42 38 167
-586 363 44 57 167
-332 444 53 51 185
-869 449 63 54 188
-441 767 55 48 198
-996 262 64 50 168
78 283 40 57 142
695 509 47 61 149
-806 582 42 40 161
373 392 62 36 188
413 165 38 41 105
741 769 52 49 136
597 318 45 47 121
-30 643 65 34 149
-532 97 44 49 161
112 686 59 55 125
486 27 46 42 169
-970 518 43 45 147
826 461 54 57 113
-756 470 56 40 165
-604 235 41 52 125
-70 52 40 65 161
-138 225 34 37 107
877 24 53 58 101
-96 301 53 43 161
-81 637 57 61 161
241 585 55 42 136
-933 104 39 54 158
894 4 38 48 170
-854 2 61 47 147
131 668 60 38 142
773 635 61 50 183
-224 282 35 48 200
-278 705 56 52 111
-429 290 52 57 188
210 201 38 64 115
-402 336 41 45 138
-678 159 34 45 133
-503 570 66 34 121
319 329 34 47 146
-706 502 40 40 130
-248 529 66 52 143
988 479 44 63 113
931 662 43 38 171
-41 529 37 60 106
237 32 44 53 129
-654 363 49 63 121
345 754 60 59 119
-72 42 48 65 145
451 734 51 48 196
987 750 53 53 160
771 283 42 62 166
923 5 58 42 116
-974 153 50 46 165
-251 608 60 50 155
-111 552 53 58 180
-836 665 42 43 120
853 262 55 47 160
-278 341 51 65 138
320 341 51 38 102
-318 519 66 55 196
-264 755 46 49 183
-850 765 45 47 198
-286 89 34 65 103
-489 296 38 66 128
-98 160 36 64 133
535 556 60 35 156
-118 286 54 34 150
-585 539 66 45 180
640 368 62 43 133
242 491 54 60 176
209 507 41 55 162
579 99 58 49 192
892 37 60 42 168
-39 331 53 58 190
663 250 35 58 162
-614 573 57 59 154
330 749 41 34 145
229 278 64 61 102
525 31 45 66 150
154 514 52 36 118
-16 317 36 34 184
-44 489 38 38 162
347 532 56 39 111
94 554 41 52 134
862 727 48 42 109
-877 37 53 54 181
-515 176 63 60 155
508 662 61 66 157
-919 394 56 55 184
141 341 54 63 140
-954 524 59 41 117
-906 159 36 43 186
283 41 40 46 156
-992 612 45 36 193
139 330 46 39 169
72 794 47 66 122
-462 560 57 56 189
-821 13 47 44 189
489 729 61 54 123
-311 234 40 55 159
951 353 62 41 170
-80 57 46 59 102
-423 70 63 60 102
-604 704 36 45 137
412 265 53 49 199
521 350 53 63 138
968 727 40 64 184
94 151 62 57 123
-982 740 56 41 156
550 396 41 42 127
255 797 65 63 101
-382 120 43 54 111
393 530 36 35 104
-442 669 53 34 139
354 455 35 34 193
-214 356 49 60 103
56 557 61 65 169
657 750 53 60 193
-310 258 59 43 132
-195 534 51 35 155
722 123 42 66 173
-39 45 58 34 158
-449 566 54 66 193
953 141 57 58 120
-137 317 66 49 190
-407 153 37 57 190
439 432 52 55 178
890 427 57 35 155
611 410 61 55 158
-108 201 51 56 155
481 236 57 63 131
939 744 34 39 148
165 468 34 43 158
475 562 60 49 176
675 600 64 43 161
-123 474 57 50 182
-817 220 42 43 198
24 686 53 62 135
218 506 45 57 103
266 621 49 43 175
-14 355 50 35 194
964 461 58 56 141
-391 788 37 53 125
943 238 41 64 113
-190 67 36 43 156
634 151 58 58 147
682 492 51 57 145
-805 57 55 47 192
320 768 56 38 150
-898 206 58 55 126
335 266 38 35 146
952 309 41 45 196
-245 388 50 46 170
898 404 53 56 192
606 561 60 40 179
576 733 66 41 163
-698 789 53 66 105
914 505 62 43 142
-222 432 53 52 122
339 601 34 49 179
-673 606 35 40 193
-603 51 65 40 106
-298 569 50 49 142
-487 36 36 52 102
148 741 50 47 200
115 462 65 56 109
-298 176 46 64 180
574 669 48 47 139
-579 436 55 61 139
-220 370 35 44 127
598 683 61 59 185
-451 83 42 63 117
-236 173 35 42 171
-175 366 65 52 107
-176 138 35 38 133
241 596 35 59 104
-908 221 47 58 143
653 439 52 45 182
-258 777 48 49 145
256 700 49 60 112
299 471 48 50 198
791 761 34 53 181
-971 667 57 53 162
-378 186 54 59 126
-252 713 45 56 156
338 165 37 59 186
867 276 36 62 171
-590 725 44 66 197
-837 214 41 65 169
410 547 60 61 132
-715 344 66 45 115
319 127 41 46 126
-577 96 64 36 178
363 170 43 57 182
790 765 57 57 188
-381 696 63 52 105
-548 67 54 66 188
894 534 63 57 130
-861 198 42 60 122
-376 525 49 64 171
-980 258 42 61 114
-455 31 35 51 192
863 154 39 51 156
797 775 66 56 122
-89 307 52 62 135
395 105 36 50 118
-377 65 47 66 173
-64 633 37 62 176
-499 618 36 51 138
539 596 50 56 168
233 162 34 59 158
481 741 46 52 143
-605 602 64 35 119
-404 472 58 53 181
-378 52 40 46 135
-726 331 35 41 174
84 86 41 36 111
-472 722 38 59 176
982 596 61 50 181
-702 307 41 53 129
518 552 66 35 118
-967 580 37 35 129
146 249 35 66 168
-821 512 60 34 103
-486 762 60 35 136
412 103 64 35 139
-763 606 48 59 117
190 319 61 38 145
-35 515 48 39 107
706 358 56 41 123
983 186 41 39 139
573 752 53 66 136
-566 329 35 62 101
594 10 60 44 152
-18 619 35 40 170
-180 178 36 50 164
170 198 57 43 103
-328 652 35 59 146
612 719 65 51 142
328 489 48 52 148
-97 267 65 55 157
153 250 66 48 165
-743 305 46 39 156
-738 650 40 42 149
99 52 47 65 180
-926 579 48 38 119
147 216 43 36 130
627 333 50 35 104
-289 400 57 37 194
511 289 45 47 150
934 73 37 44 129
-632 139 55 36 136
-876 469 40 64 169
696 508 42 63 112
933 24 46 61 142
-6 277 65 42 152
-312 481 61 50 144
-42 106 46 62 173
-198 501 34 46 177
16 663 53 58 199
-195 387 40 50 135
-376 240 34 62 151
-622 328 66 46 192
-846 756 47 66 152
808 774 43 52 170
588 697 34 46 157
-927 282 44 51 177
-937 323 50 64 105
298 68 36 38 149
751 773 57 44 150
-591 346 35 36 116
-20 215 58 55 129
-808 677 36 56 151
-101 54 43 47 170
754 661 65 46 179
-74 680 50 55 111
-145 327 57 40 157
-282 178 35 39 138
-733 713 41 58 154
-585 469 59 41 183
-380 286 50 36 150
-319 438 54 40 144
-115 149 34 63 130
778 496 34 50 140
890 79 37 38 169
-626 784 38 42 106
-378 330 38 39 123
721 244 63 35 135
-283 671 51 37 154
-347 64 37 65 197
-432 547 36 61 132
-745 465 53 35 105
-323 48 41 56 102
870 516 51 37 138
-275 789 52 59 164
963 501 43 38 116
220 712 62 55 181
-738 341 66 39 125
-11 160 37 39 199
-939 358 38 61 113
-673 268 34 46 107
995 561 44 51 186
-934 162 35 38 177
-489 647 55 47 107
-428 550 41 34 169
-345 540 56 57 117
-587 481 65 48 126
-783 649 37 48 104
120 405 37 62 134
186 695 49 66 103
424 368 59 51 115
703 540 44 61 124
373 636 56 49 126
117 53 37 36 190
813 61 66 66 178
988 576 59 63 104
902 339 65 59 166
-420 100 60 57 178
184 654 55 52 158
806 234 53 56 109
-616 104 44 51 149
220 699 55 40 173
927 143 41 56 122
-790 504 54 39 130
596 33 50 54 163
337 250 48 39 185
733 473 55 40 200
-364 58 44 40 136
936 185 55 41 156
-983 356 34 41 191
-682 525 47 57 105
-181 105 56 62 102
-283 240 41 35 128
-237 407 48 47 119
-533 22 60 37 167
892 778 48 44 138
819 368 65 39 119
936 635 42 48 119
656 36 47 48 147
803 393 63 66 156
-854 766 44 60 183
-133 455 54 43 185
23 432 43 40 130
144 693 65 35 144
-49 337 64 60 127
970 698 37 48 169
69 557 54 37 159
-124 288 59 42 112
-222 398 42 47 160
64 178 34 41 109
-600 705 38 37 164
-301 513 38 64 173
-669 494 52 56 174
-985 609 40 44 110
298 9 37 53 130
-385 143 40 53 115
837 755 42 54 169
-130 488 57 45 188
724 542 51 35 107
150 151 58 55 175
784 387 34 63 181
992 119 50 46 174
-966 532 55 64 151
425 784 65 39 118
56 153 47 43 160
-54 120 42 39 129
776 252 35 43 130
-311 464 51 37 122
-353 316 57 62 120
-83 640 52 61 197
560 21 36 34 141
-42 3 60 43 172
-232 198 61 61 189
-378 633 52 48 193
-206 625 48 36 198
492 289 50 50 156
629 357 35 41 125
961 656 53 47 155
-30 511 49 61 171
-393 627 60 43 188
256 662 66 34 171
-44 578 60 64 162
498 455 45 48 172
-411 711 48 36 101
15 738 48 48 197
82 418 62 66 145
-545 420 65 53 102
-277 186 57 59 162
-618 365 47 54 139
-692 40 43 37 190
-224 641 61 61 197
-935 534 63 46 142
-690 389 50 48 164
924 385 66 50 200
-116 582 56 60 109
135 270 43 44 156
-465 235 47 59 131
150 69 57 58 183
312 510 45 52 113
-735 569 34 61 126
-843 110 54 55 189
830 735 63 37 109
-154 376 40 48 123
268 559 58 57 111
4 788 36 48 183
-783 329 55 61 142
954 645 61 49 148
139 502 62 55 175
-728 588 62 36 151
-401 83 44 56 105
971 265 48 64 176
338 733 56 37 173
-710 108 46 66 139
-275 612 55 40 190
554 663 51 64 155
700 775 61 34 131
-154 697 36 48 101
698 198 56 44 104
-518 717 54 58 132
685 286 40 45 142
142 794 51 64 102
966 287 66 43 152
-769 241 45 54 151
-996 315 34 36 157
300 649 64 58 103
945 5 64 44 136
321 535 59 66 158
-307 62 52 56 157
-359 73 37 53 150
275 536 49 53 146
-413 686 47 61 188
-741 1 47 39 139
-616 470 53 58 117
658 259 47 35 108
-198 475 38 65 150
197 493 50 39 181
219 103 40 40 140
-852 163 45 43 193
531 32 49 43 131
-200 186 62 53 148
-852 413 57 64 147
727 425 45 41 167
875 733 51 58 195
129 763 44 62 198
658 599 40 57 133
361 541 53 39 181
-187 286 34 44 172
-302 685 44 65 116
-328 520 55 37 147
-556 163 47 49 149
-696 501 35 57 102
182 561 48 52 175
212 437 60 53 179
638 124 66 35 145
-300 501 50 62 200
-587 134 57 38 176
158 281 49 56 140
-824 162 39 66 186
-930 364 60 47 188
116 700 58 35 132
-378 388 58 55 111
160 544 64 61 197
325 381 45 49 120
-651 712 55 37 177
600 579 34 40 106
845 183 41 50 115
63 324 54 36 199
996 623 37 48 166
-214 360 55 40 154
702 269 59 54 134
-696 421 41 48 147
350 255 42 50 150
0 332 39 38 162
-418 548 48 40 106
-156 463 63 45 149
251 644 61 60 140
140 654 64 41 163
-222 769 60 61 130
-299 115 49 52 139
458 589 50 43 124
208 206 58 34 110
-587 542 55 51 142
896 792 35 65 102
120 656 55 61 186
-845 282 42 56 135
-284 253 64 41 158
434 50 53 62 197
210 510 60 59 155
-550 317 57 42 119
-550 325 37 42 154
342 765 36 37 138
170 602 38 42 197
505 477 42 54 132
75 477 56 43 157
-465 782 40 51 192
-479 639 47 64 120
601 562 52 44 101
114 613 49 55 104
755 415 54 50 168
251 322 39 40 143
505 299 62 54 129
200 417 34 60 184
760 742 57 55 125
-315 393 52 35 174
-126 449 59 42 187
391 735 63 35 160
-444 283 46 61 124
684 774 41 64 133
791 63 41 64 127
-290 653 55 48 133
64 112 59 48 153
-744 510 49 46 127
-181 646 57 35 163
265 728 34 34 196
-972 20 59 48 165
810 606 56 64 105
-368 216 57 66 124
-600 634 39 55 122
-573 261 66 38 149
-939 284 46 66 101
985 257 55 45 110
853 86 41 40 151
-211 637 55 54 199
-689 113 56 65 200
217 34 61 61 164
-161 671 37 41 149
888 791 34 66 192
73 230 55 66 143
311 399 36 57 117
-833 56 54 54 117
497 27 53 62 122
332 751 46 48 167
648 41 47 50 171
-515 596 56 34 199
-110 720 47 44 157
-145 563 40 57 156
-548 333 56 41 140
816 519 38 34 166
393 297 42 52 117
-536 407 39 56 187
779 663 66 40 180
-422 242 62 55 183
-472 420 49 59 153
-788 473 47 59 176
131 590 35 66 166
-107 19 56 52 116
-80 49 52 57 143
-261 422 43 34 182
-48 432 52 51 200
888 738 44 35 174
-23 105 44 64 192
-8 43 58 59 163
-306 282 66 45 162
-168 99 36 57 191
674 291 52 54 185
-26 190 53 55 169
-512 487 47 35 159
-658 128 42 60 174
-163 15 40 58 157
-998 555 44 39 195
-861 370 37 65 160
292 394 52 53 176
120 110 36 37 121
-848 48 60 39 158
-684 498 65 54 185
339 217 44 47 140
588 178 52 43 165
-129 313 65 58 159
331 52 53 42 150
-845 216 42 39 165
541 5 63 49 175
233 670 50 36 177
202 527 34 50 174
-36 45 61 46 128
-211 533 55 40 144
496 674 47 66 196
677 348 45 41 143
-418 178 35 45 196
669 613 48 42 124
-920 372 52 42 157
-21 559 36 64 174
-342 9 55 38 121
-891 685 40 57 175
-827 666 61 58 197
-934 277 35 51 110
-980 572 51 35 117
770 538 61 56 174
438 80 52 45 173
630 329 38 53 165
-535 436 43 38 147
570 496 40 48 115
-417 150 40 50 160
-895 645 50 45 119
819 551 57 63 135
-885 761 37 65 133
263 200 61 62 141
-797 419 54 61 200
62 11 43 59 187
629 286 50 40 171
-96 328 50 36 104
-187 685 40 63 136
-482 127 51 41 167
243 36 55 39 160
-164 323 54 57 192
699 325 42 50 173
-268 372 56 56 163
-997 545 45 60 137
894 2 42 54 103
908 146 46 40 181
337 485 50 56 170
682 304 49 51 160
238 445 62 52 173
497 533 42 63 138
-911 139 49 36 180
216 123 60 40 186
-631 458 55 46 167
939 41 42 41 148
843 794 65 60 161
-516 331 60 59 143
161 631 43 38 175
-20 324 35 57 107
174 266 37 40 153
275 753 38 43 152
-907 722 57 59 154
497 634 34 44 130
-932 166 38 34 184
13 99 49 43 126
-289 291 60 65 143
-125 584 51 43 139
88 480 63 64 131
-280 737 51 47 123
-828 144 58 34 144
-115 685 44 43 131
-923 103 60 58 114
-260 610 50 41 195
135 773 61 66 191
472 512 52 47 154
-594 790 47 52 157
-456 744 40 55 165
804 189 38 66 169
-314 125 52 51 173
-180 658 48 43 177
-782 25 41 36 131
-12 51 65 52 129
-271 760 55 66 129
-283 535 54 60 150
-427 371 58 63 135
910 51 58 65 193
-157 776 60 37 149
-175 42 61 44 159
-516 196 59 61 172
-317 68 41 65 200
-770 342 62 55 155
365 330 36 44 192
141 560 66 52 122
401 50 48 53 185
279 221 64 60 184
822 423 47 38 125
176 44 35 53 116
-884 299 37 44 156
143 569 34 60 142
-34 473 51 37 101
-868 316 34 46 156
92 219 35 52 129
-420 558 50 37 151
852 131 61 42 188
-978 25 37 44 143
-798 333 53 62 182
-322 308 38 42 111
449 411 62 58 173
885 371 56 46 166
-298 490 38 57 193
385 395 56 41 162
234 454 45 43 164
724 34 49 66 164
123 407 57 36 136
-922 532 45 65 121
-865 241 47 52 136
-482 407 66 45 188
-15 592 38 47 114
-636 421 50 45 101
825 474 44 51 115
-568 370 59 46 125
-993 34 64 49 130
-470 627 51 60 127
657 659 45 50 150
525 415 63 37 161
44 640 66 55 120
63 251 35 35 134
458 349 57 47 117
-27 367 42 55 118
853 67 34 38 148
-606 388 52 56 121
172 461 40 47 168
597 279 46 39 134
784 311 60 60 183
850 667 37 34 115
785 776 55 36 163
-943 98 56 54 194
-823 454 45 46 113
-128 304 46 42 106
759 64 35 53 183
382 649 62 39 139
-509 61 53 46 164
556 339 49 37 190
-745 421 41 58 169
476 749 48 56 101
-634 129 36 51 199
243 359 38 45 144
21 713 59 59 158
155 181 45 40 153
-537 286 36 39 159
-933 328 47 46 151
168 75 51 45 149
125 743 44 35 178
-134 572 49 47 183
-413 276 51 61 194
356 216 43 44 186
884 95 62 63 176
273 307 59 37 132
143 450 57 59 131
-669 31 36 34 135
-995 784 34 40 166
986 36 61 34 128
231 299 59 55 120
738 367 50 42 101
-73 420 55 61 150
72 474 61 43 120
-368 762 61 60 108
-74 681 53 49 177
826 424 36 59 134
-939 371 53 50 112
72 450 43 56 174
-803 36 61 42 161
963 126 60 44 105
-480 778 60 65 102
998 82 48 38 146
-525 85 38 60 123
-846 506 64 53 157
327 228 37 64 120
905 489 64 41 193
-329 344 46 55 171
-260 581 49 39 105
-753 50 45 42 128
-129 190 56 63 104
927 195 51 62 137
399 624 66 42 199
475 96 51 63 147
86 162 66 45 196
508 162 43 58 158
89 363 41 62 171
-413 93 48 46 105
-466 751 58 50 104
-975 88 34 47 153
734 269 51 53 190
340 499 46 48 123
733 81 35 59 103
-202 798 38 55 123
117 479 53 41 139
-497 241 49 48 198
-708 208 61 57 134
2 623 55 58 116
939 263 42 39 105
152 391 45 49 152
-33 241 65 34 119
-985 150 48 50 164
502 14 55 63 162
512 13 34 38 119
-836 531 60 40 125
441 390 61 41 197
-725 721 38 51 131
-167 379 40 40 170
-227 602 62 47 104
314 77 36 34 167
254 84 56 53 132
943 3 35 63 169
885 791 41 52 143
228 279 45 41 119
-234 620 50 57 128
187 623 56 59 108
-771 186 46 37 169
668 518 36 50 170
-506 90 45 44 151
782 503 40 34 195
-138 361 46 47 133
-179 541 41 39 182
-170 559 51 52 107
-23 391 37 42 161
921 439 35 53 103
863 587 39 47 139
490 172 64 51 197
521 134 43 53 142
586 526 57 66 136
534 319 46 49 143
-39 567 37 36 153
-220 160 46 64 181
-706 192 47 62 125
281 71 56 53 175
547 96 43 60 146
-739 156 53 57 167
-918 165 51 51 177
-137 335 61 60 121
306 53 51 37 168
778 306 52 40 113
430 29 51 49 173
753 449 38 64 187
978 186 52 65 115
947 267 56 61 105
-646 612 48 52 141
252 467 38 48 172
-725 495 52 58 132
825 553 35 62 148
600 179 43 60 145
196 307 58 65 143
-710 43 45 60 111
613 233 42 62 129
814 71 42 40 101
