731
164 73 64 52 6
1000
-738 442 60 53 80
-734 144 53 58 73
-776 423 54 56 67
-785 61 42 37 77
-828 479 52 43 88
-710 569 58 39 69
-721 470 49 51 52
-766 191 42 54 54
-817 628 57 49 84
-736 157 59 58 69
-722 263 53 49 51
-855 513 58 56 70
-892 43 56 39 57
-701 117 57 48 64
-800 519 56 51 55
-746 212 57 45 57
-787 584 41 52 68
-750 205 59 49 80
-871 371 52 57 86
-718 555 57 51 61
-849 396 60 51 56
-788 46 55 43 82
-749 460 52 51 87
-811 447 56 46 79
-872 592 50 44 76
-741 606 39 47 78
-786 198 59 53 58
-897 139 40 36 53
-838 406 46 37 88
-761 5 51 49 73
-806 121 58 48 61
-899 614 42 59 84
-708 282 41 60 52
-768 285 44 45 86
-850 505 40 40 85
-749 226 41 43 66
-799 422 60 55 77
-870 244 50 37 83
-829 305 55 46 63
-718 576 44 48 63
-893 316 47 36 61
-756 464 48 39 88
-881 442 47 47 74
-822 286 38 49 85
-736 509 44 50 77
-893 15 56 46 68
-888 251 54 59 66
-825 630 45 40 72
-846 103 55 54 81
-843 42 54 37 89
-768 386 40 50 51
-759 532 47 41 79
-828 597 57 38 80
-833 102 39 50 63
-811 183 54 53 64
-761 579 43 40 57
-873 542 49 59 86
-790 342 49 53 60
-864 320 36 36 79
-875 116 41 43 83
-857 528 43 54 55
-834 296 47 51 73
-724 607 60 38 75
-875 36 39 60 70
-819 142 51 37 82
-882 371 39 41 89
-783 312 55 37 62
-842 496 59 52 70
-738 133 45 44 56
-867 505 45 51 67
-725 552 48 54 56
-841 591 48 55 54
-726 414 56 41 72
-849 110 47 39 63
-723 289 37 41 80
-791 212 56 40 64
-801 316 48 44 88
-706 21 41 55 78
-831 200 47 46 53
-703 207 41 52 81
-803 246 50 36 89
-707 162 43 38 51
-845 560 39 38 81
-744 623 56 56 66
-726 335 57 37 87
-797 258 53 40 63
-852 208 49 51 83
-900 414 42 41 66
-854 545 59 40 59
-709 595 42 56 89
-770 463 52 60 87
-784 328 42 39 79
-740 593 41 52 71
-845 449 37 52 74
-765 473 44 55 84
-809 561 37 51 76
-900 572 52 40 69
-719 254 45 59 87
-759 98 56 41 73
-872 66 53 39 77
-773 304 36 37 60
-712 548 37 58 72
-804 376 50 43 69
-877 359 49 49 86
-707 126 43 39 56
-821 42 57 41 86
-844 518 39 51 65
-731 360 40 52 67
-818 317 43 47 77
-703 305 43 56 90
-804 171 47 40 84
-751 122 38 37 73
-750 480 41 59 72
-796 314 42 51 82
-884 297 42 44 74
-840 185 36 39 82
-853 552 44 60 73
-847 285 43 54 61
-843 387 36 46 58
-807 68 39 55 70
-775 52 41 49 57
-889 584 56 53 62
-896 391 58 45 75
-760 469 48 44 85
-789 141 46 55 67
-775 450 42 44 54
-817 162 56 51 82
-705 371 48 58 66
-815 312 46 60 73
-724 155 51 41 59
-829 497 44 38 66
-709 101 58 56 51
-775 139 60 37 63
-838 233 50 51 54
-860 588 46 54 80
-817 173 47 39 84
-756 394 43 51 60
-854 153 58 45 80
-854 85 37 42 74
-885 86 52 40 57
-748 394 41 51 81
-753 416 47 36 61
-847 223 47 49 66
-799 595 57 58 51
-735 210 51 39 66
-790 413 38 38 73
-860 531 48 43 69
-803 502 45 56 58
-857 434 40 40 76
-775 84 54 40 87
-725 181 41 48 66
-800 137 43 44 57
-791 476 60 47 74
-848 90 55 48 82
-720 123 42 54 65
-713 533 60 48 65
-728 624 43 47 64
-791 480 36 51 75
-706 46 56 40 82
-700 196 42 59 69
-819 69 57 37 59
-705 365 41 56 90
-736 442 56 36 54
-820 301 46 56 75
-807 514 44 56 74
-758 556 57 57 56
-751 16 51 36 62
-803 43 47 48 82
-738 259 49 40 61
-808 534 36 52 66
-726 612 49 52 78
-713 609 54 51 71
-877 200 44 56 88
-759 422 54 59 57
-825 441 44 41 53
-879 567 54 54 83
-755 80 37 60 76
-811 175 43 37 76
-864 0 49 38 75
-713 545 55 49 88
-803 411 43 40 82
-841 244 57 60 64
-807 616 57 36 88
-814 34 54 48 64
-770 581 53 52 60
-811 259 46 36 62
-807 593 56 60 52
-724 572 58 38 71
-891 311 41 39 58
-894 591 53 47 84
-784 65 38 49 88
-745 210 60 47 87
-818 16 39 46 77
-747 360 53 50 71
-773 385 43 55 80
-842 157 50 45 74
-867 10 50 44 52
-859 377 36 43 76
-856 344 44 38 83
-773 599 43 57 86
-731 72 40 49 88
-783 126 45 58 71
-823 45 37 49 73
-719 30 40 57 65
-744 155 49 49 54
-746 63 56 57 51
-737 171 36 52 72
-705 96 42 60 69
-782 557 51 54 80
-747 333 45 53 64
-777 94 36 52 74
-716 239 40 60 78
-833 189 60 52 88
-792 279 54 46 60
-825 266 49 38 78
-820 610 52 60 78
-792 466 44 36 82
-721 530 47 60 57
-893 243 41 54 57
-799 248 54 50 58
-738 268 39 56 84
-714 282 43 41 85
-745 504 39 42 56
-766 336 39 49 70
-704 548 49 58 69
-882 225 46 60 55
-836 449 57 51 77
-734 226 59 60 68
-858 573 38 59 63
-824 187 49 42 69
-804 25 55 40 59
-812 259 43 59 83
-757 490 45 37 66
-858 108 57 45 67
-802 461 36 59 64
-841 361 53 54 83
-798 231 46 52 70
-888 526 45 42 87
-890 483 41 47 86
-794 60 50 37 62
-749 477 38 45 68
-780 354 53 47 65
-759 46 46 56 62
-896 244 57 57 88
-778 414 48 55 73
-747 546 49 45 87
-797 287 51 51 65
-875 276 40 50 56
-708 391 48 43 64
-724 440 54 49 77
-822 70 40 60 75
-842 355 42 40 55
-893 516 57 48 83
-796 31 50 54 57
-707 254 47 49 54
-849 482 43 38 86
-846 134 43 59 62
-886 548 43 37 85
-866 112 57 55 88
-876 599 46 60 77
-797 144 56 48 56
-737 336 44 36 55
-772 246 49 42 58
-825 509 37 47 86
-754 120 55 44 62
-782 140 56 50 60
-822 152 37 36 62
-879 261 41 44 81
-882 57 57 42 77
-850 241 57 57 73
-866 68 48 52 84
-819 45 60 49 81
-782 245 54 47 75
-886 611 50 57 90
-782 599 40 37 89
-766 483 45 42 84
-820 617 44 56 90
-810 41 48 42 61
-892 201 40 53 76
-851 366 37 58 88
-832 194 46 57 67
-890 627 49 41 86
-848 382 56 44 63
-839 569 36 54 90
-726 116 40 41 83
-713 73 37 56 54
-714 535 60 57 70
-795 85 57 39 81
-746 113 48 59 84
-704 308 53 52 86
-840 72 59 36 54
-782 337 42 44 72
-709 303 58 45 58
-726 403 41 38 54
-842 67 43 48 84
-781 264 59 58 58
-778 116 50 46 72
-802 75 56 40 75
-723 66 44 38 72
-706 527 46 54 54
-794 387 41 39 86
-823 435 60 37 54
-773 67 46 44 78
-747 73 55 38 74
-738 265 44 56 73
-782 499 58 51 56
-824 340 55 48 66
-734 249 46 54 61
-900 265 57 52 87
-836 592 50 54 73
-879 214 39 36 61
-896 83 41 51 52
-780 68 58 44 69
-854 183 60 53 73
-706 422 46 39 64
-814 328 44 37 79
-830 278 41 45 87
-731 99 52 37 87
-866 96 54 50 51
-855 307 53 53 61
-807 170 43 45 67
-894 285 60 48 54
-851 486 59 47 74
-771 12 42 53 51
-808 22 45 46 74
-882 87 54 48 54
-772 469 57 54 77
-723 464 45 51 59
-790 138 36 54 60
-735 332 53 56 54
-800 422 57 55 73
-740 547 53 43 87
-840 418 38 59 78
-811 199 49 45 88
-881 546 54 40 88
-883 515 60 48 61
-734 228 59 53 82
-853 382 55 36 54
-722 392 50 52 74
-836 226 45 45 70
-769 12 41 38 59
-790 435 39 48 89
-859 393 44 38 79
-771 496 59 48 87
-805 475 38 44 76
-802 343 60 38 90
-865 140 38 39 90
-896 129 44 39 81
-840 127 50 41 76
-707 515 57 43 88
-758 396 43 60 51
-789 194 49 56 69
-868 213 49 55 87
-789 43 37 36 56
-733 341 56 58 56
-747 35 55 43 88
-800 18 56 39 76
-807 89 60 39 83
-890 390 48 51 80
-846 386 42 38 69
-714 551 38 51 70
-733 460 57 47 57
-762 426 43 49 70
-813 348 54 49 72
-839 571 56 36 57
-771 579 43 45 52
-727 199 46 59 62
-717 576 49 55 63
-840 59 49 60 67
-715 25 48 58 57
-773 0 57 40 55
-841 65 59 38 52
-898 557 40 37 76
-856 374 41 49 64
-866 471 48 47 86
-884 327 53 41 70
-780 355 38 38 66
-772 127 49 55 84
-799 178 54 42 58
-750 195 47 58 86
-779 548 41 56 78
-823 603 52 51 61
-703 175 48 53 72
-894 301 42 47 70
-845 309 54 49 85
-797 436 56 48 88
-873 155 54 45 77
-740 532 37 55 68
-746 269 40 41 67
-764 286 38 42 57
-886 12 42 47 51
-742 592 39 55 85
-746 70 40 48 90
-736 54 58 48 63
-725 152 60 48 74
-899 255 53 45 61
-838 592 51 57 66
-856 577 44 47 63
-828 149 56 45 60
-799 434 49 50 67
-754 449 50 42 78
-765 527 37 54 60
-845 40 51 52 77
-784 419 49 39 66
-820 120 57 60 67
-776 181 42 59 66
-700 202 42 58 85
-726 150 44 53 68
-711 359 43 49 77
-791 204 60 58 51
-836 133 36 59 67
-829 272 57 47 72
-727 159 38 46 64
-763 585 60 50 57
-722 517 47 51 88
-869 616 37 60 90
-743 190 45 50 63
-708 97 53 38 59
-721 530 58 50 76
-752 464 57 42 90
-731 28 56 45 60
-886 528 57 38 60
-843 139 40 39 80
-723 456 46 49 53
-873 404 36 49 53
-869 182 51 52 61
-747 468 40 48 65
-792 328 52 59 65
-881 287 59 48 70
-702 206 54 45 83
-849 313 53 59 78
-865 599 57 52 61
-853 211 50 52 73
-717 525 60 39 52
-839 267 53 57 86
-815 324 57 41 54
-783 289 40 54 55
-863 419 58 59 75
-788 448 52 60 73
-775 71 43 47 77
-867 188 51 57 72
-787 593 37 54 84
-780 601 60 47 81
-736 173 50 42 60
-886 318 45 44 71
-880 359 58 56 66
-740 259 40 60 53
-789 367 56 42 87
-775 485 38 46 83
-887 528 59 58 85
-849 351 41 40 89
-816 94 38 44 56
-894 51 51 54 83
-831 436 40 39 56
-806 61 59 53 69
-700 525 54 57 52
-789 117 36 49 65
-884 625 47 46 63
-891 412 49 46 56
-888 274 46 60 82
-720 410 39 39 57
-730 278 47 42 70
-782 94 42 53 72
-823 73 50 37 90
-766 380 50 58 55
-871 14 60 36 76
-812 63 39 37 65
-716 183 51 40 58
-792 571 58 53 58
-872 70 55 41 72
-716 501 53 58 63
-795 344 38 38 69
-728 405 48 51 88
-739 178 44 53 83
-756 329 47 46 73
-805 198 40 44 61
-834 147 43 43 70
-849 354 45 37 75
-783 412 36 48 68
-770 438 45 47 57
-849 46 52 55 60
-877 620 52 47 57
-734 446 55 60 65
-767 592 50 43 64
-819 471 55 49 51
-815 542 38 60 57
-790 184 38 50 60
-786 411 57 58 59
-788 228 39 43 84
-888 162 36 57 64
-833 578 54 37 74
-714 498 45 45 74
-701 503 43 52 63
-833 190 36 56 74
-889 584 48 59 77
-871 462 44 49 77
-876 497 42 47 76
-871 446 37 44 73
-701 622 39 48 87
-800 313 49 45 75
-704 364 41 36 56
-898 240 51 39 67
-794 555 51 57 89
-846 308 46 50 73
-804 375 36 59 55
-850 484 41 56 67
-828 10 49 43 79
-845 70 59 55 81
-826 588 44 46 66
-858 14 48 38 80
-762 508 44 37 81
-845 626 37 47 66
-759 492 48 39 78
-795 626 45 40 60
-854 322 53 53 80
-810 451 59 44 55
-786 258 41 37 73
-884 521 46 44 51
-880 584 52 44 90
-722 46 59 37 80
-741 413 49 43 57
-874 254 41 46 52
-752 195 57 47 60
-728 51 50 57 69
-878 568 50 36 59
-827 359 42 45 69
-735 35 60 52 75
-897 481 52 46 66
-742 597 50 39 76
-849 314 51 47 71
-808 197 60 44 54
-727 158 52 54 53
-714 375 51 42 55
-700 390 40 48 89
-900 528 55 45 76
-852 575 38 53 59
-824 141 45 55 51
-848 411 52 57 65
-844 336 53 36 85
-848 506 37 49 90
-830 371 53 53 71
-791 383 38 50 85
-858 496 44 39 80
-773 437 53 55 80
-705 307 45 49 77
-826 101 37 56 57
-714 497 45 40 80
-764 106 59 57 89
-782 450 47 47 65
-807 379 48 52 74
-818 231 41 41 67
-811 250 42 60 54
-847 501 46 48 52
-775 288 56 41 80
-858 203 45 57 81
-841 562 38 45 73
-753 331 46 40 65
-796 8 59 48 65
-807 220 45 36 60
-820 78 40 46 86
-856 101 48 36 75
-802 86 43 59 65
-875 56 48 38 66
-783 97 36 58 60
-848 624 50 39 73
-783 333 43 55 78
-788 543 54 44 60
-818 606 59 46 58
-790 316 47 60 78
-769 393 51 42 80
-807 271 49 57 74
-873 445 58 58 77
-808 606 55 55 89
-747 433 43 46 71
-705 547 52 56 69
-820 5 45 59 62
-710 160 45 58 78
-714 433 54 37 61
-772 221 47 59 55
-749 626 46 59 81
-718 417 58 55 78
-866 71 55 48 66
-831 579 42 38 51
-735 139 45 44 65
-777 584 44 49 74
-781 324 53 41 87
-854 118 46 53 53
-775 315 37 48 72
-860 122 56 37 87
-849 332 38 43 84
-759 462 42 38 70
-721 554 38 38 51
-815 532 47 54 86
-703 308 40 44 83
-735 234 55 44 86
-799 143 47 56 51
-737 515 54 51 66
-709 335 58 49 78
-848 509 59 37 69
-812 355 51 53 79
-707 240 47 50 78
-779 469 39 46 69
-758 107 36 50 71
-777 396 57 40 86
-736 319 41 44 67
-703 447 40 49 80
-859 417 48 47 60
-767 541 58 41 72
-759 95 54 41 51
-710 515 38 41 83
-900 355 52 52 81
-850 175 36 52 61
-815 13 56 40 77
-762 401 51 39 64
-852 215 45 54 86
-875 62 59 59 78
-740 105 41 50 77
-834 255 41 53 62
-840 72 39 44 85
-700 330 51 43 79
-746 91 60 58 87
-804 79 39 47 64
-849 469 59 55 83
-758 383 57 37 55
-725 295 37 47 79
-757 530 53 39 66
-705 417 36 48 70
-822 83 43 55 56
-716 340 56 44 56
-873 353 41 54 53
-862 100 42 57 83
-894 164 52 58 80
-727 572 57 46 62
-701 400 60 39 83
-701 7 41 51 58
-730 379 52 42 72
-716 628 43 45 74
-806 615 49 56 85
-878 302 49 51 64
-789 585 36 36 67
-796 43 55 47 66
-802 158 57 39 72
-744 182 40 57 65
-814 348 52 60 63
-888 344 41 56 82
-773 44 39 39 78
-821 527 40 50 80
-760 318 55 39 56
-844 517 57 51 75
-769 468 56 36 89
-895 516 57 40 76
-742 266 43 56 74
-722 81 55 59 61
-710 204 55 42 75
-706 414 51 56 56
-767 411 36 50 86
-886 626 42 49 68
-731 236 36 53 74
-842 87 43 56 63
-723 282 46 58 77
-739 431 40 42 68
-853 223 56 39 80
-762 138 55 56 82
-710 300 59 43 80
-813 556 46 40 83
-851 232 47 45 79
-788 72 45 46 87
-833 630 56 55 81
-780 168 47 41 57
-816 355 40 56 90
-729 191 42 52 71
-814 325 52 50 58
-894 425 60 44 54
-862 439 55 39 79
-884 220 39 58 59
-739 598 40 60 52
-803 200 41 46 80
-775 157 56 59 81
-840 104 50 51 61
-730 559 38 57 75
-867 471 52 36 86
-801 64 39 51 83
-808 591 52 43 79
-871 112 43 43 61
-855 367 51 52 55
-736 489 43 50 88
-727 540 37 50 89
-752 433 43 58 82
-880 160 36 54 88
-779 173 47 40 54
-838 345 43 48 84
-769 48 54 42 54
-711 48 47 42 77
-779 125 42 46 73
-705 594 60 36 77
-835 311 53 58 67
-775 477 44 57 55
-728 168 40 57 52
-783 410 58 51 88
-706 48 44 45 67
-833 318 59 56 54
-725 25 55 45 51
-714 607 36 47 83
-747 238 53 60 57
-770 596 46 47 83
-871 625 48 36 61
-859 631 45 50 60
-847 305 43 57 87
-880 279 59 54 60
-861 169 51 48 86
-852 165 40 42 88
-876 141 37 43 67
-784 180 42 52 60
-745 590 53 48 73
-780 565 48 45 73
-768 447 49 56 84
-765 11 60 40 87
-780 624 59 38 66
-761 27 41 40 82
-869 205 57 42 73
-821 549 57 37 87
-843 129 43 47 66
-898 138 52 44 65
-768 233 58 58 65
-714 43 58 50 69
-822 14 57 40 53
-876 409 46 54 66
-723 145 41 56 62
-726 251 59 52 55
-855 141 52 47 87
-849 105 41 60 84
-893 150 36 54 58
-889 428 39 38 90
-833 619 59 46 68
-769 266 45 47 82
-886 6 56 39 61
-737 9 56 37 85
-766 145 60 60 85
-875 492 60 49 87
-772 528 53 52 62
-718 115 38 45 82
-782 618 57 51 71
-871 186 47 51 87
-777 628 49 43 85
-809 207 39 37 56
-739 67 36 39 78
-828 529 52 38 54
-880 580 41 42 66
-783 280 42 53 73
-727 631 46 59 55
-826 543 37 38 87
-827 259 49 45 78
-740 62 39 44 53
-806 557 41 41 52
-791 576 46 37 59
-783 24 47 49 64
-829 613 41 57 89
-748 496 43 51 65
-814 146 58 49 75
-872 342 56 44 59
-849 41 54 58 64
-829 178 49 58 83
-813 80 50 49 52
-826 443 42 49 84
-851 501 56 57 68
-785 575 44 58 58
-825 292 58 57 78
-840 187 45 46 81
-846 491 43 42 64
-864 609 39 41 60
-767 455 39 38 57
-766 464 38 42 59
-828 271 53 36 61
-881 141 43 57 65
-748 451 52 38 68
-888 288 46 44 68
-879 37 46 45 71
-799 313 43 50 70
-811 217 50 41 59
-724 427 45 38 84
-753 522 53 42 59
-704 456 53 39 58
-760 309 45 52 60
-708 79 57 54 86
-834 567 57 40 55
-708 444 37 53 77
-740 101 49 38 69
-829 402 40 60 56
-853 504 59 41 77
-755 213 36 38 55
-880 569 41 44 54
-779 410 42 48 81
-895 403 45 36 53
-872 356 39 47 85
-799 237 57 50 54
-865 572 57 43 84
-773 325 38 42 70
-831 271 38 54 71
-803 394 57 36 52
-897 464 44 50 57
-855 183 42 50 81
-845 32 48 36 54
-835 564 54 53 85
-804 93 53 57 51
-864 294 54 57 74
-746 342 54 40 73
-827 181 55 60 85
-813 22 60 50 76
-810 41 51 50 51
-872 359 57 56 55
-805 215 54 52 75
-860 583 47 44 70
-850 484 46 46 78
-888 304 55 36 79
-852 8 57 52 53
-843 325 49 44 59
-755 475 52 41 71
-875 618 55 36 83
-888 38 53 56 84
-871 98 56 45 53
-818 273 43 52 60
-711 291 52 52 77
-777 50 46 47 69
-763 386 60 37 65
-740 14 47 40 58
-736 182 58 51 89
-838 578 54 52 70
-794 421 41 39 77
-830 464 42 37 61
-744 152 44 42 88
-721 431 39 42 65
-743 545 43 52 65
-807 272 36 43 66
-779 367 47 42 78
-746 6 48 41 71
-703 170 49 56 82
-831 46 46 40 60
-812 169 52 52 57
-737 459 36 38 52
-873 120 43 43 82
-746 168 54 52 90
-731 206 43 60 90
-807 328 59 48 59
-750 238 46 39 59
-730 452 52 49 57
-769 19 42 53 82
-812 476 60 39 61
-743 394 53 37 51
-754 134 60 58 51
-799 548 49 54 82
-832 167 57 46 67
-767 325 59 48 83
-806 260 58 53 51
-886 116 40 36 85
-829 322 46 58 85
-797 569 57 57 65
-776 86 57 53 67
-719 516 36 44 66
-802 92 37 45 78
-884 17 39 36 68
-852 25 36 56 68
-800 542 56 47 65
-727 384 53 57 55
-776 74 57 45 54
-722 27 52 38 57
-809 301 51 59 72
-806 434 54 53 76
-700 316 46 41 83
-892 42 41 42 73
-828 394 38 46 79
-831 225 53 38 54
-826 340 53 59 65
-730 134 54 57 78
-806 148 44 43 78
-731 160 48 60 86
-830 9 45 38 57
-769 453 58 57 86
-809 45 59 39 70
-767 29 44 60 90
-863 25 37 60 66
-884 30 52 57 78
-847 589 36 55 61
-818 355 56 49 63
-718 631 51 52 77
-859 181 43 44 70
-878 598 41 36 61
-753 12 48 60 74
-878 347 51 44 68
-746 166 44 37 60
-876 67 54 52 76
-716 46 59 40 85
-879 262 40 37 53
-883 494 39 55 88
-826 349 48 45 71
-894 431 47 55 59
-725 447 55 58 83
-703 92 47 49 89
-818 403 42 55 73
-746 484 41 56 71
-735 631 45 37 60
-837 446 54 48 66
-825 20 57 51 77
-808 228 48 38 87
-815 605 47 50 53
-864 222 48 60 77
-867 133 57 51 68
-880 10 50 51 80
-835 111 38 51 90
-764 563 56 55 74
-858 298 48 41 81
-802 408 37 57 78
-705 262 46 57 90
-782 468 49 50 84
-710 562 52 60 81
-880 431 51 51 83
-792 276 56 59 73
-788 393 59 59 88
-733 35 52 45 63
-791 308 37 58 64
-725 348 57 57 62
-729 403 47 49 66
-889 542 38 43 76
-782 502 41 36 60
-782 597 43 43 83
-701 330 49 38 69
-759 408 50 37 68
-899 498 44 58 88
-817 157 54 52 76
-799 86 42 48 70
-861 175 48 37 85
-829 608 50 56 77
-704 486 59 60 55
-868 325 56 59 62
-899 261 51 43 65
-725 239 51 45 67
-827 79 53 51 90
-742 540 59 54 58
-788 460 56 50 67
-770 307 54 52 62
-818 282 37 36 83
-772 362 38 53 57
-811 165 40 42 62
-817 40 53 39 78
-754 237 60 45 73
-830 295 47 59 57
-882 86 53 45 58
-739 216 49 55 83
-870 415 53 43 73
-834 346 60 41 78
-820 184 39 39 81
-889 303 49 47 83
-721 304 48 40 83
-767 568 52 39 79
-747 266 39 37 78
-790 190 52 55 81
-778 565 52 45 52
-703 497 57 58 86
-827 565 47 36 78
-811 532 44 52 52
-744 166 48 56 85
-839 573 36 47 60
-727 300 37 42 63
-825 249 57 52 57
-753 630 54 41 89
-831 301 36 59 71
-889 456 47 39 85
-860 342 60 45 78
-880 343 37 44 85
-882 53 39 42 81
-862 421 43 55 61
-776 183 60 43 59
-885 183 48 43 88
-834 462 48 49 54
-886 340 37 37 81
-886 353 42 57 79
-706 362 51 42 82
-787 352 48 45 81
-879 318 45 50 66
-762 207 51 57 52
-768 532 45 56 90
-818 101 60 43 83
-728 121 60 55 69
-880 567 59 36 79
-860 579 45 36 88
-732 498 42 43 89
-872 450 48 49 53
-899 459 42 54 56
-852 616 52 54 82
-709 111 47 49 80
-876 535 56 45 79
-812 570 53 54 90
-727 592 48 48 83
-826 486 40 40 56
-825 151 60 42 75
-897 605 41 44 87
-803 131 52 58 61
-773 209 46 58 66
-781 176 57 46 63
-790 221 39 49 76
-764 615 53 53 89
