521
253 170 160 103 9
1000
-971 408 52 43 141
833 167 58 61 191
937 83 44 48 196
10 398 60 51 143
77 219 59 61 168
897 66 48 53 112
-471 113 65 45 150
-419 302 62 35 163
-70 397 61 37 177
93 312 49 64 189
35 40 55 35 123
-784 50 47 49 197
678 163 43 66 195
401 282 39 49 178
-582 201 35 38 171
922 412 37 40 135
-661 177 57 48 186
245 78 34 66 146
102 165 57 41 190
888 278 48 42 186
-24 366 57 47 152
-52 346 66 57 128
-558 100 48 45 125
225 370 55 41 188
116 236 47 59 133
633 419 38 44 183
552 233 44 40 146
-508 381 64 45 128
379 8 66 66 139
-405 51 57 55 122
239 349 52 65 192
-176 263 38 42 123
208 408 47 55 124
-779 91 58 41 150
-525 354 34 58 115
-530 146 38 52 140
86 410 48 35 153
-954 297 58 44 116
-458 124 51 42 108
-337 255 47 43 118
480 133 56 38 116
112 145 59 60 139
-391 355 59 39 197
81 59 50 41 134
564 395 47 36 186
595 332 43 37 199
-353 258 43 59 187
875 284 52 59 200
189 179 44 43 139
-296 71 66 45 128
127 186 39 59 128
972 180 62 62 113
-63 120 57 40 151
-490 4 34 43 182
-178 344 46 63 156
674 172 57 37 114
654 83 40 34 123
-97 373 44 38 131
-717 362 36 51 169
-203 84 47 50 193
316 246 61 46 172
-605 277 36 58 183
372 315 53 45 119
-302 79 59 37 158
154 141 43 44 124
-770 33 57 57 128
915 77 56 65 113
-284 124 50 38 151
-157 157 50 53 115
653 279 58 47 117
-589 275 43 44 114
-47 185 65 58 148
-385 306 38 45 113
-62 391 52 39 133
-162 229 35 48 161
151 1 60 43 197
-364 122 40 56 159
931 157 47 48 122
-981 231 45 57 173
-554 117 38 35 177
18 191 62 36 111
-541 338 38 45 156
119 368 42 53 200
637 240 36 52 132
-770 51 65 47 113
165 202 56 39 104
-69 385 66 51 155
-944 4 53 58 118
-832 246 63 35 136
-783 105 38 37 193
-972 75 38 36 126
250 51 66 52 143
203 220 57 54 134
913 236 46 63 177
328 57 47 38 182
570 205 57 52 104
220 399 42 36 185
726 323 48 34 142
-843 262 35 62 164
-213 195 55 61 143
148 137 40 64 127
-807 193 52 49 108
773 174 62 64 101
-23 261 63 57 175
-814 321 40 39 120
950 80 52 35 196
112 337 66 52 173
396 357 58 62 131
147 378 46 55 106
463 385 60 53 119
-932 236 42 51 105
124 153 60 54 128
365 91 46 52 166
333 133 35 36 109
555 123 60 49 186
-697 27 60 60 170
230 247 35 46 155
550 5 47 39 113
202 85 39 38 191
-91 285 37 64 200
711 381 51 59 193
62 44 47 64 181
347 219 49 45 118
884 135 46 45 122
747 209 50 43 180
464 191 51 54 195
-703 366 46 58 168
-443 227 45 65 140
124 285 38 48 174
-11 409 53 36 163
253 65 37 44 199
449 27 52 48 181
869 100 48 54 175
273 73 61 60 161
-586 113 45 39 197
-757 87 41 50 189
279 342 49 64 168
-242 173 66 66 155
634 83 35 46 163
-613 156 36 65 179
679 14 50 57 176
634 157 55 59 132
-894 413 57 53 179
353 242 62 52 147
-847 236 50 46 123
-215 392 34 34 191
-104 400 53 41 115
725 306 56 60 128
-347 330 47 47 156
426 358 62 57 154
-2 108 60 60 175
784 420 62 49 184
130 138 64 47 122
948 254 44 65 140
886 199 55 61 126
453 190 47 54 193
502 378 38 35 127
803 135 54 42 115
-398 302 60 42 150
-313 297 66 41 172
783 205 65 53 141
-661 95 63 60 132
-707 171 45 57 118
-997 283 42 43 112
511 155 55 58 114
-90 311 55 64 148
261 316 52 51 169
552 73 56 42 156
-21 381 44 38 159
43 332 54 45 178
524 378 44 52 133
-88 5 66 52 101
28 72 46 64 168
-254 268 58 53 127
343 360 62 52 142
244 39 38 48 172
123 83 38 53 156
-617 69 58 51 127
136 68 61 63 141
125 1 40 64 194
-846 313 60 66 149
384 259 62 63 152
319 270 38 54 149
290 106 49 59 162
671 104 58 37 163
576 151 50 46 185
-745 296 44 50 101
71 241 56 64 132
674 312 42 62 174
-183 70 35 63 123
-367 183 53 50 139
259 287 59 55 134
-334 28 64 59 176
980 207 37 52 127
601 11 35 58 189
-752 167 52 57 177
-618 288 65 44 105
860 108 44 53 148
872 56 48 64 103
158 312 34 50 126
426 106 65 47 171
920 297 60 42 178
321 39 39 45 165
-59 14 56 56 119
-424 368 40 57 107
866 157 36 54 137
717 24 59 46 163
-431 27 58 38 122
-391 94 51 55 171
207 298 63 34 152
-617 412 36 61 154
-48 185 43 57 115
-733 309 37 50 188
860 409 41 47 108
959 411 35 63 194
-860 274 66 56 178
535 42 56 47 172
365 120 45 55 132
345 393 53 43 103
-639 97 64 42 144
-991 300 57 54 193
412 398 42 55 128
-122 293 53 52 108
327 202 53 47 128
-371 283 34 41 145
-847 18 44 38 142
-667 292 49 58 101
-192 50 36 41 123
-853 305 36 40 190
650 144 52 62 171
7 109 37 45 108
-197 369 38 45 133
-243 393 66 66 133
-80 357 62 63 118
541 311 45 37 162
51 288 45 60 154
-456 301 61 62 184
-253 421 61 56 134
98 198 49 45 161
248 76 50 63 144
99 256 61 50 162
-598 114 49 61 190
683 370 40 52 149
874 164 65 42 199
-353 228 43 38 152
-290 293 65 43 129
-448 285 39 63 130
-95 392 61 53 156
861 19 62 66 141
656 367 55 58 134
-919 306 41 55 116
-101 137 53 49 116
-45 412 48 55 173
766 188 62 42 182
-71 8 45 47 173
-831 282 47 63 157
-392 98 62 56 122
-372 106 44 55 160
830 395 45 55 140
-823 69 59 65 119
-695 403 63 57 153
-821 365 65 51 107
924 71 63 58 175
-397 338 43 48 160
646 108 35 56 122
957 236 42 51 186
820 366 51 60 168
-809 81 35 48 105
607 48 63 46 124
206 386 50 40 157
642 81 41 57 137
897 215 36 34 192
-884 152 41 38 115
-869 316 40 57 133
973 295 49 37 150
507 330 45 45 119
-696 14 43 35 170
838 415 42 62 137
205 284 46 35 200
-879 379 47 65 197
-317 127 52 62 149
58 58 45 43 158
-603 236 56 55 196
64 188 34 50 190
806 79 34 39 117
-653 36 56 41 164
-295 396 34 37 138
-339 105 47 54 149
127 46 65 60 145
-480 396 40 45 198
-629 185 52 52 192
23 394 47 61 144
486 281 57 45 125
53 269 34 34 144
-270 366 41 64 118
-979 58 60 54 126
-789 406 43 43 156
-652 160 55 36 195
465 86 43 39 144
-414 9 48 39 110
-591 415 50 49 110
-956 70 46 39 104
-58 264 40 43 115
-912 94 59 51 113
679 312 38 63 171
674 80 61 53 154
727 145 54 41 153
-410 298 44 43 107
-156 159 38 62 165
717 74 38 51 158
-446 257 62 62 133
324 159 54 47 127
-685 406 55 44 198
-643 231 47 36 184
-355 107 40 46 172
-606 282 44 37 111
-982 299 52 59 154
63 30 39 40 135
760 381 34 61 154
-931 321 51 35 132
-899 195 58 52 112
-239 120 60 63 107
22 66 39 35 152
-248 364 38 58 167
-640 199 35 39 126
354 150 63 57 164
-850 240 50 60 145
922 249 35 62 153
-492 402 36 47 188
-183 46 44 62 159
485 356 43 49 188
634 416 44 48 157
550 280 54 62 190
-675 2 45 45 117
26 269 64 35 107
-766 414 41 56 183
83 298 50 61 126
235 106 60 47 128
863 171 54 38 199
-295 169 58 49 154
-885 176 55 57 182
-455 325 63 58 170
-465 264 66 41 148
539 366 51 45 175
143 61 40 39 166
-762 249 46 57 172
-761 198 49 66 162
-989 172 41 46 157
-72 126 54 46 143
-929 202 36 63 159
674 122 36 59 110
980 166 50 42 181
-193 147 62 54 112
784 172 56 59 155
110 299 55 43 144
-774 366 64 63 139
-754 75 48 49 145
-282 359 51 57 101
-210 324 38 42 177
365 159 56 44 104
-292 407 58 63 130
-221 130 56 43 136
351 75 46 47 126
159 137 57 38 175
-872 31 58 54 192
762 49 52 41 125
242 30 58 56 128
-265 209 47 64 170
-90 291 37 42 136
379 198 60 54 139
84 142 63 65 134
852 169 63 63 145
90 330 59 49 195
51 282 54 48 197
680 278 61 54 186
-84 72 54 41 185
-608 110 43 50 155
121 254 38 46 167
161 61 63 62 148
9 273 46 63 196
-777 393 44 49 108
832 406 56 53 176
-218 278 57 65 161
211 1 48 63 186
-876 238 59 49 145
872 58 54 42 154
876 320 58 57 148
-29 141 42 60 153
551 374 58 48 101
729 266 66 56 181
-754 378 52 37 110
504 369 58 36 142
-122 169 38 62 169
-395 228 66 64 174
238 404 41 54 109
-644 100 46 55 167
205 263 45 37 130
-4 372 61 56 188
669 45 38 45 114
856 76 45 52 166
708 96 42 60 161
36 348 51 39 171
-499 354 41 58 192
-312 140 43 56 199
-955 319 37 42 175
498 330 45 50 185
-779 347 50 40 123
-711 164 41 58 170
-788 236 55 35 151
-639 242 62 58 112
140 39 62 62 169
-540 128 46 66 115
914 109 41 57 106
250 28 47 48 170
90 107 53 49 148
838 196 61 55 186
-43 182 41 47 167
387 316 64 64 165
345 52 51 44 136
-471 272 61 49 153
-871 250 54 39 167
-64 131 57 60 177
-157 41 41 53 140
100 283 38 64 161
-994 340 52 64 187
-269 84 57 63 123
226 354 42 47 113
-726 288 42 64 186
-733 283 34 49 189
-882 231 35 35 197
-146 196 36 59 135
-349 62 34 66 162
900 147 46 44 121
-747 131 60 64 121
149 171 47 56 164
543 222 61 48 193
980 5 44 37 107
213 260 35 55 108
-787 166 63 45 178
-475 294 36 48 148
179 322 41 55 135
-753 350 66 45 151
717 70 55 65 117
-62 244 38 65 127
270 392 34 44 168
761 276 57 53 120
-608 352 59 38 111
333 147 40 53 161
-515 161 54 66 133
207 215 44 52 119
-753 5 37 59 137
-474 157 43 46 145
-627 46 50 48 137
893 121 36 61 144
422 127 60 46 198
132 26 52 56 156
-839 390 47 38 159
507 147 62 34 173
314 157 40 43 194
125 403 56 40 192
-830 229 34 64 135
952 419 52 43 181
-713 173 37 39 173
-375 271 42 50 200
684 171 58 42 136
-363 173 42 47 172
-484 394 46 44 198
385 168 60 58 190
334 257 53 43 106
2 404 46 34 111
-907 197 50 64 144
792 420 36 65 164
-799 398 42 65 195
-986 274 52 35 104
309 367 55 40 108
-891 405 58 63 159
-825 188 34 66 147
253 78 50 61 135
282 146 54 42 185
151 240 37 38 111
-189 344 52 47 173
940 40 41 44 192
-291 180 38 65 109
-565 115 64 48 192
-786 414 66 63 138
-879 91 40 55 165
-347 229 38 64 189
481 123 54 59 191
698 196 49 48 196
15 192 43 50 171
-851 285 63 54 120
577 375 48 38 164
-805 384 46 39 187
-968 19 44 34 101
12 401 54 52 137
-796 227 66 49 143
729 366 47 43 166
413 333 60 64 184
-757 247 50 55 126
584 167 50 52 167
705 336 42 47 133
194 203 56 41 150
-973 253 51 53 109
763 114 61 41 151
-237 389 37 60 191
552 374 34 42 112
811 238 35 62 143
-501 400 45 50 112
-902 112 41 34 106
45 299 65 51 159
772 183 41 57 199
-39 385 34 61 180
-228 144 37 52 190
-318 283 65 57 196
776 218 65 62 102
840 128 61 42 172
-366 16 42 42 136
218 101 65 43 131
-591 409 39 54 161
-743 29 65 66 110
596 81 66 49 184
854 324 54 66 146
502 133 53 55 180
-142 251 45 37 174
-97 316 63 58 110
-762 259 34 58 118
600 222 41 63 150
-831 331 41 55 187
-256 230 51 43 162
-256 183 56 56 170
-193 354 46 49 173
645 133 60 51 119
769 350 39 62 119
443 90 35 55 137
506 209 60 50 105
32 302 54 43 127
331 11 56 54 139
114 249 44 62 162
983 176 58 60 160
558 368 56 62 101
-876 412 47 38 189
612 229 64 51 128
-837 28 46 49 145
-90 311 36 35 168
255 251 35 37 103
882 58 46 57 156
704 10 38 34 107
-832 108 41 61 146
531 201 38 54 195
-563 8 51 65 179
-582 67 48 51 121
217 15 34 66 121
-180 234 52 55 165
663 377 43 41 200
640 268 41 46 124
-583 351 43 58 183
-763 263 40 44 187
-107 114 41 62 199
-492 125 48 39 165
27 123 37 42 112
-703 317 34 38 198
113 117 61 38 121
-529 400 64 41 149
253 240 41 41 183
-130 375 63 56 180
-142 228 35 54 156
260 401 35 58 151
41 341 44 41 173
-232 215 64 36 175
629 25 42 51 178
54 268 34 46 125
454 54 53 38 163
756 46 58 46 177
568 232 36 34 146
-353 379 42 52 158
-149 336 63 42 191
21 81 49 53 194
972 115 42 42 123
319 313 43 56 196
596 367 37 51 145
212 302 43 63 135
878 65 38 44 173
432 101 37 47 122
-762 35 37 50 144
-381 344 50 60 148
53 30 44 44 111
343 93 65 42 158
-843 4 48 55 103
-266 346 62 55 195
409 143 46 55 138
134 325 49 64 158
-568 113 38 57 131
-64 235 51 42 112
735 26 46 53 161
-406 51 45 66 168
877 214 48 50 190
-190 169 62 50 149
862 321 50 52 182
-680 249 44 58 163
891 328 48 57 150
-639 201 60 46 195
-433 330 62 39 113
92 31 44 34 189
-285 49 38 55 161
-245 165 43 59 165
409 179 50 52 188
992 294 62 60 171
-508 250 61 56 173
-90 246 51 42 145
-8 32 63 50 109
898 268 51 41 177
-479 19 52 63 133
348 233 63 47 117
-100 186 37 58 181
-201 105 62 50 112
17 194 61 59 183
398 121 38 47 130
-835 202 62 43 195
-381 120 37 37 193
572 208 48 52 105
-785 375 36 53 117
-53 93 40 55 173
-867 244 40 46 156
664 231 41 56 154
568 332 41 34 181
27 166 48 40 167
-53 258 47 56 101
788 332 53 55 173
68 145 41 61 129
491 334 58 41 160
-487 271 58 44 171
-804 157 41 42 156
506 69 55 34 134
944 207 60 62 174
-513 262 42 55 116
610 311 59 65 144
-366 348 39 46 142
-495 245 59 60 107
-205 204 52 45 120
-932 109 52 58 150
445 216 39 56 161
-122 414 42 44 163
-648 272 57 39 107
-333 249 50 54 123
992 392 51 47 113
494 174 47 43 150
-241 137 52 66 150
389 378 42 42 138
617 79 54 52 189
322 41 35 46 130
-749 338 44 44 185
-665 188 55 65 166
-745 130 49 59 149
648 342 39 40 102
-566 5 59 39 172
944 29 57 63 106
-402 166 58 58 173
-651 169 53 37 113
-705 365 63 41 156
737 171 66 54 159
-90 134 54 56 141
346 346 44 54 142
-476 159 42 62 141
-813 371 35 35 121
-299 363 66 61 162
-656 328 60 43 117
322 64 57 48 122
-746 355 61 39 196
-463 381 48 42 119
-596 382 57 63 159
810 265 57 50 128
928 83 35 37 142
938 257 57 64 190
-496 7 49 38 120
-53 78 43 34 140
-247 223 41 39 103
-36 28 47 39 125
103 334 46 49 125
139 283 66 53 169
729 135 40 52 169
65 202 58 47 186
-936 417 64 60 158
182 362 52 35 178
578 361 57 39 161
-644 84 66 50 124
-714 57 58 66 165
77 229 44 38 150
802 225 52 62 199
-32 285 55 49 156
119 193 56 34 177
873 181 66 50 145
836 25 43 39 121
-745 42 54 55 119
830 357 55 53 191
876 223 55 55 166
726 72 42 51 167
-604 154 45 59 169
86 175 63 35 183
-52 346 45 65 155
-755 170 58 53 104
209 376 38 40 136
-482 285 44 64 200
-638 404 66 43 200
769 345 57 42 142
-906 310 59 57 200
857 158 64 50 188
635 125 56 61 122
-782 126 34 53 112
69 191 38 50 135
-174 5 55 38 174
-664 229 48 37 124
-115 259 34 44 192
45 63 34 47 101
392 371 43 34 118
-731 295 66 36 101
-609 255 51 45 134
-447 366 44 62 137
-479 125 65 38 120
308 358 41 65 197
159 397 66 42 105
-475 125 56 48 138
-684 380 35 56 123
-880 100 36 40 120
-572 50 41 63 111
-247 247 39 63 118
-831 94 42 43 133
-555 243 62 37 101
122 19 43 52 188
-957 83 36 39 172
-174 330 48 34 130
-426 92 47 50 124
-203 123 56 66 116
572 232 37 66 106
-684 291 50 57 189
651 31 53 46 124
-897 19 38 49 172
-537 278 48 35 179
-59 341 59 60 164
-80 206 53 37 172
-343 351 63 44 147
452 28 55 39 155
769 200 59 53 153
-957 201 63 43 192
-578 138 36 40 159
598 241 63 53 149
736 88 35 51 182
-677 115 46 58 104
18 325 49 54 171
286 366 44 54 116
-101 280 38 34 177
489 182 39 40 186
-297 382 56 37 188
630 283 66 55 143
-752 227 48 46 137
-674 41 45 63 158
-169 214 47 47 152
-26 256 40 46 156
-498 308 48 60 130
13 184 35 38 167
540 266 52 46 139
-655 367 36 45 152
-11 208 35 43 176
-281 219 47 58 199
-388 377 55 54 153
843 85 63 52 172
-421 193 55 60 167
-427 32 64 66 147
-58 59 65 54 101
-293 131 36 36 135
-280 338 54 52 178
-965 274 55 41 174
506 171 52 57 191
18 173 39 57 140
189 185 61 44 161
-761 52 44 55 129
41 363 37 65 198
187 147 52 45 168
462 195 43 37 167
-29 384 50 63 157
-176 394 57 35 138
-844 276 37 37 190
-893 57 35 50 129
-75 161 49 56 149
-374 268 59 50 137
-484 149 64 49 135
-293 95 37 52 161
-601 101 47 63 153
394 8 57 41 112
-102 399 66 44 125
-591 139 66 36 151
-528 103 61 56 116
318 78 50 35 119
698 331 65 61 127
421 187 48 49 137
-870 97 50 45 110
-64 83 59 51 179
-192 171 46 49 127
609 237 47 52 194
-349 199 46 43 170
-304 351 46 54 101
-278 233 62 62 108
677 410 45 42 184
-254 363 61 37 136
-881 15 37 58 189
-117 28 46 66 122
-854 90 50 60 164
933 9 59 65 195
-789 342 53 34 177
876 243 38 56 161
551 247 35 58 188
359 223 62 52 135
186 321 51 50 199
-170 403 50 52 143
113 19 48 60 196
-27 31 62 42 173
559 341 61 51 158
243 24 61 60 182
381 286 43 44 110
-104 55 48 46 115
-7 407 39 62 140
861 290 61 45 185
514 214 48 58 171
623 362 51 63 191
-23 272 64 61 102
-500 197 62 62 198
516 137 36 63 103
562 103 64 54 128
18 226 57 41 161
-252 407 43 62 182
-728 109 64 54 106
278 394 57 44 193
-468 101 47 43 189
-967 217 34 65 194
57 105 47 47 198
-561 168 56 41 122
-243 309 56 50 145
985 402 64 38 162
824 200 45 43 192
-593 404 39 50 157
986 161 43 54 152
-710 231 45 65 111
-870 185 61 34 149
215 303 61 61 162
597 141 58 52 175
269 170 40 36 126
853 72 36 59 158
723 286 34 56 107
754 194 62 45 176
627 271 44 39 135
-997 148 48 35 193
-273 334 46 44 123
-941 419 63 63 128
-87 165 42 48 177
189 76 48 42 104
-53 294 36 37 117
485 329 41 63 179
-676 276 43 64 121
135 205 58 64 144
228 310 37 38 181
854 132 62 65 143
643 242 46 58 154
-559 29 50 57 135
-300 104 47 56 183
379 203 49 49 163
-975 214 53 50 188
991 107 47 35 114
769 77 60 66 197
299 128 35 66 113
-598 419 65 52 191
570 188 62 63 146
-810 318 37 60 124
341 369 65 66 127
-249 262 57 45 168
208 342 57 61 171
772 257 49 39 198
-749 359 59 35 189
890 407 50 42 143
-369 84 39 42 162
497 154 60 64 114
566 128 54 57 124
-818 138 35 51 196
634 331 34 59 172
129 103 59 45 185
43 206 50 49 131
747 266 60 41 173
231 391 61 43 116
863 138 57 61 122
-902 246 64 34 161
-265 94 45 64 168
-447 51 37 40 131
143 236 39 39 113
-891 28 43 62 114
456 12 57 59 189
-723 22 51 47 200
-990 255 40 43 169
-607 191 40 58 192
122 9 49 45 116
40 42 63 34 110
-319 31 49 49 140
-129 283 58 45 164
395 400 54 43 146
-700 407 63 37 101
-455 56 60 55 123
833 329 40 54 103
78 327 66 50 190
238 262 44 38 109
491 328 42 51 135
400 333 60 49 110
-836 128 49 46 170
367 244 60 45 162
288 196 63 59 176
981 231 43 52 156
955 365 36 51 123
-434 69 65 51 161
-818 331 53 38 101
970 169 58 53 190
355 165 52 34 180
-40 104 52 36 140
540 250 62 40 197
906 339 60 63 110
-44 204 62 56 107
970 8 51 61 189
-775 284 54 35 121
234 207 47 59 130
-855 135 42 40 174
-768 154 36 40 106
105 254 51 46 127
194 284 44 54 133
-643 146 66 61 144
-29 255 45 43 161
-15 196 53 57 130
862 400 40 49 128
-978 316 37 55 194
609 14 58 56 107
-752 376 34 36 175
-343 45 63 37 174
-448 61 56 56 114
230 187 50 47 107
192 71 63 42 174
611 250 52 52 165
-83 1 42 56 160
991 414 57 44 120
997 193 40 62 103
-367 240 61 62 105
-310 155 49 64 106
-514 407 46 62 140
169 105 64 34 184
-22 206 54 58 172
53 272 41 58 102
88 238 40 62 104
-73 7 61 56 143
-954 349 35 60 197
860 75 44 47 117
-59 52 62 65 120
-36 192 61 57 139
-708 405 61 64 138
994 24 54 45 178
-204 82 54 62 165
-35 239 43 36 148
754 232 65 64 192
-673 281 41 40 153
71 360 55 62 171
325 347 35 52 149
-372 70 52 49 149
-947 79 65 38 140
-329 129 46 45 126
84 307 61 51 184
467 6 53 42 185
901 362 58 61 132
349 222 44 51 185
781 163 45 35 125
282 97 61 48 119
524 73 62 59 113
170 385 52 64 120
717 361 51 49 199
6 229 66 65 200
-886 359 54 54 119
482 179 57 65 123
253 104 57 46 140
307 134 34 58 194
-878 43 42 61 144
312 260 66 59 156
931 407 54 56 131
653 390 48 43 154
-180 169 35 34 184
-734 93 63 54 158
731 378 43 60 153
995 127 41 35 103
-906 87 44 43 112
-939 236 48 47 133
458 58 57 38 125
-20 393 56 52 143
893 243 42 61 147
345 185 60 42 145
-984 305 55 38 153
40 415 38 66 128
463 375 55 54 178
-355 1 47 61 183
530 331 65 36 185
-181 0 48 48 169
