878
128 96 97 60 5
1000
-725 761 42 45 68
-814 202 57 37 79
-701 69 47 55 54
-802 558 38 46 83
-803 223 54 53 58
-893 684 60 37 85
-865 481 57 53 84
-890 264 40 42 57
-804 718 40 48 59
-716 569 41 47 60
-828 454 55 43 55
-806 618 46 55 87
-853 652 44 51 56
-702 88 54 59 72
-777 698 43 52 65
-808 660 46 60 83
-745 164 38 50 64
-708 176 60 50 78
-898 585 60 48 65
-863 438 51 42 74
-795 572 43 58 83
-836 594 45 57 64
-854 698 51 57 90
-720 428 45 52 84
-780 115 44 53 67
-748 756 59 38 70
-845 606 57 57 57
-727 238 55 46 51
-805 692 50 60 75
-784 363 45 52 58
-770 196 42 60 78
-862 692 55 42 88
-766 463 50 56 56
-850 204 38 54 56
-720 471 50 60 74
-730 163 53 49 90
-807 448 36 42 77
-759 651 40 58 64
-737 199 36 56 72
-749 503 57 47 75
-873 629 40 49 76
-863 389 39 56 73
-745 180 51 41 55
-714 446 45 48 64
-739 29 46 56 71
-795 188 59 56 67
-891 274 51 54 60
-866 0 55 38 85
-720 476 37 59 68
-787 757 55 50 80
-831 132 50 51 85
-747 333 40 58 59
-843 439 40 45 56
-879 774 37 58 73
-711 264 40 51 64
-780 4 39 55 86
-897 276 40 50 51
-755 702 48 56 65
-717 130 55 56 67
-869 389 53 50 55
-705 722 55 47 57
-783 202 47 41 88
-764 496 42 44 54
-745 469 49 42 82
-776 4 52 55 66
-834 279 52 49 53
-846 626 51 41 59
-730 225 37 37 53
-703 165 40 47 88
-866 482 44 36 64
-822 363 60 53 62
-850 240 47 43 86
-788 493 51 47 70
-855 729 50 39 51
-763 432 60 59 88
-714 216 41 45 55
-896 484 54 56 57
-840 446 44 44 60
-787 235 40 44 78
-782 91 48 56 64
-792 339 41 51 87
-868 189 45 55 90
-736 675 59 57 72
-730 643 45 41 73
-787 625 49 47 85
-733 72 38 50 57
-843 236 38 58 68
-707 747 52 49 75
-888 164 41 58 78
-723 646 57 37 75
-818 100 53 55 89
-838 208 58 41 57
-789 339 54 57 77
-856 140 58 60 69
-834 404 47 51 88
-750 2 46 50 56
-778 110 37 36 60
-823 32 56 60 83
-740 418 56 40 77
-832 463 56 59 87
-808 349 58 51 78
-868 403 57 52 89
-769 663 52 36 76
-727 144 53 50 77
-781 202 43 45 71
-851 232 56 60 78
-815 731 47 42 79
-789 280 52 40 78
-717 161 53 44 60
-807 530 58 44 63
-734 614 46 52 69
-708 732 42 49 81
-753 556 53 40 53
-779 348 55 54 77
-774 729 48 39 85
-857 510 57 38 65
-868 465 40 39 80
-873 550 38 46 84
-881 289 50 55 89
-795 361 36 51 85
-868 145 41 51 88
-840 430 57 53 81
-722 9 39 60 86
-850 197 42 40 54
-824 265 38 50 67
-805 144 48 38 62
-815 366 59 50 56
-804 363 43 52 52
-818 740 41 50 74
-812 573 56 42 77
-899 295 58 53 76
-857 566 58 60 85
-745 768 50 36 66
-701 85 43 58 62
-713 582 52 50 53
-815 657 57 55 84
-773 453 54 38 80
-891 299 40 49 79
-740 67 52 47 56
-722 178 42 41 73
-887 303 44 41 82
-850 499 52 53 71
-839 714 49 36 76
-798 36 59 54 90
-748 630 52 47 89
-829 481 39 59 55
-797 70 57 56 90
-745 564 47 43 86
-806 427 58 41 67
-801 200 36 56 69
-765 712 60 53 59
-741 23 53 58 65
-764 414 39 41 78
-704 634 36 52 62
-881 532 53 36 64
-893 729 51 58 81
-704 571 40 57 55
-736 304 46 49 55
-802 647 49 39 51
-742 442 51 51 84
-764 481 37 39 81
-873 228 54 44 55
-803 170 46 55 51
-885 505 44 60 51
-887 99 46 53 66
-830 761 51 45 61
-728 451 58 43 85
-860 95 40 51 79
-798 778 57 42 55
-782 277 52 59 65
-778 298 49 58 71
-764 486 47 36 78
-719 615 44 43 57
-837 181 58 36 58
-798 683 39 37 87
-897 774 54 55 81
-743 64 59 46 56
-799 480 52 47 59
-838 730 40 42 73
-885 274 57 45 85
-763 584 54 40 68
-890 53 37 49 90
-873 454 38 41 71
-736 618 55 41 52
-737 240 60 41 75
-817 127 54 40 54
-837 769 39 45 65
-894 88 56 45 80
-767 621 50 48 85
-774 375 37 45 68
-830 468 41 55 84
-781 725 38 45 59
-864 259 56 49 60
-887 762 37 48 86
-750 412 45 52 79
-826 518 57 47 61
-850 540 38 37 72
-860 746 39 48 89
-836 696 42 53 57
-705 677 46 43 66
-745 195 45 51 56
-731 190 45 53 89
-738 132 47 57 55
-788 283 36 57 87
-852 504 47 60 83
-843 698 58 52 58
-716 219 48 50 51
-891 204 48 48 81
-879 379 54 47 53
-709 205 54 50 70
-782 345 42 58 63
-724 599 53 43 58
-847 771 51 51 54
-711 272 36 53 61
-821 747 52 50 63
-878 80 45 48 89
-811 201 52 49 84
-786 25 53 43 62
-723 17 58 46 62
-877 586 52 55 76
-706 7 37 60 57
-819 422 36 49 81
-792 418 55 44 87
-729 399 39 46 69
-862 568 47 53 64
-746 82 46 51 86
-807 323 52 38 68
-876 51 53 52 86
-726 683 59 36 58
-743 4 42 37 53
-731 244 59 48 76
-753 341 41 46 65
-846 183 50 56 86
-829 131 60 57 90
-828 457 56 51 62
-839 514 58 43 65
-815 604 51 54 54
-872 25 55 40 52
-810 37 37 42 51
-727 76 58 38 54
-779 72 43 36 61
-846 688 46 55 59
-725 94 36 38 80
-786 711 42 40 81
-732 174 56 48 84
-710 150 55 39 76
-827 526 42 56 73
-869 322 57 39 52
-881 105 45 39 77
-841 92 56 53 65
-886 748 46 44 82
-884 600 49 53 68
-884 199 39 51 55
-725 715 55 57 90
-796 486 39 51 56
-865 407 42 41 78
-825 577 53 40 57
-896 0 60 58 81
-718 253 56 51 70
-882 91 51 54 51
-771 369 52 39 59
-851 332 41 43 62
-747 323 47 59 66
-877 80 59 51 73
-772 417 59 48 54
-775 723 55 58 81
-857 447 41 54 78
-777 745 54 52 63
-748 686 58 40 53
-782 413 55 43 61
-768 665 59 36 59
-839 55 52 50 68
-809 173 54 45 75
-767 231 60 55 70
-715 326 40 51 88
-835 676 49 38 53
-887 407 37 41 68
-713 435 57 60 57
-757 356 41 47 65
-702 517 46 49 89
-828 218 59 39 81
-815 523 53 54 76
-783 82 37 44 67
-791 228 37 59 82
-854 108 42 38 52
-832 661 53 49 58
-858 573 53 37 84
-792 491 43 40 90
-732 103 37 40 66
-846 13 43 51 62
-764 381 58 48 80
-845 470 46 38 87
-823 81 55 36 79
-721 44 48 50 81
-797 19 51 56 88
-873 303 52 51 69
-833 524 59 49 59
-870 494 47 60 56
-791 352 60 38 68
-855 212 54 56 70
-803 140 59 48 75
-808 256 44 44 79
-760 103 54 46 71
-735 96 43 45 88
-874 597 39 40 52
-711 26 54 43 52
-775 315 40 42 58
-804 616 46 49 82
-702 625 55 41 57
-778 570 44 57 65
-718 553 54 59 81
-868 570 50 59 76
-812 161 40 53 68
-725 722 52 55 82
-822 367 39 56 75
-788 186 42 51 83
-829 360 38 55 66
-807 425 51 37 71
-884 399 39 60 70
-773 210 56 37 54
-724 520 50 42 88
-824 633 40 48 86
-812 593 57 59 80
-781 252 60 53 87
-730 517 47 41 89
-847 699 47 50 56
-848 548 42 57 56
-770 62 44 42 72
-884 686 39 40 66
-878 93 52 38 86
-890 309 54 59 51
-842 624 49 51 58
-883 666 59 54 78
-729 612 41 47 87
-749 48 47 54 84
-753 175 47 38 52
-870 532 44 52 83
-790 592 40 37 72
-715 56 55 54 67
-731 757 40 54 70
-839 155 56 47 55
-786 383 53 58 72
-893 21 39 49 71
-799 144 37 60 82
-818 495 52 41 52
-736 437 59 56 80
-710 17 44 58 87
-745 623 52 59 74
-751 371 41 39 62
-887 79 44 47 67
-737 527 60 47 51
-840 718 52 49 68
-715 567 40 60 70
-850 454 37 53 55
-863 519 39 60 80
-871 754 43 37 79
-862 138 56 60 63
-725 666 38 46 72
-871 737 60 47 57
-864 570 53 46 80
-728 568 56 52 55
-824 633 44 54 84
-791 257 59 60 73
-840 737 58 50 54
-724 459 43 55 89
-778 630 46 46 57
-745 529 37 58 53
-785 745 50 53 86
-792 728 40 50 77
-733 131 46 56 79
-774 609 43 49 55
-767 621 39 48 75
-720 301 54 48 74
-816 326 44 52 66
-722 8 36 40 87
-900 485 50 40 85
-833 37 58 36 66
-761 335 59 46 81
-744 614 59 46 67
-708 468 60 46 76
-809 106 47 40 52
-844 752 38 59 68
-794 65 46 50 77
-819 385 60 60 82
-709 173 55 44 80
-744 497 48 47 77
-747 363 52 37 68
-708 346 37 51 66
-879 487 57 44 60
-743 411 58 46 77
-837 286 40 54 52
-711 404 60 39 65
-841 580 49 49 85
-704 570 59 40 89
-880 230 58 53 72
-734 667 55 41 63
-716 326 43 39 63
-751 256 37 53 57
-867 567 36 50 62
-795 675 52 43 57
-821 346 56 40 62
-864 0 43 46 76
-848 629 39 45 74
-718 402 43 38 70
-793 90 46 47 62
-721 601 44 53 67
-825 435 53 44 67
-850 370 42 47 51
-727 228 50 52 52
-741 763 42 58 57
-723 160 37 58 74
-771 568 42 48 69
-768 363 43 56 64
-846 698 54 37 60
-837 141 41 52 90
-749 69 60 56 51
-838 27 51 51 84
-819 226 45 49 58
-867 510 36 44 74
-802 582 44 45 69
-879 212 45 51 76
-839 401 50 41 75
-825 119 56 37 86
-813 384 48 51 69
-724 351 54 47 72
-778 659 41 59 78
-852 457 57 43 85
-894 430 55 40 56
-859 579 46 49 54
-762 466 37 42 58
-798 238 55 42 60
-724 770 53 51 65
-781 188 57 44 65
-883 621 50 50 76
-701 416 50 43 55
-882 64 37 53 66
-889 36 52 49 78
-780 40 60 42 87
-770 722 36 43 65
-745 705 50 48 55
-866 148 60 58 86
-777 68 51 55 53
-741 583 37 54 90
-776 288 51 56 81
-790 265 48 59 79
-835 166 43 43 64
-833 290 41 60 86
-858 31 56 58 75
-895 469 47 47 75
-843 561 58 48 77
-787 251 60 55 84
-718 154 53 43 84
-759 474 47 59 83
-738 594 43 53 69
-875 389 59 52 52
-839 358 40 53 57
-741 605 60 39 53
-778 696 45 39 57
-763 525 48 50 51
-806 515 39 40 55
-707 465 53 49 65
-743 446 46 47 74
-850 65 42 44 90
-889 642 40 58 58
-772 604 50 46 90
-730 590 54 49 66
-818 720 50 49 84
-859 93 50 56 76
-845 37 49 45 88
-852 190 49 46 66
-731 49 47 57 68
-874 113 43 49 61
-772 673 44 60 75
-733 206 46 49 80
-751 751 38 39 77
-743 768 36 41 83
-811 25 41 59 59
-701 48 55 52 60
-804 189 41 60 59
-777 712 49 37 86
-847 402 48 56 59
-791 460 47 40 79
-812 674 55 36 56
-823 772 44 52 83
-758 119 43 37 85
-823 19 57 59 81
-812 527 52 42 74
-900 438 49 49 66
-734 660 51 52 63
-797 258 42 51 69
-729 372 46 51 72
-706 630 38 38 70
-712 552 49 45 60
-840 760 43 38 51
-709 758 43 48 76
-704 167 48 42 72
-826 409 60 54 62
-850 390 39 48 90
-772 746 58 42 67
-854 371 56 60 80
-736 144 50 42 63
-707 192 48 42 64
-743 553 50 36 56
-859 222 45 53 89
-724 123 55 60 72
-736 352 39 47 54
-873 156 55 40 72
-781 397 38 47 64
-816 415 49 57 65
-837 36 49 45 52
-777 244 45 38 63
-825 611 52 55 72
-792 271 43 53 64
-828 306 53 46 78
-879 98 59 36 56
-873 395 43 60 53
-849 672 52 47 78
-768 151 50 37 58
-862 554 44 42 82
-768 721 60 52 75
-712 0 52 43 75
-753 164 40 38 79
-800 220 43 40 54
-800 413 57 53 65
-739 342 48 43 59
-805 330 37 60 75
-761 564 48 50 78
-717 470 59 59 80
-733 527 54 39 57
-790 340 46 40 73
-852 537 39 36 73
-717 500 43 59 89
-859 748 60 48 63
-863 744 43 41 60
-900 628 37 49 74
-705 386 46 55 80
-853 8 43 36 56
-853 652 59 46 52
-706 331 49 59 86
-771 527 37 51 83
-720 362 60 36 70
-871 84 40 40 76
-732 391 59 56 85
-822 759 52 37 62
-889 648 58 54 86
-761 731 38 41 62
-774 384 58 37 64
-753 536 36 38 54
-876 625 41 49 58
-766 383 44 47 83
-839 755 39 54 82
-731 195 53 50 72
-831 460 49 56 53
-719 624 54 53 90
-844 188 58 43 90
-868 476 55 58 61
-739 705 37 53 74
-781 261 58 44 68
-730 94 47 60 53
-801 475 41 52 76
-748 148 38 54 86
-804 303 50 56 82
-853 21 45 54 65
-704 721 51 56 76
-879 621 56 46 68
-792 366 53 41 68
-897 302 46 45 77
-760 742 39 40 52
-873 415 49 51 80
-867 398 40 58 62
-848 750 49 48 85
-786 333 58 51 81
-747 384 60 45 76
-739 683 37 56 80
-826 302 46 40 81
-718 442 49 41 67
-784 78 55 43 71
-785 79 52 48 65
-823 453 36 48 54
-762 469 48 49 68
-839 221 55 39 85
-870 155 54 39 66
-820 473 45 42 69
-803 673 44 48 69
-891 16 47 42 72
-788 418 37 44 83
-899 406 39 45 64
-774 7 43 43 62
-843 377 53 36 77
-894 431 55 59 76
-801 467 51 60 60
-811 243 41 59 82
-860 81 53 40 57
-884 692 39 49 57
-814 475 40 59 57
-793 456 53 57 61
-777 742 43 43 90
-788 490 51 51 66
-810 547 50 57 85
-762 145 56 51 75
-811 536 43 58 84
-722 715 58 59 70
-859 395 44 39 55
-786 48 45 59 86
-761 474 37 49 57
-793 338 47 44 52
-814 502 53 58 80
-818 758 49 59 74
-870 741 58 59 74
-799 345 51 59 78
-743 615 54 54 60
-742 699 53 51 73
-719 124 45 41 75
-718 322 47 40 89
-794 311 53 55 55
-767 728 40 53 86
-872 312 54 41 65
-798 687 52 50 85
-739 603 37 52 76
-707 36 37 50 88
-807 394 46 58 63
-718 335 56 52 85
-866 317 38 48 55
-815 536 46 46 85
-892 296 49 36 79
-747 235 59 42 75
-780 399 50 37 59
-766 551 41 38 55
-866 335 49 48 78
-756 249 43 59 75
-782 721 51 42 62
-722 241 42 42 56
-824 186 38 40 70
-831 94 40 58 83
-885 301 53 58 81
-886 484 51 56 61
-898 251 50 54 55
-876 480 59 36 83
-897 747 45 37 77
-753 586 58 54 81
-727 640 45 58 81
-711 272 54 36 62
-732 658 60 46 55
-864 681 45 36 89
-855 70 53 60 72
-734 75 56 46 53
-703 225 40 43 69
-725 5 46 57 72
-793 394 55 43 83
-849 602 57 38 76
-813 339 47 42 89
-717 341 51 47 86
-843 316 47 43 54
-871 607 56 48 60
-890 450 36 53 67
-817 142 45 56 89
-828 771 46 41 76
-762 115 37 45 60
-811 676 36 37 84
-838 226 60 43 71
-803 300 47 57 90
-852 285 43 51 67
-737 54 39 40 85
-841 591 50 56 71
-711 528 42 56 85
-888 544 51 55 54
-835 454 51 42 71
-716 11 53 36 59
-850 362 36 57 76
-755 122 41 52 67
-769 435 43 52 76
-764 132 58 59 60
-809 489 42 52 80
-862 289 49 38 87
-716 1 60 53 75
-897 267 58 38 74
-854 40 41 54 56
-708 175 55 42 82
-852 186 51 40 82
-730 767 54 55 53
-807 96 48 48 51
-772 696 53 54 85
-734 143 37 46 76
-786 261 50 49 85
-889 712 44 43 78
-714 299 60 53 77
-810 622 44 52 59
-866 455 60 43 74
-747 178 48 48 83
-762 118 50 49 86
-757 262 53 50 56
-870 778 47 50 89
-867 178 45 49 59
-857 24 41 39 79
-851 516 36 41 77
-742 754 43 49 68
-718 368 48 42 83
-841 624 59 60 53
-853 153 41 54 60
-896 357 48 50 76
-802 385 57 45 66
-767 290 54 52 62
-894 731 47 49 57
-819 274 36 42 85
-802 66 48 50 76
-894 5 52 60 61
-726 37 50 58 68
-891 733 43 51 70
-712 707 55 57 72
-896 445 40 42 76
-704 155 55 54 66
-825 271 39 57 59
-818 145 52 42 60
-749 213 58 39 59
-899 682 56 58 65
-852 160 47 37 65
-759 529 36 49 65
-887 423 37 53 84
-798 442 55 53 59
-759 555 55 36 85
-703 452 40 36 81
-703 454 43 45 71
-738 102 40 55 74
-710 32 39 56 56
-836 83 36 52 61
-791 8 52 46 81
-853 306 50 38 82
-862 72 53 46 51
-779 624 39 53 84
-795 716 59 49 83
-706 769 55 40 62
-747 264 45 49 59
-818 383 43 59 87
-862 82 38 47 82
-720 359 38 59 89
-847 249 38 52 57
-879 676 45 57 81
-883 720 36 47 83
-845 736 53 52 69
-742 716 54 45 65
-718 360 55 50 74
-857 530 53 55 79
-816 361 40 56 57
-708 355 49 57 77
-733 569 36 58 83
-827 368 54 46 59
-810 449 42 39 60
-810 240 41 53 85
-754 287 60 49 76
-708 764 54 56 68
-710 81 47 52 55
-872 56 37 43 76
-707 702 42 44 57
-728 183 55 50 75
-839 183 54 54 88
-876 359 42 47 89
-787 532 46 56 68
-825 424 53 56 85
-740 195 40 36 57
-846 317 43 42 88
-751 22 49 38 61
-846 750 44 58 69
-811 533 57 46 79
-732 358 45 54 69
-725 318 47 40 53
-764 343 41 53 81
-884 390 45 51 63
-813 103 46 50 53
-737 588 52 42 90
-719 233 51 38 53
-769 172 55 57 51
-873 545 57 57 57
-761 513 59 53 59
-860 419 48 59 63
-788 774 39 38 60
-718 169 40 59 79
-793 225 45 43 67
-834 658 40 47 56
-883 100 44 48 57
-869 404 39 57 78
-731 665 45 38 51
-745 61 48 43 59
-753 34 50 54 52
-738 180 36 52 53
-747 642 47 52 80
-751 535 48 48 69
-855 27 42 51 52
-771 687 42 55 80
-732 490 55 36 53
-766 474 60 43 57
-762 558 52 43 61
-846 759 39 59 56
-754 315 51 39 66
-857 513 49 55 70
-825 693 49 59 68
-871 416 40 41 78
-863 136 41 53 82
-888 90 46 57 72
-850 664 42 43 87
-897 516 43 47 52
-824 485 60 44 59
-853 407 55 48 72
-807 121 47 56 74
-833 382 47 48 64
-821 205 50 39 71
-721 285 59 59 72
-858 546 58 60 54
-737 102 56 47 85
-729 605 42 37 57
-846 746 58 44 70
-788 265 56 50 51
-887 760 58 60 79
-843 106 39 42 58
-810 614 54 39 76
-776 413 49 60 61
-711 466 52 40 83
-772 438 45 47 57
-751 364 51 38 89
-757 70 38 55 51
-881 400 46 36 80
-735 115 47 49 58
-851 96 54 44 80
-764 167 42 54 58
-788 82 57 56 70
-827 347 59 44 54
-720 644 53 59 59
-882 59 49 39 57
-883 470 50 51 57
-811 688 58 41 65
-864 160 42 57 67
-789 362 55 48 54
-720 689 47 55 74
-739 258 42 39 89
-878 125 48 37 87
-883 291 45 47 78
-731 596 52 56 90
-769 607 37 44 67
-718 671 48 55 70
-871 17 41 60 67
-706 498 49 60 51
-702 452 36 48 80
-846 408 39 47 74
-793 673 37 40 87
-707 671 51 47 53
-787 593 60 54 85
-867 408 57 56 90
-842 547 47 49 78
-866 770 58 42 82
-855 469 44 56 65
-704 138 40 39 52
-755 612 38 46 72
-864 273 48 42 54
-712 313 42 44 56
-713 719 44 44 86
-722 474 40 44 76
-778 325 46 58 54
-854 342 54 42 53
-702 498 42 42 55
-837 332 55 60 57
-767 51 45 41 59
-892 603 40 50 78
-718 636 52 38 78
-796 258 55 58 55
-779 182 37 42 51
-883 368 55 58 72
-742 368 48 48 78
-774 773 50 56 67
-735 676 38 44 60
-803 81 60 60 65
-830 39 38 59 52
-728 759 51 50 88
-828 657 60 56 62
-826 479 59 36 53
-843 760 47 40 79
-840 287 46 56 57
-728 620 40 42 76
-722 117 44 44 88
-722 518 39 37 51
-769 251 47 53 51
-884 403 60 49 86
-725 158 43 45 52
-806 48 53 51 81
-832 343 54 37 89
-766 168 47 38 70
-866 419 45 51 76
-801 575 43 46 62
-819 737 51 49 72
-834 196 46 47 60
-857 420 46 53 77
-782 734 53 53 70
-809 278 53 53 81
-754 191 49 37 64
-857 464 59 57 52
-823 645 42 53 85
-837 425 37 39 70
-723 748 36 44 67
-789 252 60 38 67
-746 594 55 36 74
-712 13 58 36 76
-838 323 47 46 74
-835 435 43 49 62
-753 462 50 37 64
-729 313 49 56 64
-814 411 57 59 56
-857 13 56 53 51
-727 364 57 53 74
-709 303 51 37 85
-720 763 36 54 55
-797 648 49 50 72
-878 358 49 39 57
-748 93 41 46 81
-835 604 54 38 51
-732 303 46 49 60
-739 573 51 43 61
-723 408 51 53 72
-734 651 39 56 67
-899 282 41 53 80
-729 730 48 50 69
-759 397 60 39 65
-858 609 60 40 60
-704 713 57 48 55
-816 685 48 57 77
-782 288 45 60 85
-885 60 39 60 51
-740 740 54 59 81
-883 354 39 40 84
-742 210 47 41 55
-883 172 39 59 78
-733 530 59 50 87
-807 156 55 36 54
-712 203 38 47 86
-811 109 44 59 80
-812 726 37 46 55
-753 622 52 41 84
-824 748 53 44 63
-776 436 52 60 71
-726 494 40 38 79
-839 676 41 42 70
-738 50 41 44 86
-828 350 46 42 60
-890 262 42 46 79
-856 466 52 51 89
-738 743 39 39 59
-793 2 54 41 78
-816 375 59 60 88
-734 230 42 44 67
-772 26 36 37 82
-845 259 38 54 82
-762 622 43 50 81
-822 30 49 54 88
-743 30 57 54 75
-730 119 47 55 67
-893 586 45 41 73
-853 380 51 55 56
-703 17 49 50 89
-872 39 50 50 89
-894 606 52 60 72
-808 482 49 49 70
-781 411 58 42 79
-855 461 56 60 65
-896 500 56 53 63
-820 183 37 38 55
-868 557 56 44 77
-761 429 58 45 73
-851 637 49 39 78
-877 378 50 37 77
-863 355 48 50 65
-718 63 51 48 62
-898 248 48 54 85
-769 5 59 52 63
-860 307 50 41 81
-871 103 53 40 52
-717 395 59 40 66
-797 755 44 49 55
-778 541 41 36 78
-834 750 44 39 89
-820 486 50 57 58
-769 75 59 47 79
-775 614 40 53 67
-838 145 47 37 70
-843 444 36 55 52
-847 498 39 36 65
-711 708 60 54 51
-895 172 57 50 67
-777 409 45 39 63
-716 159 45 40 73
-890 491 38 41 57
-894 234 60 55 62
-845 40 40 55 85
-817 246 38 36 65
-780 585 43 46 81
-832 507 41 53 71
-834 594 60 48 80
-782 229 49 48 72
-823 334 42 41 53
-832 667 41 58 58
-847 276 56 49 65
-812 495 43 55 56
-774 463 47 43 51
-712 64 42 60 81
