854
201 82 67 76 10
1000
624 600 54 49 51
598 380 56 59 45
632 408 38 47 54
643 200 36 47 74
620 253 42 53 60
655 595 52 57 64
678 608 41 54 53
636 365 52 44 72
635 716 42 59 73
504 509 60 46 54
504 480 46 39 67
584 174 38 42 65
599 289 58 58 79
596 366 40 60 67
656 600 60 50 48
547 313 40 54 82
573 364 43 43 71
502 631 36 39 64
689 724 37 48 48
665 381 37 50 47
659 381 39 51 55
697 107 47 39 60
584 53 44 47 61
624 672 49 54 52
696 608 50 38 67
667 137 59 60 57
666 647 44 49 72
543 551 51 52 53
589 195 54 41 67
698 462 54 40 61
529 19 53 52 67
616 501 59 54 82
532 48 46 50 47
513 666 43 51 77
665 79 58 56 60
640 715 51 49 87
663 618 38 56 57
688 489 49 54 54
551 243 57 58 78
697 492 46 55 73
573 218 60 40 68
669 711 50 52 49
644 557 49 37 72
561 125 46 43 70
610 521 51 54 46
579 62 56 49 73
577 311 60 60 79
607 501 40 58 51
638 337 52 41 79
568 230 52 55 79
533 81 52 53 47
689 577 54 44 52
607 342 59 41 81
671 493 48 56 85
508 674 60 39 75
590 117 50 57 63
633 558 50 45 59
649 495 39 49 51
632 398 38 51 66
626 488 51 44 54
641 528 44 47 62
664 724 54 45 55
625 18 48 42 69
665 605 52 56 85
586 0 52 43 56
577 110 42 56 56
507 438 54 59 77
603 673 45 36 57
517 620 56 42 72
617 409 59 44 67
617 311 56 58 66
588 697 41 54 48
546 136 51 43 76
673 645 50 39 70
619 149 40 47 47
698 535 37 43 68
698 389 49 55 61
562 205 56 43 83
667 458 52 57 62
561 76 37 48 50
697 19 46 60 69
637 284 40 56 49
545 720 57 38 80
678 652 36 47 88
644 230 48 42 47
590 130 50 41 58
638 683 37 49 70
570 635 56 38 71
636 329 50 49 83
653 105 56 59 57
660 175 42 46 59
539 326 48 50 76
607 472 38 39 58
699 629 51 46 58
689 726 60 37 73
678 8 56 43 45
612 422 56 39 52
649 418 40 38 84
500 424 46 43 55
535 408 50 49 60
607 463 58 56 82
653 597 44 43 54
683 201 39 43 49
683 179 45 54 72
611 639 52 59 88
602 107 53 42 51
502 413 38 36 71
506 525 38 48 49
650 151 41 39 72
564 118 48 39 76
588 442 45 51 53
686 425 43 50 67
510 205 48 43 73
690 387 44 51 64
633 137 41 56 64
515 621 60 56 63
682 502 47 58 49
684 596 36 60 48
622 314 39 38 54
572 406 48 37 45
665 717 57 51 86
662 458 39 38 68
573 40 47 46 75
569 63 57 39 45
622 238 37 57 76
653 242 38 55 54
698 270 51 49 83
681 379 50 37 49
550 460 42 42 49
523 469 48 48 50
689 521 56 40 77
598 667 56 58 72
514 600 48 49 58
539 54 36 46 60
553 609 40 38 47
555 488 47 42 82
584 731 47 47 74
652 130 43 39 70
511 122 39 54 85
626 169 46 55 76
550 308 42 51 58
604 155 54 41 73
605 444 47 59 67
685 407 52 58 63
585 710 44 47 87
662 703 44 42 67
647 194 58 45 82
542 0 37 59 49
633 186 37 43 52
618 456 45 47 82
651 287 57 39 74
584 248 48 54 64
668 485 41 59 76
571 34 52 36 69
528 723 44 50 51
637 68 48 56 63
533 277 55 49 59
575 674 50 50 84
602 742 60 55 59
615 247 59 46 46
525 476 60 49 74
556 491 55 46 58
663 299 58 39 60
552 91 48 53 74
659 591 49 41 77
683 556 58 57 71
600 57 38 59 47
633 324 45 46 82
543 76 46 48 73
615 468 51 56 88
653 560 54 57 87
644 197 38 52 86
672 683 53 51 55
602 55 39 40 73
632 328 46 58 78
646 728 60 55 82
695 182 45 51 71
637 734 52 46 81
641 540 39 55 66
564 39 58 46 50
554 221 47 36 48
524 6 38 36 68
532 128 44 36 72
650 707 41 37 82
638 49 55 43 60
553 401 36 41 74
577 660 38 60 57
525 186 58 45 61
579 334 43 41 80
631 221 50 43 48
528 478 44 60 53
592 111 52 55 76
609 267 56 45 86
575 358 41 48 76
577 163 39 52 58
595 437 39 56 68
542 360 50 45 79
647 680 52 41 50
681 229 50 55 74
606 562 42 55 56
677 522 39 45 53
678 634 42 46 62
678 168 53 46 67
693 534 50 52 57
567 692 46 51 48
667 163 56 51 80
617 725 37 36 80
510 178 40 40 72
640 175 40 41 85
590 638 52 56 52
689 164 49 54 88
677 486 42 39 47
667 230 39 49 68
573 606 46 56 71
539 415 45 40 86
556 413 43 56 80
540 575 51 50 64
630 225 57 56 64
552 700 45 42 47
534 32 45 60 51
521 410 50 44 66
649 116 56 46 84
575 673 37 41 52
628 706 43 47 78
510 291 49 45 67
665 8 42 58 76
590 289 40 41 45
678 349 54 41 80
630 668 48 48 50
546 42 53 43 70
590 131 40 54 56
504 500 59 55 75
569 85 38 46 70
583 209 58 54 70
582 152 43 58 76
662 133 47 59 51
530 280 43 36 61
667 84 44 47 71
644 121 60 36 45
672 330 52 47 56
571 224 55 37 46
614 63 42 48 50
668 214 47 43 69
578 682 59 42 51
578 648 42 55 57
688 132 56 55 67
592 571 58 51 53
622 522 53 51 57
534 446 55 43 87
634 291 37 54 67
667 504 53 39 61
517 648 47 36 65
616 174 49 54 50
695 56 57 49 78
640 676 49 36 53
568 434 55 60 81
511 724 36 60 76
588 644 46 51 78
679 2 36 38 57
565 186 48 53 61
540 577 55 58 77
556 651 41 43 77
516 608 50 55 57
539 415 45 59 47
636 374 47 52 79
691 583 42 46 64
582 445 45 45 47
676 336 53 53 46
652 558 54 46 53
547 219 57 54 86
606 319 48 49 71
633 280 53 48 70
550 344 41 45 60
644 94 41 44 60
549 287 45 58 52
538 446 59 53 74
537 370 51 46 46
607 110 51 58 59
514 104 58 42 84
636 450 57 43 86
559 695 44 46 81
682 195 51 53 59
584 329 60 50 45
695 101 43 60 47
587 268 59 43 80
567 475 58 56 54
686 218 55 56 72
682 744 37 55 65
579 657 48 44 85
524 387 42 43 62
683 199 55 48 64
626 72 40 50 83
690 22 48 57 70
618 656 47 46 87
618 227 51 39 57
661 475 45 36 66
644 441 36 52 78
666 277 56 55 62
571 734 41 44 79
594 296 51 51 60
545 699 45 37 45
535 420 39 58 87
546 191 50 51 88
601 314 43 56 56
564 713 39 42 56
517 610 52 45 67
515 679 52 47 85
563 632 60 59 72
528 667 59 39 51
646 477 46 41 75
575 106 41 55 53
547 453 44 49 83
662 736 60 49 58
525 598 49 54 64
558 95 50 49 81
558 259 56 39 50
586 417 43 40 83
626 351 38 49 47
685 732 45 56 61
659 418 47 59 57
570 424 54 54 45
604 182 44 55 83
672 500 36 51 80
620 565 55 55 70
682 99 57 42 69
517 309 60 37 59
562 303 45 37 67
676 526 49 59 54
631 440 38 51 74
507 555 47 55 83
660 308 52 37 88
572 345 52 48 68
622 748 48 55 60
620 312 56 45 57
587 80 60 55 45
538 140 48 40 68
685 50 58 51 55
687 471 47 51 61
616 55 51 56 68
658 300 52 53 73
554 684 41 39 74
538 745 45 60 51
694 181 43 38 74
667 10 45 56 75
593 642 50 36 78
569 498 37 52 45
595 387 42 50 48
693 254 37 52 52
610 177 45 41 59
541 683 38 36 49
653 639 43 42 60
625 516 39 48 66
625 112 54 51 54
551 535 54 60 79
634 341 42 46 76
609 619 54 38 82
655 339 55 49 47
550 463 55 42 77
639 718 44 38 84
643 611 48 55 48
658 465 55 42 55
610 403 58 56 55
699 696 44 46 62
604 397 36 57 71
681 217 60 50 55
544 70 37 51 73
507 73 55 54 50
595 317 54 60 71
535 44 37 59 47
554 53 54 44 59
665 312 43 48 50
646 497 57 43 57
515 129 58 58 80
642 747 41 51 52
696 305 48 41 56
607 510 50 41 87
601 48 50 60 65
577 203 57 56 48
673 252 55 59 75
538 526 57 46 83
549 111 53 42 49
517 497 50 60 49
563 429 53 47 56
652 190 60 49 67
584 334 37 59 63
528 543 43 46 84
598 387 53 47 61
517 257 46 46 71
525 325 40 56 88
518 18 56 45 50
673 476 49 50 88
562 94 43 49 83
668 754 52 41 65
660 466 60 57 85
529 653 42 38 62
516 292 40 49 79
699 197 58 50 45
664 140 46 58 53
666 618 43 45 63
656 358 43 37 64
689 355 56 44 65
623 254 50 43 57
674 48 40 59 82
629 436 45 47 77
563 191 60 45 88
519 58 36 49 66
573 705 51 60 70
536 568 42 37 71
581 152 59 43 75
524 70 53 56 59
597 124 44 57 77
579 348 48 50 78
598 328 52 54 49
600 313 37 52 62
655 356 45 57 58
591 754 54 44 78
557 210 59 57 60
539 386 42 45 52
672 480 55 39 61
670 262 57 54 62
540 560 36 59 51
607 380 47 44 57
525 86 46 45 58
658 236 48 38 68
673 541 38 37 48
520 541 50 38 87
618 390 56 56 55
594 604 58 52 69
586 499 56 48 59
507 505 46 58 80
624 42 44 54 87
616 163 58 56 60
639 728 57 49 54
615 87 51 59 62
670 499 36 48 77
501 429 55 47 52
614 442 54 51 68
684 173 59 45 80
692 305 53 38 70
582 453 57 52 82
681 198 48 46 52
556 435 59 50 72
660 492 56 59 46
515 35 54 54 73
541 649 38 58 46
650 426 48 38 57
506 536 44 39 58
700 2 55 47 81
515 488 58 41 69
526 557 49 47 85
513 630 52 51 62
574 85 40 52 70
523 449 51 47 72
697 261 50 41 47
538 667 43 59 84
592 554 49 55 71
543 687 51 50 60
647 467 58 52 75
671 308 59 51 69
617 227 47 40 62
647 746 41 58 72
618 716 42 49 59
513 592 48 53 72
519 583 46 60 47
592 583 37 41 84
552 272 42 49 52
661 264 50 52 77
666 86 39 36 69
531 206 55 49 64
617 84 48 41 70
561 445 47 56 46
533 532 54 53 57
610 710 58 36 64
587 10 48 51 53
624 86 42 43 62
609 123 52 51 57
609 96 53 42 88
551 745 47 50 45
620 740 51 42 59
647 521 52 37 52
632 276 59 47 58
636 616 39 38 48
570 357 43 51 56
681 4 53 58 71
626 175 60 44 49
658 74 51 43 78
609 70 60 43 72
580 442 48 44 79
581 725 47 55 66
642 743 38 59 66
634 350 49 37 76
567 361 57 49 53
548 585 51 50 81
542 61 41 56 65
505 658 49 59 56
678 637 51 40 60
638 186 51 51 53
564 703 42 43 54
671 510 45 41 72
588 696 36 52 86
512 555 43 39 61
608 204 43 43 77
556 544 46 50 79
598 209 58 58 72
656 138 39 55 87
545 291 59 38 51
531 243 55 47 54
623 386 36 46 64
654 436 45 46 81
588 445 48 49 62
514 488 52 49 59
654 272 47 54 80
643 680 46 51 71
524 573 36 41 57
600 316 48 46 81
543 750 49 52 53
638 637 39 37 59
571 128 55 46 81
627 199 38 38 63
637 745 59 55 49
546 602 53 55 68
646 376 42 36 56
665 495 60 45 45
656 565 42 39 58
544 85 40 60 78
592 621 50 54 79
568 365 45 59 83
600 651 50 41 84
536 164 54 57 47
594 1 36 54 47
685 26 49 40 73
568 482 50 55 59
553 514 36 52 62
507 125 41 45 48
581 57 39 53 85
668 533 54 49 50
653 209 56 60 81
682 167 50 47 82
520 179 54 39 45
526 47 52 36 48
695 589 43 60 70
608 520 56 49 81
575 347 56 40 88
615 462 41 38 61
510 726 52 43 84
529 449 51 49 60
562 151 39 48 55
600 136 53 40 88
582 13 60 45 84
541 424 59 40 82
525 484 40 55 77
616 351 56 54 53
616 3 54 36 79
504 181 50 47 78
552 523 54 36 67
511 608 53 50 81
562 291 57 40 65
666 189 37 52 76
584 572 49 49 47
603 426 58 58 55
634 36 52 57 56
645 286 48 52 81
510 164 52 52 53
545 48 46 44 82
614 105 56 40 48
607 60 51 39 63
502 401 60 53 48
674 521 39 39 76
603 623 47 41 87
699 745 37 57 82
666 105 40 42 83
592 571 37 38 71
684 361 44 46 70
542 568 51 59 45
518 357 42 44 71
663 520 41 50 75
511 30 43 60 53
532 172 53 57 49
591 464 58 46 61
606 604 49 46 84
530 751 44 53 52
630 582 38 39 69
698 441 46 53 69
640 132 50 48 70
688 250 41 42 63
688 581 58 52 78
595 156 54 37 86
696 431 43 36 78
595 496 36 60 69
535 621 60 36 48
697 7 45 39 58
538 268 57 47 48
656 554 54 57 54
668 564 57 42 62
549 222 52 44 70
559 714 38 45 48
558 284 52 56 55
532 31 46 59 67
626 497 56 54 83
610 322 41 50 46
513 648 55 52 47
509 56 36 41 67
596 677 49 42 64
617 715 59 49 55
545 499 40 54 62
529 747 55 38 86
608 564 36 45 72
599 712 40 57 65
668 691 50 44 70
542 547 48 38 80
628 243 50 53 67
643 170 56 41 86
608 242 42 36 70
683 175 46 49 62
632 152 52 49 77
571 225 44 60 65
681 625 39 57 56
526 44 36 37 88
536 154 54 43 79
533 327 39 38 78
605 218 55 48 52
595 149 53 45 84
676 449 58 47 70
592 384 41 39 88
661 347 49 57 71
589 332 45 60 51
678 0 58 58 50
610 668 57 56 74
552 387 43 44 82
562 38 50 40 63
575 719 57 57 56
691 647 40 54 51
623 166 53 51 66
566 428 50 52 57
563 637 55 52 61
529 659 44 55 79
583 429 50 50 85
533 60 58 49 85
694 497 37 37 50
582 615 36 60 52
608 545 44 40 55
617 469 54 36 53
607 670 47 39 74
572 624 38 59 57
656 493 49 55 67
582 540 55 43 82
562 32 56 52 55
570 607 47 55 82
526 727 50 36 71
698 712 54 54 62
508 426 60 40 49
606 737 45 38 64
573 441 37 44 75
675 671 41 42 75
507 681 50 39 76
602 287 48 56 51
582 152 59 51 54
588 562 43 57 76
597 194 52 55 77
619 442 49 37 55
583 140 60 42 45
564 679 60 36 84
635 11 50 51 53
583 296 44 51 80
596 68 40 57 76
604 282 52 44 88
698 441 43 51 81
571 670 45 36 47
506 19 55 36 72
619 601 55 45 54
541 299 59 59 71
678 531 47 48 67
521 421 49 40 88
599 205 42 45 51
582 16 57 54 45
617 366 37 53 45
639 119 49 46 47
682 666 58 47 49
533 318 47 56 84
596 580 47 50 88
543 436 56 41 58
636 450 55 43 47
628 487 58 55 72
522 284 43 53 75
579 42 48 45 85
615 236 58 56 66
605 316 55 37 47
606 11 39 47 84
684 15 59 50 82
549 702 42 43 86
595 158 51 55 81
535 51 51 46 79
528 565 55 53 45
547 373 43 52 45
630 676 44 47 46
518 62 39 51 77
665 447 39 45 62
528 561 57 52 48
572 159 57 56 88
667 690 55 53 88
635 394 49 42 54
526 86 41 45 76
693 644 57 48 69
655 448 52 54 51
591 503 52 56 70
700 307 39 48 84
611 195 57 42 88
695 238 41 39 82
517 691 39 56 68
627 589 43 56 69
576 605 57 44 63
596 356 40 59 68
522 162 39 45 58
591 244 55 48 79
600 552 57 56 52
596 248 37 54 61
512 122 50 51 50
511 467 45 59 64
693 678 59 60 74
696 448 53 54 76
698 284 58 55 65
527 146 57 59 79
612 437 52 60 80
547 429 51 56 54
510 218 46 39 58
541 450 40 55 66
527 712 54 52 45
526 59 45 45 49
576 706 41 53 66
544 269 40 46 80
587 347 42 50 47
613 639 59 43 52
607 609 58 58 45
642 476 40 60 71
617 553 59 43 57
611 422 60 36 60
520 430 43 50 59
595 395 38 55 86
636 191 48 54 80
667 334 59 53 76
655 206 42 43 69
605 674 60 60 61
617 455 59 57 82
533 329 60 55 61
634 670 46 44 88
656 161 45 40 77
580 126 40 57 74
607 168 58 58 81
567 474 36 55 71
510 112 45 50 85
603 620 39 41 72
662 505 60 55 55
524 695 37 42 82
634 413 46 37 75
585 710 52 57 81
684 333 40 41 48
596 597 43 39 67
638 627 54 42 52
675 181 49 50 68
607 693 60 46 85
550 474 41 60 81
694 0 60 46 46
626 34 48 46 45
513 739 58 42 85
681 20 58 55 65
528 379 57 44 67
638 11 40 48 86
536 750 49 56 74
638 118 48 42 56
562 233 54 50 87
514 355 55 59 72
700 168 37 44 47
592 750 46 55 76
627 722 59 43 70
526 512 46 40 51
512 339 41 53 85
693 32 56 55 82
592 47 52 51 47
694 409 37 36 77
562 630 40 39 72
572 329 44 42 76
685 63 46 49 74
517 426 47 52 62
588 340 50 51 80
567 713 45 47 64
632 170 40 57 52
585 545 58 58 57
678 414 39 41 73
620 255 43 39 53
658 708 60 43 79
602 721 57 60 88
614 546 44 46 77
587 330 54 43 52
634 302 44 41 48
630 138 37 60 66
631 447 49 43 86
538 303 44 56 51
698 342 50 50 54
552 640 42 54 66
655 573 50 41 88
546 412 44 41 77
638 59 52 49 45
610 109 55 57 60
685 380 49 52 60
611 153 44 37 85
598 77 60 43 70
610 467 44 40 47
529 719 58 52 78
610 93 43 59 49
590 148 49 53 87
603 135 38 56 61
541 222 38 42 60
546 481 41 41 84
654 519 41 58 78
551 486 47 56 52
591 645 49 54 64
683 516 36 58 45
510 4 57 51 53
589 236 41 52 83
617 620 48 40 50
572 13 45 54 79
636 663 41 47 73
574 654 60 48 73
688 311 45 50 68
525 621 39 57 73
509 343 50 37 67
590 192 52 44 82
628 423 54 43 59
668 316 53 40 58
692 238 36 45 65
578 470 36 45 75
502 486 40 54 59
500 58 38 60 63
561 647 41 57 45
560 164 55 42 48
573 532 60 48 49
511 522 42 50 53
654 434 37 53 69
541 692 46 41 46
685 275 54 39 64
635 718 52 38 46
554 256 50 49 50
599 43 55 52 75
649 706 37 56 78
554 294 60 54 52
691 577 38 38 54
585 199 57 45 81
655 162 36 58 59
666 511 41 38 56
608 62 60 54 73
541 91 49 49 71
508 109 45 38 78
646 376 51 47 62
522 606 43 57 84
597 301 54 55 51
539 19 58 42 55
571 690 47 48 62
591 165 45 41 56
557 195 60 51 74
636 234 43 55 88
514 281 56 57 47
610 482 57 37 74
545 637 48 39 62
642 405 55 60 54
528 65 39 42 52
641 200 41 51 87
674 232 49 57 57
526 272 42 44 48
628 170 42 46 48
553 137 44 53 61
686 570 50 50 83
610 6 58 43 60
590 691 55 56 59
637 139 52 51 84
573 476 56 52 58
592 653 45 57 51
568 328 58 54 67
514 690 55 50 81
552 276 46 57 75
562 136 51 53 68
636 289 58 48 57
522 339 59 37 66
603 380 51 38 85
620 130 55 53 65
553 688 49 39 69
560 183 57 45 76
670 26 40 52 61
591 506 49 57 77
609 417 58 36 57
632 216 39 41 69
524 485 48 37 81
551 8 42 53 45
504 624 37 47 46
588 330 42 40 84
505 455 36 58 87
554 537 38 50 58
578 173 47 40 61
508 642 55 60 75
502 235 50 56 50
667 61 57 42 68
509 319 58 50 57
683 540 36 40 45
512 56 60 42 60
558 736 60 38 66
608 119 45 55 58
599 170 49 43 45
675 525 57 41 86
521 438 45 45 66
544 8 55 57 66
622 738 56 36 51
556 583 45 47 64
625 483 44 60 64
531 504 40 50 76
617 309 46 43 82
535 654 59 41 57
698 389 41 48 75
603 285 47 48 57
575 445 36 44 64
609 493 60 36 57
666 722 45 36 60
693 517 36 52 80
505 409 51 44 59
577 355 41 49 51
571 538 42 39 51
581 321 52 45 86
580 309 40 56 72
652 19 51 59 45
674 26 41 57 67
515 115 54 53 71
590 482 47 41 61
684 466 57 55 75
654 290 60 50 81
642 168 57 38 72
652 226 56 39 50
596 332 39 41 83
667 571 50 56 46
541 743 37 45 49
507 58 50 36 77
600 570 44 60 71
545 535 37 50 59
651 749 47 57 64
517 378 54 38 65
505 461 41 43 69
657 186 46 58 59
637 550 41 41 57
513 10 47 37 67
575 500 37 51 80
513 629 52 57 80
695 40 50 58 45
692 453 57 36 48
502 172 55 59 65
627 377 37 37 77
515 473 57 50 53
512 520 58 59 54
507 155 58 37 85
549 81 54 50 72
528 463 59 49 60
538 57 48 53 81
538 712 51 47 50
597 54 46 46 56
695 565 58 53 68
516 388 37 51 61
663 402 55 48 68
660 543 36 36 83
529 544 46 43 74
518 242 45 59 78
571 152 44 44 57
523 643 58 50 55
535 209 50 40 86
520 195 44 55 68
504 322 50 59 62
653 168 59 55 70
606 350 44 58 82
513 751 54 39 83
579 33 60 55 70
648 281 48 37 60
575 671 40 58 60
582 476 43 40 71
548 517 49 42 49
619 363 53 51 68
675 330 51 53 46
667 725 60 42 65
687 640 36 50 54
582 348 45 52 47
511 654 44 54 62
554 103 40 58 53
607 315 38 41 85
640 39 60 57 54
592 87 37 36 83
647 2 42 40 63
623 259 56 46 84
528 393 45 45 54
522 713 39 46 82
510 159 56 54 66
539 709 37 52 54
521 734 52 54 79
671 13 50 50 55
650 213 38 48 57
606 351 55 40 86
611 705 36 43 58
