770
340 105 141 177 9
1000
-173 575 65 58 158
515 570 41 51 111
-98 35 47 44 178
-385 416 57 43 198
174 607 62 37 150
-527 120 50 40 174
441 73 43 46 192
130 70 35 64 161
856 67 43 42 165
720 621 34 45 182
-260 426 39 34 150
72 637 34 60 188
20 49 49 37 101
-981 573 48 49 117
-706 103 57 47 182
617 578 34 35 148
243 31 56 49 149
-638 459 46 63 142
-979 83 43 51 115
-450 256 49 44 123
380 582 56 48 178
-345 247 58 56 109
961 630 62 40 102
-560 115 52 50 104
458 488 41 53 186
-292 286 40 59 143
-392 636 36 62 105
229 111 43 58 199
547 268 35 37 124
-792 241 59 54 133
597 516 62 57 158
-294 425 41 37 178
346 139 44 45 115
392 299 51 49 120
-923 582 66 53 187
896 116 60 36 192
-576 196 35 38 162
-892 100 59 58 155
652 424 48 63 146
351 574 50 58 163
-535 284 35 46 137
997 168 50 43 186
-513 563 65 62 127
-508 11 49 55 110
389 623 65 62 155
862 291 36 66 187
-565 163 61 58 149
184 155 62 52 189
-326 7 61 64 196
342 411 37 63 184
259 528 65 61 143
-422 577 60 57 190
-673 137 44 42 155
-695 497 58 35 127
922 143 51 61 101
461 527 66 37 161
-98 187 39 56 180
-138 109 61 62 118
-510 466 63 41 112
-248 483 54 53 104
973 623 49 37 170
-526 31 57 64 135
-722 627 37 34 170
-982 173 61 60 153
-464 371 66 50 149
-442 427 35 40 104
249 425 65 50 193
114 213 49 50 135
854 535 44 36 199
-252 149 63 39 188
898 357 41 57 170
-536 252 63 65 189
877 638 35 50 170
-699 28 64 51 189
382 195 66 60 107
-962 465 34 59 194
271 85 36 42 186
26 291 40 48 158
912 142 63 40 171
-653 267 52 37 108
-206 372 46 43 126
-983 405 56 37 170
-927 388 57 38 152
-636 543 66 57 192
193 119 53 47 145
811 590 42 60 139
-6 245 60 61 183
-32 593 44 55 129
-247 478 65 66 141
92 479 39 55 189
-17 42 59 52 174
722 62 58 49 101
-481 272 53 39 164
859 230 39 55 107
-922 464 61 66 183
731 251 52 66 116
211 243 45 50 191
-108 87 48 45 192
-265 168 57 37 164
-755 7 58 43 113
625 318 46 60 173
543 482 57 62 120
974 615 56 35 152
-482 263 34 50 144
-535 366 57 36 121
697 500 36 56 178
903 214 43 49 181
765 558 57 37 146
910 24 48 57 180
924 560 53 66 166
881 645 42 48 149
828 202 59 55 116
189 543 49 41 129
-782 95 38 57 195
-756 268 63 57 167
957 666 56 62 194
-352 57 52 34 163
-89 577 53 61 133
876 583 35 50 178
-407 403 44 55 124
529 206 60 43 138
-580 466 34 39 197
557 470 50 34 197
-34 109 36 60 103
781 295 50 41 106
-291 522 38 37 155
908 506 62 65 149
-636 582 60 50 114
254 414 60 60 145
-144 366 54 66 163
-754 114 46 48 189
847 405 49 42 176
-539 410 54 60 151
-959 66 59 52 117
-994 103 51 49 108
-478 206 45 38 183
70 78 53 40 117
939 629 50 56 166
-615 17 42 50 106
-20 376 63 41 168
-140 655 58 59 115
-948 588 39 58 191
-704 245 44 59 145
93 156 61 62 105
84 342 48 39 119
804 65 54 44 159
-123 571 54 54 154
-336 494 49 38 120
-870 47 65 60 147
-304 472 40 60 126
792 10 46 34 136
565 353 65 56 140
792 644 54 36 126
899 491 40 65 134
-351 127 63 41 140
-294 528 53 66 150
768 413 47 63 131
291 17 44 59 138
-181 32 47 57 108
-502 598 38 48 199
-99 630 55 48 199
-675 121 35 43 123
-970 598 52 46 163
755 211 34 62 170
47 214 43 62 146
-870 4 51 46 118
-493 515 36 52 150
211 442 44 35 126
-159 107 44 61 109
-331 214 53 49 104
-6 219 61 39 125
-625 647 36 62 140
421 186 44 47 176
-181 508 36 34 180
973 374 61 43 180
-794 300 49 66 124
567 418 63 37 190
-938 569 57 44 176
-566 639 56 48 188
-662 438 53 53 137
-235 9 59 54 122
436 278 66 58 128
81 482 36 66 171
284 183 54 38 191
-513 544 62 40 181
-91 557 52 62 183
-653 110 59 49 136
-32 491 51 40 157
777 269 64 56 112
642 68 36 54 156
817 629 61 57 124
-856 342 34 58 164
-684 247 60 51 157
-341 330 61 66 172
752 470 60 43 102
-419 187 34 52 113
807 307 47 64 186
-270 443 46 43 147
-428 215 59 47 126
-128 18 58 63 130
-950 380 40 60 159
-779 344 51 41 153
-988 366 58 39 123
-200 373 57 39 156
-986 643 46 40 158
-700 262 38 52 111
220 620 63 59 113
-368 118 60 55 127
-293 285 38 65 144
-886 493 45 45 147
-586 142 57 47 178
-697 399 41 64 194
-790 338 55 57 135
104 265 49 58 192
-254 32 48 53 157
-62 145 52 48 173
510 578 37 44 127
-719 647 48 62 145
-491 81 39 54 112
53 161 39 38 170
-206 173 41 54 157
993 624 57 38 117
43 626 62 38 113
-181 539 34 64 168
-758 375 61 39 184
-403 500 66 39 187
-46 375 48 46 163
708 360 40 45 133
201 475 41 50 138
-999 533 60 55 171
874 304 40 44 168
-629 222 41 42 126
-396 545 43 41 115
-943 416 66 60 169
287 535 37 46 194
510 657 53 59 114
-741 376 41 46 170
-720 99 34 46 171
-94 215 64 46 122
512 256 36 63 184
-836 371 47 43 160
271 21 59 55 182
-650 243 47 48 103
375 593 34 48 112
273 314 65 64 171
375 244 43 63 199
-793 57 41 52 131
349 333 66 54 188
-628 293 54 43 148
-162 358 44 43 123
711 231 47 41 121
73 483 36 64 123
430 457 57 40 154
176 455 66 46 161
606 510 37 36 146
689 568 61 44 183
411 310 45 44 178
-914 473 61 54 108
-209 36 58 43 166
633 398 48 65 152
985 150 51 54 119
-679 68 54 53 160
-416 625 61 49 111
17 289 47 66 178
-600 46 52 58 195
697 665 55 47 103
-992 571 47 65 125
78 634 61 62 151
-258 297 48 42 104
687 407 42 37 176
212 37 62 60 142
-117 537 43 44 115
-86 403 66 43 114
-146 617 37 57 193
-295 185 57 55 144
951 202 48 64 128
-574 663 64 43 122
860 262 39 53 183
589 594 45 48 101
-47 208 41 61 170
981 134 53 51 140
-896 638 65 66 166
-503 470 34 57 138
883 511 51 47 137
-380 372 38 46 194
-511 26 51 50 172
-236 493 44 53 105
271 439 62 36 182
12 391 39 37 149
704 347 39 43 142
-964 662 35 58 105
25 316 41 40 188
739 228 56 60 173
-454 231 66 38 137
-567 259 62 51 141
-40 338 63 58 138
-724 415 60 50 132
306 295 56 37 127
399 415 48 35 153
88 19 61 44 103
58 11 39 63 187
-719 163 61 35 118
-633 412 66 50 188
295 424 60 64 190
-991 115 45 38 179
-578 215 45 45 160
948 34 53 44 160
447 643 41 61 185
678 613 49 55 164
-951 650 62 50 129
517 265 57 36 151
133 418 39 63 106
-698 252 58 45 144
-353 491 62 43 101
-179 322 42 39 140
67 262 62 34 112
-248 533 57 35 189
546 42 66 57 170
977 196 61 56 152
-859 69 48 39 103
-181 376 63 35 180
566 301 61 66 109
898 360 65 50 103
-628 462 51 51 198
587 529 64 51 115
927 463 37 36 190
474 591 45 37 132
997 444 45 64 135
907 535 45 62 199
-908 313 49 42 102
974 245 59 62 153
176 306 36 66 194
-781 62 62 57 164
-681 85 37 53 197
518 131 55 47 130
664 478 47 63 159
-979 496 62 63 149
-11 603 61 65 177
535 261 59 60 175
-546 523 61 48 170
-231 154 41 54 192
56 22 60 38 186
38 153 64 36 113
13 116 49 51 112
-323 475 36 59 122
-180 6 55 39 125
96 63 56 41 169
773 379 66 36 195
323 561 57 62 133
-535 314 53 53 111
-889 618 61 57 157
166 189 46 38 192
492 37 48 49 135
-278 127 63 50 166
112 410 42 39 129
-23 60 61 34 134
194 150 38 48 102
-352 406 39 38 163
304 415 40 53 177
-787 11 39 57 144
-256 361 39 42 195
247 553 36 52 180
709 431 46 49 118
957 664 39 41 143
-794 300 52 63 151
-307 290 47 43 165
-306 355 63 56 178
-793 536 37 57 129
735 439 37 44 102
-985 347 43 36 151
-801 126 44 62 158
124 464 56 52 130
172 537 58 64 170
-401 618 35 61 120
920 354 62 45 126
616 307 36 45 157
375 650 43 45 120
-325 108 47 58 101
894 306 64 49 144
380 34 52 62 168
926 98 63 42 144
626 17 54 49 179
702 243 51 55 186
633 425 62 34 133
176 332 66 50 162
359 110 53 36 121
633 406 64 46 149
-656 110 45 61 116
-827 60 51 47 173
-758 126 45 39 120
-990 319 61 53 168
-605 502 38 35 161
-857 477 41 66 120
-961 88 54 46 152
891 30 50 41 134
516 308 44 56 115
906 388 57 35 111
469 537 66 65 171
-549 484 39 59 141
851 634 45 52 185
-358 310 57 38 137
592 178 55 42 132
-659 291 41 60 116
-493 432 59 60 186
535 477 38 48 124
-306 188 41 62 165
-604 607 65 54 168
474 602 42 43 176
785 527 62 44 109
405 211 50 34 142
921 28 65 34 118
457 394 43 40 137
-358 275 65 36 110
281 614 49 41 158
-603 375 41 49 156
-747 98 34 38 108
865 439 62 50 142
508 295 51 57 161
-863 166 62 59 119
-527 78 50 55 135
768 281 43 48 114
742 449 41 65 133
-333 223 58 55 149
-65 663 40 46 199
-277 97 42 52 170
567 460 64 58 187
-242 98 52 38 172
578 79 63 52 190
62 475 34 57 137
-753 354 52 44 177
968 182 48 54 156
796 246 40 41 110
-546 488 48 52 186
-828 523 41 55 116
-369 659 41 58 165
450 78 63 50 158
-978 133 57 44 120
-415 187 48 63 135
-788 193 61 57 177
-289 427 53 34 165
-489 478 50 49 177
-828 117 53 57 116
-817 421 47 35 113
-788 279 60 42 155
329 492 57 56 165
869 141 52 35 104
-892 391 66 55 184
389 302 60 54 187
-955 455 47 57 169
-222 122 45 52 147
704 448 39 54 189
865 587 36 50 128
-507 167 46 60 178
-415 176 58 56 198
569 576 51 51 144
-280 528 49 34 177
-516 115 39 56 153
-696 491 60 59 104
53 100 66 56 133
-882 59 35 51 116
287 622 43 47 165
594 11 47 57 200
-426 377 53 50 149
-76 394 60 60 184
314 390 59 51 129
-823 341 47 58 116
380 160 43 39 134
344 311 65 50 105
678 327 52 44 122
922 322 61 40 104
527 243 39 39 183
251 474 60 60 136
-433 300 47 44 193
-316 108 42 51 138
345 475 36 55 193
-307 600 35 58 197
-917 585 45 52 151
-357 107 48 64 118
-544 541 38 58 168
-415 639 43 46 197
324 490 53 64 189
240 271 53 35 106
955 494 57 57 157
546 517 41 50 163
399 233 37 39 156
-176 69 46 56 107
119 167 58 42 129
-471 413 61 53 155
727 591 44 43 181
563 492 48 38 136
586 252 51 46 180
882 616 43 45 133
978 297 44 64 158
-934 612 36 58 192
738 241 53 47 113
349 102 48 38 103
-197 484 52 48 114
-521 482 36 53 139
-215 485 43 52 191
744 640 51 40 117
-104 472 40 39 184
-23 94 47 44 194
-529 455 60 50 192
-170 407 62 44 102
-767 634 55 52 119
-512 343 40 34 172
691 519 65 45 153
917 280 64 58 113
49 85 58 40 136
-933 181 40 39 134
-176 566 61 56 160
126 524 43 52 131
570 244 38 40 121
-966 210 45 37 123
-291 308 48 50 135
-412 644 41 58 116
-823 303 36 59 194
866 663 37 60 172
-540 664 45 38 192
70 398 66 62 137
-299 90 60 48 195
171 298 37 44 178
153 543 59 36 130
-335 146 43 65 184
966 587 47 55 193
864 272 39 36 141
-282 637 59 49 104
-537 665 59 39 112
-258 641 38 39 174
195 536 47 37 162
947 80 58 64 131
-927 105 41 55 124
-763 231 42 57 176
991 222 45 46 167
673 215 65 63 125
-758 331 66 56 198
-421 16 65 38 109
-304 271 59 58 183
-254 126 48 53 125
-590 390 63 45 121
-706 296 51 65 106
17 211 41 50 193
359 306 60 35 110
-6 347 46 61 128
803 527 36 43 173
780 549 62 45 177
-444 113 64 41 166
429 478 39 51 102
106 666 34 63 137
-936 254 49 35 145
-911 23 38 59 105
-589 600 42 34 188
199 382 63 41 142
732 4 36 57 191
132 575 41 47 174
740 340 65 57 146
-500 493 65 63 134
-40 1 38 49 116
333 566 57 64 169
370 363 62 66 153
-183 55 55 65 159
-88 148 46 57 105
-915 485 54 64 174
-564 90 55 35 107
-854 456 66 51 142
-569 448 37 34 146
856 189 58 50 167
726 364 52 35 157
746 214 66 59 178
970 426 59 48 131
-393 303 40 38 118
355 144 47 58 162
683 364 35 54 103
-385 298 52 35 163
478 105 51 45 121
-603 38 48 40 140
-728 389 49 57 105
363 139 55 41 185
589 213 65 64 138
116 424 52 58 187
-266 661 46 65 153
960 91 44 49 130
-791 596 51 47 103
626 102 59 46 163
518 389 53 50 157
-328 21 34 62 170
-125 414 58 54 156
-74 638 56 40 151
79 268 44 50 180
417 36 46 50 167
-832 631 64 61 198
353 212 46 49 101
976 341 36 34 131
-90 57 57 55 183
432 115 49 50 148
-957 660 49 39 125
-653 147 35 44 104
-933 453 39 55 166
772 119 65 53 200
921 88 48 49 133
-864 134 61 60 138
-524 491 55 49 135
-303 479 55 37 187
246 62 61 52 168
281 354 51 36 107
-139 645 41 62 181
316 457 38 66 197
-823 639 59 41 135
-928 468 43 42 134
-894 522 34 41 194
-819 660 51 42 172
-411 165 43 60 173
-938 572 40 63 117
-853 17 52 46 160
-803 91 53 48 144
811 264 34 39 142
596 90 64 57 142
741 288 56 38 124
343 61 62 34 185
807 152 66 48 115
742 133 42 62 148
-589 554 64 64 135
-645 334 38 52 178
-698 345 41 39 189
313 387 50 43 193
572 193 47 61 129
865 249 62 42 186
-16 418 63 55 200
911 561 47 52 180
277 33 65 37 185
871 42 59 50 173
508 388 66 46 180
28 197 49 45 141
-855 44 54 45 171
-309 332 41 36 144
-164 542 46 38 138
742 168 62 42 104
485 290 63 50 177
-98 594 48 39 181
194 73 43 49 121
253 94 39 52 178
-251 141 53 55 113
920 244 34 52 107
884 145 66 65 197
-973 207 42 60 173
458 236 35 37 101
552 212 61 65 114
767 234 47 54 194
761 664 64 42 189
-467 8 56 62 184
88 670 39 42 148
-299 230 44 48 173
292 600 62 42 110
210 631 48 56 172
676 108 40 43 104
-57 367 35 47 135
199 477 53 59 185
353 458 66 53 190
658 371 44 39 168
615 209 57 39 158
665 537 62 64 198
-263 368 62 43 194
-60 319 36 53 137
211 622 39 58 129
-255 416 52 44 127
310 181 55 61 145
976 243 47 40 146
-533 511 51 50 102
-879 589 60 54 191
571 217 52 62 200
-271 332 54 44 179
60 537 53 56 107
-72 82 61 35 199
132 655 57 61 109
23 561 34 61 120
-524 48 43 39 166
928 263 53 36 171
109 49 40 59 130
-783 396 34 45 135
-373 122 65 48 129
846 546 63 51 108
457 292 59 56 151
136 222 62 55 170
-559 244 65 39 166
795 550 66 45 149
305 637 59 39 191
338 84 37 52 182
901 93 60 52 158
648 2 38 57 103
-173 191 63 61 130
-111 37 50 51 153
495 141 42 44 184
-382 670 61 59 144
-661 641 63 56 200
846 269 59 60 126
-966 456 66 50 153
818 101 63 42 152
-247 107 46 62 178
-626 257 61 55 156
-865 647 47 36 174
-438 329 47 52 179
-717 151 50 49 115
-734 266 48 42 149
-933 280 50 39 196
442 442 38 57 184
160 2 62 37 195
-855 95 65 34 186
-113 135 58 59 146
-297 232 52 44 161
-735 101 46 50 127
-636 279 43 60 193
-103 479 45 56 141
-408 31 55 63 156
-493 608 56 40 181
-106 182 55 41 106
925 96 54 63 178
-30 34 56 39 146
608 647 55 47 114
982 110 42 50 174
-850 34 50 65 134
-297 647 58 35 136
747 76 63 47 127
-738 343 53 53 141
-806 101 59 44 182
389 348 48 47 192
706 151 37 54 169
-547 329 38 66 151
635 199 46 54 102
-413 270 34 41 109
950 97 46 62 189
-684 227 38 51 151
-825 512 60 42 191
509 292 63 44 126
-606 392 51 66 120
199 456 49 39 112
339 85 41 62 161
-263 535 56 54 173
-547 296 52 55 115
326 640 64 49 126
-231 323 41 61 191
821 315 64 59 124
-315 492 61 49 117
-782 194 44 58 125
572 337 45 36 142
653 171 49 52 166
-188 180 47 49 173
399 615 38 59 200
-553 576 49 66 177
-121 578 56 38 132
479 169 49 61 119
-657 622 55 61 153
-716 337 46 48 163
427 18 60 65 198
-279 54 59 54 162
56 392 43 59 161
-269 535 55 55 104
-686 641 57 36 158
-837 463 54 52 120
-14 48 60 52 132
154 19 55 61 186
149 33 47 56 173
-93 234 59 45 195
145 547 46 46 110
997 315 59 46 104
-72 650 56 52 173
560 535 42 50 177
-385 628 55 50 165
969 214 42 44 196
17 250 37 59 130
502 298 61 50 132
992 362 55 39 190
-763 13 39 60 126
906 135 48 60 167
679 6 53 41 142
-547 254 35 44 191
441 278 62 47 118
657 312 39 57 157
546 442 60 53 175
-518 621 65 54 117
-282 404 49 37 163
182 641 65 35 193
-201 245 49 45 152
-952 593 57 47 143
836 573 49 62 102
996 303 40 65 131
-651 220 58 40 110
590 373 64 66 112
-995 128 65 66 173
-435 79 41 48 115
199 12 60 63 145
230 46 53 46 156
-594 501 63 51 181
938 486 42 62 199
767 303 46 45 187
-794 32 65 52 118
-438 502 49 55 155
583 385 55 48 108
-611 32 46 61 116
-84 161 40 41 190
53 8 60 43 151
-62 207 38 43 155
-381 111 34 43 126
432 316 40 46 145
693 337 49 46 127
-459 469 41 59 187
-420 144 48 49 155
-137 467 62 36 187
-756 528 56 48 191
-143 189 60 58 129
-720 392 60 36 196
272 459 41 42 128
540 255 63 54 171
-342 595 56 35 167
3 439 56 46 143
506 5 42 36 124
-698 271 39 56 174
-609 542 39 50 194
-673 370 39 55 120
-635 198 62 46 114
636 666 53 41 130
-170 647 38 63 155
-841 378 63 36 176
-831 242 59 50 172
542 99 39 54 121
768 199 60 66 145
-325 260 54 61 134
-909 303 41 43 126
583 280 37 35 182
436 19 60 62 170
-486 337 58 50 103
896 612 34 40 160
139 50 62 56 114
877 603 38 44 184
-376 87 48 39 166
463 644 53 57 172
-559 606 62 47 189
-308 312 50 65 160
985 368 52 46 105
-70 114 42 37 157
791 423 49 51 164
417 225 53 62 118
138 189 45 65 156
281 637 42 39 198
-286 530 63 60 114
324 225 65 55 158
-296 94 51 35 110
476 610 34 46 160
-984 77 37 41 192
997 99 55 51 135
991 360 66 51 143
77 403 53 43 168
796 43 46 53 187
446 450 61 64 114
983 272 51 59 129
924 570 46 43 149
699 502 54 54 172
-243 163 42 34 191
-257 419 42 40 163
297 500 55 40 178
-111 404 41 42 142
19 513 34 39 164
-463 614 52 42 116
-341 44 63 63 163
909 316 59 62 187
-841 323 48 59 154
-785 376 49 50 108
314 102 35 43 125
144 533 34 37 154
-249 574 56 65 154
600 94 49 60 154
769 577 41 64 177
378 652 53 54 190
-721 659 46 55 184
-822 76 46 34 106
718 382 60 62 198
195 635 62 65 152
701 509 57 50 143
-494 658 43 44 147
305 187 60 66 151
600 178 57 40 146
-553 130 55 50 134
499 423 65 40 157
-275 263 57 46 133
10 400 55 64 180
-448 457 44 54 167
944 452 62 34 136
668 98 59 40 177
-392 167 53 43 109
-759 153 35 66 183
48 86 40 43 120
289 385 49 63 171
207 179 35 40 195
-664 600 45 35 177
987 502 45 51 165
41 392 44 47 126
-165 107 55 46 188
168 578 36 56 176
-388 282 66 55 131
-295 225 50 40 176
284 626 55 35 176
421 239 50 65 104
98 223 53 42 120
-569 441 37 56 166
850 500 40 63 200
-906 276 43 59 176
-197 598 39 57 122
-730 13 61 53 188
-673 557 40 43 189
115 189 60 49 182
-154 608 62 56 136
727 266 55 60 165
251 28 54 57 122
-731 214 36 41 187
-313 229 62 48 130
-71 563 55 42 194
-286 378 45 40 148
683 461 47 41 159
331 196 58 62 165
406 240 53 45 145
177 606 47 59 136
-95 105 45 63 178
846 144 52 45 145
863 228 45 37 104
972 247 50 49 104
647 301 42 64 126
-291 363 37 61 140
-137 16 34 51 159
852 447 45 38 200
-727 592 54 61 134
-757 412 61 55 120
-46 420 42 42 136
-546 296 54 63 184
-783 477 65 40 166
808 599 61 61 149
799 376 60 53 190
-184 403 34 62 106
867 379 37 50 156
708 191 61 44 150
465 200 50 38 125
678 618 41 37 188
-966 15 44 44 187
239 593 60 34 191
658 217 44 39 174
528 378 49 35 188
444 111 46 45 115
-444 376 60 34 195
-859 390 42 47 106
357 370 46 63 157
-736 395 49 54 126
-632 553 41 39 180
-611 434 58 56 141
673 516 63 54 178
-195 21 43 41 165
385 638 44 38 147
-988 494 52 45 101
-214 587 59 43 111
-553 436 46 39 119
-509 22 55 44 171
570 544 47 40 101
0 230 58 51 176
208 14 40 39 108
-539 357 47 65 150
-101 509 43 46 177
561 492 45 57 154
497 152 52 53 102
827 419 36 37 143
952 655 56 52 159
203 655 48 62 136
-900 669 58 64 166
-119 655 61 62 119
-537 7 50 43 168
-810 86 56 44 146
446 395 56 56 181
920 452 34 61 187
996 225 66 34 137
-604 416 41 42 174
-351 227 48 47 153
752 572 62 39 103
-619 358 43 66 197
-871 60 56 42 189
350 628 56 66 139
-736 387 48 36 129
-476 52 44 54 141
367 49 45 59 138
606 589 65 38 127
797 557 60 35 133
552 210 47 50 179
262 67 34 49 106
656 235 49 53 164
-883 381 47 57 161
-830 107 45 45 187
-937 249 38 53 194
-162 20 46 46 198
538 128 65 65 138
329 439 57 55 188
186 507 47 59 101
197 603 40 35 102
-561 386 60 38 132
-782 43 47 51 123
-29 403 62 43 131
