988
25 65 110 97 4
1000
687 19 43 42 72
680 416 41 49 51
671 766 58 58 69
601 778 57 42 43
631 737 56 41 50
649 405 50 48 71
681 842 50 54 45
676 703 58 42 79
660 180 54 56 46
544 141 58 44 73
517 282 48 52 60
596 486 47 59 46
566 68 45 59 50
576 799 51 56 58
624 93 54 60 66
534 608 44 57 52
698 265 52 58 44
569 316 42 41 66
636 659 55 41 56
591 19 49 45 70
619 477 45 60 67
631 566 49 59 45
646 662 44 41 54
543 832 51 59 59
679 77 52 53 57
522 39 48 49 66
572 820 46 45 75
583 773 46 47 57
537 666 45 50 58
697 33 42 50 46
646 785 43 46 80
618 877 45 57 66
601 885 44 50 67
635 135 44 42 78
553 401 43 51 57
580 653 58 46 46
647 655 42 49 74
550 244 41 57 66
531 690 45 59 72
692 814 51 60 66
618 66 50 53 53
511 92 46 55 69
623 276 51 46 55
678 210 51 53 54
529 643 49 41 41
554 688 42 41 58
694 572 58 52 50
513 94 55 44 77
632 31 60 59 66
608 68 43 47 66
639 621 49 42 54
584 767 44 41 63
574 453 52 47 58
602 210 51 59 41
614 198 53 45 66
683 743 49 59 42
652 802 56 54 79
695 779 56 46 70
591 90 50 45 49
639 390 46 41 53
572 657 59 41 61
645 360 42 42 57
579 853 42 59 64
559 680 43 58 53
662 734 48 49 61
544 383 47 52 80
575 672 52 52 66
679 40 48 58 41
650 642 51 44 48
691 515 47 44 67
660 690 60 53 53
509 638 43 59 73
617 796 50 46 44
636 802 51 44 54
575 271 53 53 41
681 440 44 60 76
540 585 42 58 73
524 409 48 57 45
595 592 43 58 68
647 306 41 45 71
500 401 48 46 48
684 644 57 45 58
681 30 56 56 60
569 642 41 43 74
596 237 60 54 57
598 670 45 50 43
513 462 59 43 58
562 728 47 42 46
514 284 45 45 63
635 122 55 51 80
505 715 49 52 55
623 845 60 54 42
527 238 43 44 58
686 624 51 55 57
600 404 43 48 54
534 732 51 59 50
528 392 53 47 56
694 402 46 59 44
546 608 48 56 77
580 125 57 54 65
667 13 51 47 41
517 270 54 53 69
509 653 59 50 73
510 748 48 42 63
588 802 45 47 46
656 150 53 54 78
655 860 57 60 77
656 154 45 60 44
636 92 50 50 52
549 303 57 52 47
648 434 46 43 62
575 418 58 43 69
587 234 60 53 42
690 329 60 46 48
573 131 53 51 46
588 199 43 46 69
538 668 45 44 53
507 793 50 45 65
643 290 59 58 67
571 316 49 59 59
690 448 59 41 52
511 19 48 57 52
638 369 46 56 66
517 868 57 58 50
676 649 52 44 69
696 401 57 60 49
515 550 52 57 53
524 257 55 44 71
616 227 41 41 43
519 150 60 51 72
657 500 55 55 46
608 670 46 59 43
508 500 42 41 57
699 886 56 59 44
660 401 49 60 63
531 480 60 54 57
589 167 55 49 79
606 655 43 47 59
593 230 44 43 80
669 635 43 53 42
695 471 53 47 48
513 416 50 52 66
528 797 53 46 43
508 577 43 51 52
586 520 57 53 61
586 866 58 50 54
660 550 44 55 63
617 715 44 48 50
645 120 54 49 66
589 456 60 47 47
519 238 57 49 47
571 421 56 59 70
567 13 42 48 51
615 682 59 46 69
654 736 53 59 46
555 509 41 53 50
600 574 55 57 58
664 538 56 53 45
673 307 47 52 57
595 160 49 56 53
589 508 43 57 71
677 27 57 47 70
687 296 57 46 41
662 15 43 55 42
554 295 55 48 60
636 395 55 42 52
690 284 44 56 67
513 809 42 47 42
533 476 60 46 68
671 734 53 57 71
536 691 48 43 61
502 472 58 51 50
665 427 45 52 79
669 850 49 56 60
611 163 49 45 47
574 809 59 60 56
509 215 53 43 53
532 873 44 52 65
651 758 48 53 68
610 204 58 44 55
699 599 60 42 76
602 80 55 60 79
578 532 49 47 76
688 868 55 46 51
579 522 58 41 63
658 837 46 46 57
518 588 55 44 55
558 462 52 43 47
604 221 48 54 53
594 530 49 47 58
678 611 53 51 63
600 155 44 48 42
625 867 55 56 66
615 845 58 53 51
657 686 55 56 41
604 690 59 56 49
588 686 54 48 46
595 510 45 42 42
541 146 58 57 41
506 659 55 45 47
680 14 56 51 64
616 72 48 58 54
511 41 53 59 50
512 385 46 58 80
602 815 60 47 46
665 496 43 41 56
675 259 46 58 79
603 396 58 48 51
667 512 54 41 44
678 767 48 46 61
664 53 45 56 73
515 152 42 43 55
591 638 54 43 71
522 881 57 57 63
558 801 47 49 44
608 145 58 47 69
626 112 43 47 60
624 198 42 51 58
531 686 51 56 64
677 311 46 44 75
582 661 42 44 49
605 412 46 42 58
693 861 58 55 65
624 593 48 52 42
625 463 53 51 80
620 696 58 59 50
576 363 57 45 67
629 383 44 57 54
504 61 49 46 43
685 696 44 57 73
671 54 49 45 70
695 448 46 55 51
588 171 52 52 72
536 459 59 44 62
636 721 50 59 49
532 871 50 59 48
688 112 54 44 74
512 189 52 41 43
690 442 44 42 77
565 854 44 45 44
655 20 55 60 65
699 136 42 42 61
515 812 47 48 49
627 397 44 47 77
525 93 42 43 62
505 201 47 45 66
672 446 43 59 53
605 328 53 47 80
607 461 58 52 63
536 786 42 44 61
563 127 57 58 61
548 671 50 57 60
588 761 58 50 76
685 707 52 60 59
575 417 46 44 61
588 770 58 59 72
588 852 42 48 43
619 763 42 50 57
629 637 49 45 74
685 299 60 58 75
613 365 50 57 54
693 158 50 48 77
699 203 43 58 44
606 379 47 54 75
641 557 46 58 47
679 147 59 60 73
678 632 59 59 70
515 653 59 44 62
548 93 45 44 45
545 703 56 44 47
520 609 43 53 47
625 30 46 47 69
683 454 44 45 45
595 271 41 57 55
620 473 43 50 65
510 32 47 53 79
680 888 57 47 71
693 135 49 53 60
647 308 45 56 66
628 36 57 58 74
693 781 49 51 51
628 200 47 56 53
654 260 42 54 52
657 494 53 45 76
512 216 56 41 56
594 708 55 59 57
699 267 44 58 61
648 357 60 58 73
640 352 49 45 50
562 228 46 55 74
639 333 46 45 60
629 704 56 47 62
514 525 49 50 69
682 524 58 41 75
694 127 53 49 41
656 419 42 57 43
668 55 52 43 41
686 658 52 46 76
555 201 45 48 70
695 270 53 43 46
604 272 47 51 67
609 276 56 52 50
618 142 43 54 72
506 799 55 59 50
700 757 53 42 78
535 211 42 47 69
627 383 41 41 44
565 724 57 42 55
602 391 58 58 69
563 43 43 44 50
608 606 52 46 56
520 336 53 43 68
560 679 58 52 53
530 308 48 45 48
509 625 58 48 47
564 58 43 60 49
513 548 43 60 43
514 453 60 47 54
668 786 42 48 63
699 652 53 52 48
568 273 49 56 70
552 597 45 44 58
593 374 41 56 66
588 604 56 44 74
675 332 56 41 74
591 201 51 59 69
565 106 47 42 55
678 707 51 49 78
649 481 45 60 43
612 591 53 58 51
692 595 51 53 61
518 639 56 51 44
572 719 48 60 42
646 343 42 56 64
667 584 55 59 52
636 337 51 41 72
557 86 42 45 71
664 360 49 52 60
581 188 48 41 47
661 468 44 45 75
622 642 47 53 67
675 380 53 42 79
580 230 42 43 73
699 252 45 55 45
518 476 48 47 80
511 341 51 41 48
574 241 60 60 42
595 331 48 42 77
595 451 52 60 63
611 200 45 55 80
659 669 55 52 78
531 754 58 47 42
567 27 44 59 77
659 636 44 58 77
639 757 52 54 51
588 402 59 42 74
579 794 41 45 59
642 634 59 55 58
530 297 45 44 68
628 847 51 50 56
668 232 49 50 65
665 582 59 52 42
504 674 45 42 55
509 130 52 60 60
552 623 50 51 53
508 726 55 45 67
624 40 45 50 55
525 790 59 53 43
629 866 52 52 69
694 654 52 56 56
667 375 60 54 54
508 644 44 46 78
593 549 41 43 78
658 646 43 56 47
531 869 57 60 66
663 99 57 46 70
644 173 56 60 41
581 636 60 58 42
500 696 48 43 67
537 794 51 43 54
502 758 42 48 41
672 310 59 51 42
664 781 50 48 46
593 810 49 48 66
642 356 45 60 43
685 99 58 57 71
584 45 43 44 65
559 488 50 51 52
568 820 52 55 42
550 250 41 56 67
591 837 51 57 52
584 636 45 43 70
637 50 48 59 69
563 760 41 48 52
556 847 48 43 47
649 231 48 46 66
610 27 43 45 80
621 439 48 57 57
521 8 51 52 61
546 784 46 42 70
513 52 57 57 59
676 728 50 47 68
568 704 41 45 52
553 829 59 49 60
697 195 55 57 43
642 672 58 54 63
588 234 59 49 64
565 509 46 59 62
606 826 48 51 51
601 356 48 42 42
626 393 46 52 68
500 868 45 59 63
556 426 47 41 69
625 617 55 52 57
603 161 49 41 60
637 329 45 46 77
659 294 49 41 75
655 300 51 52 43
675 587 56 48 49
545 611 45 49 67
617 596 47 54 44
547 468 56 58 62
690 135 57 59 73
616 523 58 49 76
633 422 55 49 53
669 88 55 53 54
533 716 43 53 66
576 557 53 42 66
641 791 47 54 54
672 2 51 60 53
649 87 47 49 75
646 172 56 49 45
689 147 59 46 54
501 759 49 49 53
573 838 48 41 71
561 828 56 51 65
582 619 50 43 52
637 746 60 50 66
693 174 58 49 62
663 667 51 47 79
662 873 41 48 74
511 381 46 42 52
567 833 59 60 73
639 488 54 47 51
604 529 48 46 63
632 210 59 41 72
691 20 58 42 42
695 264 50 43 78
670 470 54 48 73
671 403 41 45 78
576 443 58 44 62
696 108 52 55 67
644 4 55 50 77
659 823 58 42 45
521 173 46 47 56
599 283 45 48 69
596 558 52 54 77
694 330 51 49 68
640 546 47 51 59
678 183 43 50 65
549 751 47 57 45
694 577 53 41 51
507 744 47 44 67
595 763 57 45 53
508 241 49 49 65
624 380 49 42 47
583 880 53 54 48
672 39 46 58 48
515 590 46 48 70
547 197 58 58 44
520 833 47 46 64
526 95 53 53 61
625 451 60 51 51
654 41 43 46 75
671 286 55 41 72
681 600 54 49 72
619 26 56 48 75
500 663 41 55 51
521 773 50 57 62
531 310 53 44 42
677 270 42 55 50
578 9 49 43 68
678 490 50 60 69
660 503 51 53 56
602 608 59 57 57
630 468 50 51 71
581 202 52 56 70
602 409 42 51 69
689 567 45 56 72
623 201 46 50 58
622 32 51 57 71
635 101 46 56 65
584 581 47 59 79
635 150 47 44 72
689 404 56 50 51
585 585 46 43 66
595 150 47 53 80
515 528 47 53 70
678 36 47 44 54
689 536 46 52 79
667 496 51 56 69
693 720 53 54 73
656 220 42 54 42
534 331 50 58 45
516 17 56 52 57
672 728 43 50 76
511 406 57 49 43
675 188 53 55 65
602 268 41 55 77
628 298 43 49 62
563 577 41 48 67
662 49 60 60 52
519 195 59 45 65
547 520 46 49 57
559 146 42 50 50
658 803 45 47 78
568 533 49 52 52
576 160 56 50 69
553 325 57 44 78
567 803 53 51 42
681 86 53 53 74
570 293 43 54 52
602 268 60 52 50
650 224 41 55 55
655 76 51 43 49
567 106 51 49 47
678 301 54 51 46
652 254 42 51 63
674 792 46 49 56
649 798 47 60 62
578 490 42 56 59
543 603 48 56 73
552 475 44 56 77
662 28 47 53 70
575 159 55 53 49
522 46 48 50 50
686 444 49 55 56
503 832 49 54 51
572 704 53 52 62
692 770 50 44 66
643 197 44 42 41
566 201 58 55 70
569 102 60 52 69
568 281 54 41 41
654 117 51 45 50
584 711 57 41 64
623 331 50 56 56
622 447 43 45 80
551 312 50 45 42
568 552 56 50 69
548 382 55 49 43
562 431 42 52 61
629 219 48 51 56
591 790 55 55 61
596 263 49 55 64
600 52 45 43 71
554 516 42 46 48
630 854 55 50 68
687 36 49 47 64
656 577 45 57 65
609 102 56 59 68
665 849 56 57 50
562 609 47 45 60
551 778 55 41 50
669 810 41 43 49
666 685 53 47 70
521 630 46 57 55
619 376 50 49 41
611 832 43 60 77
596 819 41 46 52
504 221 47 56 47
644 10 42 44 54
680 222 53 49 50
618 558 47 50 77
535 244 52 60 48
616 361 48 60 53
658 543 57 53 66
584 714 53 53 47
537 319 53 50 53
640 141 49 48 44
552 737 46 52 63
689 233 46 48 58
687 237 60 60 52
678 797 58 49 45
690 43 42 57 77
681 510 41 46 66
637 219 50 46 44
612 99 50 60 62
601 3 49 55 70
611 486 57 48 60
649 281 53 54 45
581 681 44 44 51
523 269 47 46 41
501 350 58 53 48
540 374 57 56 76
630 515 49 58 70
533 402 48 42 47
582 386 60 53 53
606 812 55 45 66
535 462 45 50 62
678 555 46 59 44
574 880 60 57 74
524 604 44 59 79
655 883 45 55 51
669 339 59 49 70
546 60 49 53 58
543 356 60 54 80
676 356 60 48 67
618 201 41 56 45
526 419 52 46 64
505 463 51 58 66
587 632 43 59 53
592 666 60 53 79
692 404 42 42 80
609 850 57 41 66
695 341 48 47 67
675 599 59 58 62
689 52 51 47 55
591 2 52 41 42
604 88 60 43 70
600 78 55 55 64
569 25 47 53 41
554 235 50 55 57
640 41 54 57 66
526 277 41 42 58
624 525 59 53 74
521 405 44 55 80
516 17 44 48 57
609 644 47 41 66
652 163 54 46 47
600 284 57 52 68
542 20 48 54 44
574 223 51 44 79
671 37 50 57 75
597 845 48 44 61
505 266 51 54 68
500 551 51 54 71
628 293 51 52 78
642 61 47 44 58
592 303 49 47 47
504 791 56 46 61
509 269 54 56 80
682 584 53 58 70
605 686 49 50 63
691 378 53 50 61
566 104 44 51 52
653 722 42 60 74
649 834 57 54 78
543 677 52 52 69
552 679 45 46 80
621 714 46 45 80
516 774 43 58 44
616 116 58 41 58
644 583 60 48 49
642 90 60 51 65
659 214 55 47 65
521 247 56 47 75
511 371 52 59 76
541 285 57 48 68
595 69 45 56 47
543 676 55 47 69
651 453 41 50 65
686 574 50 51 51
603 586 47 44 79
625 611 60 60 44
508 378 54 52 49
542 619 46 43 67
527 692 55 43 61
682 760 44 59 51
506 30 47 60 63
611 568 41 47 64
509 191 51 42 54
572 462 60 43 56
677 829 52 44 66
576 752 46 41 59
563 294 46 57 62
570 151 56 58 71
658 856 48 57 65
554 308 43 56 57
561 877 56 41 55
585 672 48 46 41
510 781 48 51 72
540 503 56 53 72
597 688 46 59 53
619 328 55 58 71
543 401 55 42 80
586 302 54 46 80
659 196 55 59 45
524 219 59 48 57
641 739 55 52 68
691 39 47 54 43
625 371 47 59 68
689 303 47 49 78
631 323 43 54 78
514 513 56 42 58
585 851 58 49 52
589 367 47 41 71
511 684 41 44 49
694 340 46 41 46
617 273 54 48 50
553 542 55 49 68
700 335 44 57 48
670 484 57 43 48
596 799 54 48 44
596 560 43 50 66
536 210 45 60 68
600 514 42 47 69
679 569 47 56 46
605 715 51 51 63
646 806 50 56 67
550 639 48 54 57
572 237 44 41 77
688 264 58 47 52
633 449 51 50 68
627 819 47 50 55
630 121 50 57 67
589 682 57 54 45
590 550 54 42 48
637 76 46 56 50
516 472 59 45 42
661 449 51 55 71
529 476 44 52 52
594 717 47 46 74
527 149 60 60 68
587 563 44 58 47
681 507 42 49 58
576 739 45 56 54
591 538 54 57 79
545 10 47 44 75
699 216 54 43 62
516 177 53 45 58
600 856 49 52 47
586 251 52 43 55
655 606 45 58 45
660 71 57 44 45
667 489 47 46 52
693 3 56 45 54
667 694 42 60 56
696 541 58 45 42
611 399 60 59 44
590 492 48 45 42
527 330 42 48 62
571 613 49 42 80
689 880 44 58 74
595 687 44 41 50
571 456 55 43 64
515 321 43 58 48
567 875 43 60 52
699 290 50 47 55
631 469 44 56 55
603 94 58 41 43
676 666 58 56 50
675 768 54 47 58
677 822 46 50 57
691 461 48 59 61
573 762 58 43 51
588 574 50 59 53
600 203 44 44 50
506 582 47 54 73
611 282 49 60 75
539 825 48 41 52
663 789 50 42 78
538 288 58 55 58
673 618 45 47 80
504 225 55 50 64
604 428 52 55 74
582 757 47 57 59
622 887 53 56 43
514 512 51 47 48
665 289 47 46 67
618 592 53 46 68
664 646 45 55 42
614 240 55 57 52
564 373 56 42 63
585 680 58 60 73
580 819 49 47 42
502 152 49 51 71
691 357 60 41 72
604 665 42 59 64
657 585 53 48 50
595 586 47 52 64
700 712 44 57 41
695 282 44 52 79
637 150 44 45 60
561 498 54 60 77
668 314 54 44 79
574 237 58 49 55
629 873 54 52 77
624 477 44 43 44
500 153 55 54 73
623 272 47 57 73
689 748 42 41 53
627 678 58 49 71
638 495 56 41 43
533 228 41 56 43
690 54 45 41 57
690 77 59 53 75
619 765 60 52 76
553 515 49 47 78
665 826 49 57 68
639 524 44 44 61
689 694 43 53 57
592 776 52 42 47
565 180 53 58 77
603 62 53 59 57
568 475 52 45 65
670 319 47 55 56
591 336 41 57 58
548 324 42 57 80
557 62 41 54 80
589 156 47 60 51
520 179 56 49 51
620 615 59 55 70
667 614 48 45 64
551 470 50 54 42
547 593 41 44 74
518 469 45 46 77
512 206 59 53 66
575 90 42 44 45
656 611 60 43 71
678 538 51 43 48
621 676 54 56 43
649 108 49 46 72
617 406 42 45 80
517 731 45 50 79
697 720 45 44 58
617 273 55 51 72
518 344 59 43 70
616 845 57 45 44
617 653 60 50 70
511 89 57 42 67
593 606 41 50 44
677 493 55 60 72
634 97 42 52 61
624 309 58 46 49
607 157 53 50 73
607 720 50 50 77
567 337 46 54 57
643 684 51 45 50
609 552 43 56 46
676 237 49 59 41
672 408 43 60 59
563 654 47 53 52
626 718 47 55 41
524 507 51 56 67
569 217 59 58 74
534 322 57 47 56
566 867 46 41 48
672 417 53 41 68
665 588 54 44 69
658 838 48 49 67
615 806 47 44 43
503 58 43 58 53
560 882 44 41 44
654 562 49 56 68
550 23 43 55 57
571 448 58 53 73
636 123 56 51 78
501 871 43 52 63
658 327 45 43 51
555 73 60 45 79
520 414 54 49 69
603 425 60 42 68
526 376 47 51 54
674 560 48 59 46
558 413 42 53 60
691 38 44 52 44
507 878 45 46 74
619 60 49 58 52
556 804 43 52 57
573 306 48 44 41
642 273 56 59 57
558 704 52 49 68
694 160 53 49 78
699 4 48 47 56
618 174 59 51 74
520 400 51 49 76
534 442 53 59 74
558 167 57 50 46
689 674 42 55 59
606 647 53 41 41
615 254 43 55 77
503 137 54 51 60
572 203 41 52 70
588 11 47 49 71
683 236 43 57 41
589 791 43 50 80
585 186 52 60 75
594 573 55 43 72
638 52 42 58 45
660 454 42 43 65
565 831 52 55 44
577 773 45 58 72
557 832 41 44 67
508 150 54 46 63
700 525 54 47 55
537 194 48 45 66
542 110 52 46 43
627 204 60 58 52
686 650 41 50 45
681 510 48 44 58
620 518 53 52 79
549 456 52 48 43
694 288 46 59 79
637 206 50 59 72
522 692 59 59 69
682 460 45 41 51
636 646 48 52 49
529 430 47 55 53
538 391 50 57 76
576 156 54 49 79
537 277 42 42 47
689 631 57 50 45
660 873 53 44 78
665 725 42 54 53
623 557 52 57 52
571 598 48 51 42
595 641 42 41 69
642 625 51 59 73
565 422 49 48 59
638 216 42 46 48
586 68 47 45 41
645 554 47 41 61
639 177 55 42 69
509 71 48 47 50
522 453 41 43 78
554 128 55 52 55
640 472 43 43 58
699 303 54 46 72
641 227 54 49 43
597 812 57 52 47
559 731 45 50 44
572 881 48 56 75
500 747 41 45 46
623 22 52 55 50
518 144 51 59 77
671 378 58 57 62
568 660 55 55 44
689 735 51 55 56
589 56 45 50 73
620 769 58 44 50
504 30 42 42 45
663 585 48 42 47
660 821 60 44 55
690 285 42 60 54
663 638 48 44 44
609 614 48 58 66
697 50 57 49 66
698 662 50 49 58
578 855 53 48 52
633 46 57 60 49
604 778 59 54 44
649 50 54 48 70
538 116 50 51 79
572 731 51 48 53
576 697 57 56 51
696 396 52 57 51
633 474 58 55 50
661 673 59 54 72
514 778 49 51 60
656 348 42 55 69
682 247 56 48 51
668 256 41 44 62
654 566 56 43 44
690 484 44 53 66
632 691 51 59 51
664 313 53 56 60
657 874 58 45 63
656 856 50 47 76
521 557 46 49 46
615 121 57 50 76
521 594 60 41 72
584 393 44 48 47
639 565 53 57 64
549 688 51 46 58
656 74 46 59 56
640 257 42 55 56
573 265 45 52 67
671 581 51 44 62
644 806 56 59 58
586 290 48 54 42
610 135 47 47 75
631 868 56 49 77
580 18 45 43 67
514 370 59 55 53
561 805 55 58 59
559 516 52 55 62
624 506 57 53 72
567 14 42 55 77
686 351 48 59 41
578 780 57 49 62
515 244 52 42 72
549 668 48 58 68
540 28 57 56 62
552 85 44 44 56
685 471 47 59 50
603 666 54 48 61
622 56 56 55 72
694 544 45 54 44
556 173 60 42 48
