979
364 61 103 95 9
1000
536 192 39 42 78
621 161 55 50 47
696 66 43 41 83
517 656 38 43 53
621 737 38 59 72
667 618 46 42 61
678 512 51 54 56
685 842 57 47 49
601 491 55 56 82
524 278 42 49 76
679 119 57 50 76
638 863 38 54 67
636 820 41 42 80
580 632 45 56 77
503 564 50 50 77
650 570 54 58 64
586 222 52 38 49
619 232 44 50 82
636 133 43 52 58
687 526 36 50 56
606 665 54 60 52
652 540 59 47 49
523 275 54 40 74
545 176 58 60 76
607 838 41 57 79
665 739 43 39 71
699 861 39 49 55
663 82 40 39 70
680 694 60 41 71
695 281 46 36 78
601 542 48 59 72
577 669 54 47 45
518 289 44 53 50
603 60 60 58 58
543 494 52 60 79
611 10 56 39 67
558 595 53 57 84
686 602 41 56 81
541 679 57 46 55
508 621 37 45 46
635 819 57 47 88
577 788 48 55 45
619 767 49 50 49
550 429 43 54 47
611 796 40 45 76
572 291 56 40 55
673 196 58 51 62
613 789 58 37 76
543 477 52 53 80
514 645 52 57 79
617 580 57 52 81
606 864 60 52 73
679 572 58 41 77
620 291 52 38 78
585 90 50 60 63
690 116 41 60 82
631 757 50 41 49
569 658 51 50 61
650 821 55 45 68
609 14 39 60 87
675 785 60 42 67
648 836 44 47 75
575 627 36 56 60
686 118 49 57 75
534 178 53 41 69
558 26 42 52 50
544 204 45 43 59
655 286 50 50 65
699 108 45 60 58
689 617 39 38 60
569 443 55 40 46
545 108 44 46 73
589 223 54 43 51
582 310 50 46 85
505 326 39 36 52
534 1 52 51 68
564 336 42 59 77
539 222 51 39 81
500 556 42 53 57
640 596 47 49 78
647 565 56 36 77
622 454 49 57 71
615 670 42 38 46
603 273 59 41 88
671 735 51 47 49
661 299 50 57 68
524 551 57 60 82
563 631 59 48 75
572 739 60 47 62
548 519 43 42 87
633 743 37 42 57
615 834 55 45 71
507 450 47 44 71
651 177 47 48 51
654 60 46 52 51
649 358 59 55 70
575 615 54 47 73
593 799 51 54 63
547 497 42 41 83
549 627 42 55 81
563 528 51 58 61
548 827 51 39 66
587 255 36 50 58
697 507 56 53 46
521 484 48 60 76
611 415 38 59 86
670 719 46 59 47
678 189 40 42 80
611 819 41 59 65
675 429 54 45 83
624 419 55 56 45
624 285 49 54 63
573 43 54 40 81
527 495 53 59 77
694 217 50 52 77
664 339 51 57 63
520 215 37 57 67
574 216 47 41 56
667 223 54 41 59
646 284 54 59 84
501 196 42 52 83
612 549 54 51 52
550 326 42 37 64
643 64 53 56 65
551 636 48 48 59
644 100 39 43 52
643 397 52 41 53
569 833 42 53 50
545 4 52 48 86
591 223 39 54 56
566 239 36 39 70
646 412 49 41 68
534 769 51 37 72
614 804 57 55 76
565 391 41 45 85
597 95 55 42 59
688 805 53 58 70
617 724 47 49 85
539 720 55 58 63
572 167 38 43 52
668 457 41 41 46
651 597 52 56 57
521 634 38 55 50
606 836 53 58 66
512 451 37 54 83
678 822 50 58 59
695 168 47 37 66
594 171 47 58 87
536 776 56 52 49
537 254 57 45 68
575 789 44 42 70
589 88 48 43 72
665 171 39 54 52
665 818 36 39 66
512 117 52 36 77
519 414 59 43 76
646 643 43 49 79
687 625 37 59 85
683 873 59 59 70
643 204 45 58 62
695 60 42 53 51
669 861 43 42 75
596 427 39 55 61
511 557 40 55 71
570 613 40 37 49
536 280 49 57 68
600 856 52 59 69
688 251 38 55 67
516 312 39 53 78
674 552 38 46 57
694 732 60 38 67
591 193 59 43 80
639 246 58 37 78
615 393 44 55 48
512 712 53 44 45
520 700 42 38 48
528 369 50 45 68
604 573 41 43 63
606 110 42 49 48
554 349 48 56 53
518 452 45 54 81
653 706 44 36 54
553 526 56 36 47
578 638 54 50 47
652 798 45 46 72
565 623 49 40 71
632 330 44 59 82
693 846 59 36 50
689 12 42 42 83
623 652 59 52 63
557 117 40 41 47
512 762 37 53 71
583 37 49 55 68
651 126 45 57 78
544 265 58 51 52
616 185 44 52 84
589 495 41 55 50
561 587 54 57 81
501 246 56 50 57
680 436 51 40 56
674 575 40 46 63
574 432 60 41 88
544 695 57 47 53
505 608 46 37 57
663 783 47 43 75
596 716 41 54 79
532 302 44 41 88
571 89 56 55 81
532 9 60 36 55
628 376 50 46 82
616 433 37 52 76
579 157 58 39 79
600 849 38 49 53
635 870 57 44 74
685 702 55 40 82
548 530 36 40 47
563 815 40 53 51
529 19 54 42 72
604 616 44 38 73
690 485 40 56 50
651 346 46 56 74
511 410 53 53 48
635 740 47 41 82
513 479 59 48 84
556 673 40 59 82
683 709 51 50 46
648 557 53 37 58
507 758 56 46 49
684 707 54 60 65
640 498 60 42 88
542 132 36 42 57
666 269 38 47 62
694 719 56 60 45
637 336 50 43 68
520 85 40 42 66
527 40 50 40 69
504 55 53 40 82
649 836 52 54 59
549 755 44 40 81
532 800 44 44 72
514 238 50 56 64
565 189 53 40 68
558 244 47 38 54
637 111 42 47 55
643 82 44 54 83
609 0 54 60 82
529 455 39 59 56
606 857 58 52 53
503 675 44 60 54
581 16 60 60 52
687 371 57 55 74
530 263 37 46 64
647 65 50 45 82
665 237 55 49 75
624 362 48 41 49
696 608 42 45 54
592 740 47 44 76
613 855 52 45 62
564 651 60 44 64
551 310 56 40 88
545 678 39 55 76
608 160 58 48 51
503 215 49 43 49
685 874 41 48 54
640 764 59 49 81
667 683 46 55 50
614 441 51 50 77
507 109 49 50 45
557 851 54 36 75
565 277 48 38 78
666 169 57 50 51
582 20 55 56 57
673 581 46 54 84
667 782 36 48 64
589 539 59 51 45
637 151 37 48 55
501 363 56 49 88
668 339 42 60 68
646 208 36 45 80
674 422 58 49 88
529 62 36 49 52
558 795 50 49 45
673 655 59 48 82
533 344 48 50 60
582 502 53 42 69
607 587 50 57 76
669 749 50 57 75
606 624 36 42 48
621 100 41 57 66
615 520 55 45 68
592 632 41 52 57
623 446 57 49 67
623 379 52 45 56
687 569 44 36 61
531 434 57 50 69
664 352 58 43 68
687 442 57 58 70
694 54 38 41 82
623 569 52 59 60
644 595 49 43 50
599 373 44 46 50
616 97 54 42 54
556 836 57 58 66
552 554 38 41 65
563 706 49 38 74
551 735 54 56 84
619 777 36 54 70
530 185 56 49 57
687 561 59 43 80
585 691 47 54 71
674 299 41 56 61
667 573 44 50 49
514 195 58 48 49
599 103 51 47 73
570 144 48 54 61
567 268 60 56 58
664 235 52 59 77
640 103 43 37 80
551 190 57 37 60
588 756 49 56 59
511 83 43 52 57
571 652 58 44 46
564 582 53 57 51
556 483 51 37 52
652 278 51 60 81
551 273 57 48 50
500 601 49 52 69
676 578 39 56 79
591 428 55 60 85
543 69 40 54 67
573 136 37 51 64
601 398 36 45 54
501 595 36 48 83
609 125 36 36 70
648 473 51 59 62
565 596 44 59 80
696 57 57 43 79
573 870 42 54 46
620 436 43 47 84
594 72 57 59 55
697 838 49 47 75
629 4 51 40 67
593 220 36 56 49
654 403 58 54 55
678 551 54 40 82
696 473 46 47 77
658 602 48 54 67
613 230 48 39 45
627 807 46 40 80
675 517 44 55 85
582 723 52 58 88
637 735 43 59 50
527 662 37 44 45
554 662 39 52 57
628 410 37 58 63
690 839 47 49 85
603 492 47 54 47
565 556 49 40 58
680 290 54 51 86
680 533 39 57 83
567 775 50 36 69
595 588 59 45 75
679 378 60 48 76
598 210 58 38 82
541 576 42 46 65
589 878 48 57 87
579 876 60 38 51
641 825 54 43 49
543 78 50 59 54
648 661 60 50 63
585 95 47 53 68
517 554 59 40 55
561 769 36 59 57
543 602 58 49 65
642 728 39 43 76
660 459 43 57 83
524 334 47 52 86
527 229 55 39 60
515 849 46 53 59
509 588 54 48 79
523 347 49 47 83
671 825 59 48 81
557 704 60 41 51
637 502 47 48 58
507 833 59 40 88
570 203 39 55 45
641 585 37 54 52
531 303 59 41 64
552 879 50 36 58
691 478 50 59 78
553 878 47 41 55
661 12 49 60 70
563 335 56 51 78
578 254 52 37 80
527 227 48 59 57
695 386 36 47 51
519 385 37 44 58
590 823 45 38 80
551 64 39 36 57
587 747 54 42 68
558 740 36 59 48
543 0 45 56 79
668 158 44 40 70
574 337 38 60 59
585 675 60 43 70
621 297 54 44 48
666 387 40 51 64
532 42 42 42 80
500 860 54 52 86
552 62 47 56 72
670 233 59 41 86
509 497 50 49 59
539 636 40 59 86
596 295 38 36 68
696 121 44 37 66
588 668 49 41 63
657 776 55 46 60
640 62 54 60 74
557 725 55 50 64
563 847 48 41 55
583 278 59 55 77
609 428 59 49 45
553 836 43 44 48
614 747 46 57 65
641 664 54 49 65
641 255 50 52 83
563 775 41 37 71
649 516 46 54 63
630 777 49 48 45
537 396 59 44 45
666 25 49 48 65
505 878 50 46 87
541 288 47 57 47
637 348 46 44 57
617 357 59 42 62
697 643 47 44 49
665 2 50 60 57
551 278 44 41 88
564 832 45 45 58
563 19 60 43 88
615 357 40 49 57
693 409 44 44 87
663 854 41 54 48
682 56 53 51 85
666 335 47 36 61
690 772 58 52 77
540 368 50 54 75
570 821 54 54 51
669 462 51 59 85
605 532 52 43 67
526 627 56 49 60
561 90 40 40 76
601 242 43 59 50
671 809 55 40 88
590 502 39 57 65
528 647 50 56 78
649 374 38 42 61
520 277 46 40 88
533 426 56 58 61
532 650 47 55 68
641 428 41 60 53
552 513 52 56 46
548 668 38 53 50
588 678 56 53 51
573 406 57 48 50
645 61 41 36 66
653 40 39 39 51
521 850 59 45 60
557 113 40 42 64
554 724 58 49 54
586 35 48 57 75
574 747 40 48 71
564 508 55 57 67
511 346 48 45 78
698 236 43 36 88
504 86 48 56 77
595 760 49 59 64
500 179 54 55 84
602 348 37 36 56
608 822 50 50 81
555 665 47 42 50
666 113 52 50 61
635 328 55 55 47
565 406 44 52 53
628 840 58 37 59
500 104 39 49 77
543 104 60 38 54
658 51 44 49 53
658 476 37 59 83
683 290 37 41 78
645 400 60 36 72
607 713 36 39 73
666 606 56 60 76
550 138 56 56 72
657 541 56 51 80
528 824 40 43 79
600 841 39 50 46
552 487 41 52 62
680 715 60 44 82
608 179 41 59 59
506 820 51 39 81
639 727 45 50 61
606 162 49 36 78
550 533 45 40 58
586 167 55 57 61
697 164 36 54 73
695 79 53 45 87
567 480 53 47 76
527 761 52 54 87
623 600 49 46 77
656 495 41 54 84
504 530 36 43 87
559 363 55 55 47
585 808 47 40 56
615 774 58 39 51
559 758 45 50 49
613 717 48 47 82
636 463 37 45 66
608 799 43 40 75
500 260 59 41 53
584 79 60 44 70
505 90 50 47 86
576 429 42 37 80
511 726 38 36 49
603 691 50 36 52
603 715 57 51 69
584 463 43 41 71
517 344 58 59 80
526 607 53 60 85
529 157 49 37 57
687 642 54 41 58
620 474 58 45 76
598 831 40 49 78
555 51 42 47 53
605 462 60 50 51
644 21 41 58 45
661 488 43 50 83
638 796 43 60 88
632 707 37 45 56
618 232 48 39 76
653 24 39 49 86
558 215 59 58 60
681 237 43 48 83
586 766 53 36 73
521 392 42 37 77
544 510 38 52 76
537 355 41 36 45
595 125 55 38 88
577 37 55 46 49
525 2 39 60 54
695 446 57 50 53
556 557 52 48 47
528 787 51 55 71
544 307 36 37 64
699 38 43 42 80
661 595 38 56 58
574 832 45 57 46
679 857 60 42 64
537 759 56 37 67
612 776 36 36 53
671 74 50 50 55
646 612 54 36 87
649 385 59 47 72
619 555 60 49 62
593 695 55 39 73
610 204 57 37 82
589 413 49 59 86
576 384 55 59 87
588 179 48 38 47
643 470 51 53 66
642 220 36 38 88
604 483 60 46 62
687 24 40 49 49
630 676 56 55 62
510 107 37 41 86
618 45 42 45 76
688 582 44 43 67
650 215 37 42 72
620 561 37 60 68
537 401 56 42 85
564 610 40 37 66
598 531 60 50 66
588 314 53 56 75
648 738 56 37 58
549 572 49 52 81
632 255 39 41 48
662 285 52 42 53
606 213 58 39 54
510 136 44 45 82
608 519 53 39 82
612 792 45 40 56
535 751 59 59 87
515 255 60 55 63
611 271 51 59 83
655 796 45 52 88
640 570 50 40 61
509 527 45 47 75
585 870 58 55 69
551 147 49 48 79
602 105 52 44 76
573 446 43 60 79
563 501 53 58 73
544 734 37 53 67
569 741 43 39 62
584 733 57 43 75
518 419 50 50 78
519 252 49 37 71
677 771 45 44 52
508 151 36 43 54
642 374 46 47 78
686 710 41 60 50
696 340 49 53 78
684 202 39 45 87
652 615 40 54 69
554 343 41 58 68
622 648 39 42 59
507 429 41 38 72
606 178 37 41 66
628 583 49 44 47
656 256 43 48 59
504 832 48 43 60
578 729 40 53 49
500 615 41 50 87
592 222 53 47 85
682 82 53 38 73
624 580 56 46 74
633 471 60 46 46
666 811 43 46 52
680 28 39 53 52
668 54 40 53 53
580 19 53 57 87
629 820 51 38 73
522 859 47 58 59
560 126 54 48 70
591 221 58 52 69
643 418 46 59 88
617 12 40 57 50
503 456 48 42 53
620 677 49 49 88
642 645 36 52 68
590 401 56 43 73
610 624 56 54 72
573 677 54 45 48
677 747 60 52 86
658 672 39 46 81
563 451 49 43 71
668 88 43 43 78
610 242 59 41 70
586 539 45 57 77
692 82 54 57 57
574 344 59 40 85
557 648 36 37 56
608 27 51 40 64
546 451 45 58 88
586 215 59 45 70
679 475 36 37 81
643 230 36 51 58
548 756 40 39 56
517 6 57 46 49
538 226 40 45 57
642 560 53 59 80
625 511 50 37 54
502 418 43 36 56
653 38 48 49 50
610 863 50 42 66
519 757 51 51 80
535 574 43 50 85
687 334 39 51 60
561 183 36 45 80
524 536 59 58 73
601 474 45 49 63
597 294 49 49 77
583 166 46 49 64
662 409 55 44 79
544 273 50 38 49
632 362 56 47 61
508 584 37 38 60
563 602 49 42 88
676 801 57 46 85
570 773 51 45 86
691 378 46 57 67
540 305 49 46 70
549 357 39 51 76
541 336 43 42 73
584 653 58 49 58
531 185 36 38 51
628 29 48 59 59
603 522 49 58 71
613 801 50 41 57
691 726 44 59 61
651 477 56 45 73
618 34 60 37 71
582 113 52 50 87
505 437 51 51 52
635 659 41 52 76
635 499 51 37 54
651 126 40 58 68
559 765 42 37 46
520 691 50 45 52
626 140 42 41 59
562 837 51 46 50
592 726 38 43 52
624 574 42 46 66
604 762 60 48 54
520 538 50 36 48
693 52 58 60 54
504 192 44 36 66
514 677 50 36 83
602 583 38 56 76
581 288 38 45 49
684 327 43 52 83
690 308 40 45 87
671 670 47 39 70
529 115 45 48 61
540 288 53 60 68
675 862 42 54 73
620 650 53 49 86
681 63 49 60 83
574 780 44 53 73
691 93 54 42 88
625 341 58 57 78
503 572 36 55 52
576 176 36 39 88
575 513 46 39 46
535 67 49 59 77
570 748 55 51 52
610 811 36 53 78
560 590 43 55 54
642 396 46 37 50
595 843 44 47 63
692 481 59 36 77
695 98 43 54 87
608 23 59 43 53
634 374 47 56 69
555 534 46 60 52
679 534 50 37 68
651 291 55 47 48
608 630 45 56 79
666 789 52 60 59
587 288 41 45 48
580 192 41 44 88
509 25 51 57 85
638 830 47 54 49
614 676 57 41 66
569 219 52 51 63
524 413 59 49 66
695 238 60 59 84
628 117 59 37 58
634 679 39 55 79
514 522 37 53 87
526 761 47 40 68
565 603 40 44 47
586 103 46 42 66
554 235 51 54 79
526 564 43 42 64
695 273 42 44 82
654 120 42 53 58
609 152 49 53 61
511 814 52 41 46
530 811 58 53 53
618 76 36 42 71
687 147 41 41 80
680 141 42 54 49
517 258 44 36 49
570 739 58 56 75
624 204 60 57 61
517 245 53 43 50
544 62 39 37 78
660 339 38 50 49
604 211 58 55 88
621 675 50 52 87
645 479 55 59 72
602 647 39 56 54
642 313 44 57 64
518 553 39 48 84
646 808 51 58 78
602 388 45 60 58
646 387 42 50 72
559 164 57 54 81
700 168 51 56 83
697 390 47 60 55
689 172 48 54 87
625 423 55 52 85
505 293 60 43 73
516 570 57 37 77
652 150 56 39 60
593 795 47 60 46
592 743 38 38 79
529 582 56 56 86
637 45 51 40 59
642 207 59 55 60
633 334 44 56 56
560 516 51 48 51
699 472 57 43 49
503 409 43 56 64
599 450 59 43 82
567 268 58 60 69
504 588 54 51 83
617 399 47 55 66
587 437 49 45 45
596 47 43 53 82
644 638 58 36 54
511 736 45 56 83
571 102 51 52 51
569 352 55 45 65
566 612 58 50 50
681 461 55 55 75
666 628 51 59 72
603 126 38 39 49
502 569 60 55 69
517 516 52 47 54
658 828 41 58 48
698 29 60 51 64
540 43 55 50 87
533 539 49 46 78
630 833 41 42 74
570 308 49 44 73
599 387 49 37 80
597 842 54 37 73
504 232 50 59 73
676 208 36 53 88
520 448 43 40 67
591 690 47 56 85
553 604 42 45 54
537 118 42 51 47
594 847 53 59 74
597 155 44 55 85
504 68 41 41 80
686 662 58 46 74
647 586 54 51 63
695 586 38 60 57
637 575 42 45 52
632 763 54 55 47
698 700 43 52 80
558 655 45 59 47
682 473 40 42 65
514 160 42 46 48
598 463 40 54 48
565 797 58 40 86
565 717 50 40 72
507 653 36 41 66
525 738 39 52 87
546 675 56 59 65
683 614 40 59 49
676 240 58 36 52
604 314 47 59 72
653 617 50 41 49
606 275 59 43 49
542 519 57 44 64
606 387 57 46 66
684 837 51 39 46
549 230 40 42 84
629 250 46 56 78
637 163 41 51 48
538 236 43 39 51
560 425 50 47 68
588 374 43 40 67
688 139 52 60 78
654 469 36 40 57
646 365 58 47 88
626 310 50 48 64
690 811 39 41 69
604 759 42 46 52
652 241 56 38 84
578 394 45 40 85
524 129 60 54 72
580 276 43 39 78
584 475 60 43 50
672 106 49 44 49
560 365 50 51 57
597 478 42 55 61
615 822 40 57 77
550 405 54 56 45
522 115 50 49 71
672 54 53 37 80
534 104 53 52 50
589 770 57 37 49
556 477 49 38 69
579 340 37 42 48
687 589 46 55 75
697 552 48 60 78
616 749 36 43 60
529 833 51 42 81
540 694 60 44 56
700 441 46 49 54
564 604 42 51 78
562 289 43 38 76
535 184 49 36 77
540 634 46 44 46
630 722 44 37 87
644 556 43 37 56
659 418 60 48 71
558 206 54 57 86
584 626 37 58 86
506 685 57 48 70
528 94 51 52 76
634 194 39 50 75
667 816 43 51 60
586 787 39 55 45
583 466 37 48 82
661 114 40 50 86
697 66 43 51 65
555 451 57 42 56
634 563 38 58 64
551 249 54 57 81
627 80 51 36 68
640 863 37 59 79
619 87 58 48 71
508 615 55 49 52
579 537 38 38 54
536 640 58 58 45
682 742 52 51 67
543 523 43 51 62
608 67 39 55 52
664 544 48 53 45
685 572 38 52 81
640 672 59 42 73
606 46 59 52 78
526 692 44 43 55
669 493 49 42 46
669 708 39 43 48
507 742 38 43 83
658 437 42 44 45
687 613 50 57 67
503 405 59 50 72
550 595 60 59 73
501 701 57 43 83
510 586 55 55 65
544 149 58 59 50
690 462 48 39 49
696 512 39 47 60
500 832 42 44 45
656 349 41 36 80
652 722 37 57 85
639 305 60 60 48
602 745 42 39 76
563 382 36 48 58
626 604 60 50 60
543 612 57 58 55
574 103 37 46 88
593 579 60 47 57
608 336 49 57 56
665 146 44 43 59
587 207 49 53 57
682 787 60 37 68
649 506 49 49 87
503 104 49 36 79
586 748 51 37 55
568 483 44 36 67
638 685 58 37 86
522 89 53 38 80
661 844 58 39 47
688 665 56 56 57
626 331 44 50 70
658 658 39 51 53
657 27 45 49 58
517 284 50 36 53
550 162 55 56 66
572 430 57 57 71
633 474 47 42 59
533 824 52 52 73
686 366 46 56 55
584 174 39 57 55
639 843 43 46 87
660 270 60 56 83
516 689 46 60 76
695 203 57 45 59
572 427 42 56 66
613 504 46 49 81
627 380 44 46 73
561 39 53 54 48
607 236 55 43 57
693 202 45 48 76
697 184 40 46 61
524 94 36 39 83
663 366 57 48 79
638 38 60 37 45
679 261 52 51 69
561 235 42 47 47
573 521 50 54 63
560 679 56 40 48
502 189 36 38 84
548 757 52 60 47
635 58 52 47 79
647 13 59 59 54
646 870 59 54 86
622 681 46 46 68
609 503 50 56 66
558 185 40 57 55
673 307 39 43 49
611 306 40 56 70
509 65 47 54 88
656 799 40 60 48
565 662 57 50 86
611 403 37 41 72
563 309 43 47 88
522 857 57 60 71
640 707 43 47 58
691 822 41 60 71
569 766 42 54 85
