982
641 73 94 58 3
1000
-814 715 57 40 71
-840 539 52 42 61
-848 535 40 43 52
-737 512 45 58 75
-877 265 41 52 86
-888 75 44 60 55
-721 236 47 51 82
-868 599 53 60 64
-885 687 58 44 85
-796 602 51 40 56
-724 234 52 48 85
-747 541 56 55 59
-869 479 44 58 51
-783 530 45 41 85
-703 51 38 52 64
-792 777 59 54 84
-761 286 57 39 57
-769 145 48 45 84
-827 640 36 37 73
-875 329 54 52 64
-703 200 40 42 90
-829 632 54 38 61
-822 325 48 37 89
-767 280 52 57 64
-750 880 60 57 84
-796 299 60 54 66
-871 773 53 57 79
-857 490 43 58 61
-705 2 58 36 64
-817 122 58 36 74
-813 84 46 37 56
-775 332 57 45 90
-887 490 37 42 81
-739 505 55 58 63
-892 529 54 45 53
-709 145 50 46 75
-807 53 40 56 60
-824 619 59 42 64
-799 527 52 47 56
-896 335 49 51 58
-820 844 39 50 60
-890 455 45 47 73
-780 117 45 45 84
-793 245 56 43 89
-885 546 48 55 80
-707 169 55 54 88
-848 456 51 41 56
-812 11 59 43 82
-834 688 57 54 52
-800 562 54 42 65
-803 37 50 47 87
-724 451 57 55 83
-885 88 54 38 56
-734 168 48 38 58
-807 586 59 44 80
-762 210 46 48 70
-827 488 49 50 80
-749 360 48 57 73
-827 119 44 53 77
-808 631 40 48 61
-839 521 51 44 57
-715 865 52 56 74
-824 640 60 43 73
-834 232 56 38 75
-721 677 51 55 77
-871 136 39 57 61
-760 305 41 55 82
-739 243 44 57 78
-826 796 48 56 52
-773 350 52 37 77
-770 520 43 43 80
-877 629 53 37 73
-842 721 58 39 62
-880 381 45 54 60
-702 842 58 47 65
-716 238 36 56 79
-716 597 56 53 80
-752 741 57 46 90
-713 805 50 39 75
-796 175 59 55 90
-853 856 44 36 82
-838 343 37 42 70
-705 346 60 40 61
-893 265 52 46 58
-723 639 40 51 83
-855 89 54 47 67
-879 157 42 44 74
-812 495 47 59 75
-880 634 57 59 74
-717 536 42 46 84
-824 81 43 56 66
-833 304 53 56 70
-787 396 60 37 81
-740 497 51 53 83
-785 700 40 59 55
-868 202 41 49 63
-824 562 49 56 63
-832 669 40 37 76
-866 654 46 43 73
-894 425 36 48 87
-710 209 47 38 74
-772 879 51 51 88
-795 706 41 59 70
-850 270 45 47 57
-887 732 36 41 55
-853 610 51 51 84
-758 208 55 45 65
-790 658 41 38 64
-796 451 46 36 64
-832 653 55 43 64
-833 750 41 50 60
-726 341 52 45 73
-874 391 55 53 89
-870 437 57 43 76
-811 182 59 38 85
-742 139 47 46 59
-825 420 51 60 86
-868 619 40 42 53
-751 723 42 54 52
-811 663 50 52 58
-701 68 39 47 84
-738 830 58 55 86
-740 713 48 55 76
-713 545 40 58 84
-730 112 42 39 81
-743 451 45 43 75
-877 540 60 36 53
-780 646 52 39 52
-775 529 40 48 83
-840 466 37 52 79
-874 208 51 36 76
-814 134 43 48 75
-885 291 42 39 67
-740 564 42 48 78
-886 568 48 39 69
-781 493 39 36 70
-800 484 55 46 51
-723 455 44 40 77
-847 821 45 50 70
-791 35 38 38 80
-813 265 39 59 83
-708 270 42 42 62
-815 537 54 41 81
-755 144 36 57 65
-832 445 39 51 51
-858 492 52 44 65
-764 619 52 48 77
-750 671 45 52 87
-849 455 51 56 85
-737 881 51 59 84
-826 458 37 54 65
-790 560 40 45 81
-847 589 55 40 59
-760 769 49 58 76
-752 502 59 49 79
-796 744 59 52 68
-853 566 44 47 80
-819 528 36 44 84
-895 850 53 46 64
-895 643 41 58 61
-732 694 46 46 53
-880 144 40 44 67
-869 854 45 42 89
-701 474 53 60 69
-734 230 48 50 82
-701 815 37 57 74
-853 50 52 37 89
-894 204 58 42 84
-842 104 60 53 70
-739 770 60 58 60
-796 548 60 41 86
-869 715 49 59 53
-742 808 54 51 61
-884 709 42 60 71
-713 144 59 36 75
-829 191 44 45 79
-839 704 48 49 61
-776 78 44 56 88
-733 758 58 50 80
-781 287 37 42 52
-724 14 38 50 77
-885 319 45 58 68
-716 324 58 39 86
-807 206 56 47 83
-791 385 58 59 82
-837 671 45 57 64
-897 288 42 36 77
-741 40 58 40 65
-870 131 39 39 79
-860 164 46 42 51
-725 35 59 58 84
-803 438 59 43 86
-819 642 51 38 89
-745 586 36 42 58
-891 156 53 56 67
-749 263 57 36 90
-723 844 58 60 51
-830 284 43 52 66
-813 425 55 52 80
-776 445 36 50 55
-737 682 41 52 68
-740 198 56 49 75
-839 519 45 53 84
-743 683 56 53 88
-702 790 51 54 83
-737 715 47 38 89
-807 590 52 38 81
-733 112 53 41 71
-847 279 41 47 67
-722 301 42 57 69
-721 422 60 51 90
-862 645 48 57 78
-815 529 57 54 81
-869 833 49 46 56
-734 83 44 37 63
-837 685 40 52 84
-746 486 48 44 87
-722 409 42 53 56
-789 617 38 46 59
-889 704 43 45 64
-879 832 57 56 68
-740 662 60 54 67
-726 367 57 44 84
-796 148 42 49 51
-764 272 58 58 90
-846 29 39 46 58
-770 338 60 41 54
-725 444 60 48 86
-798 803 46 57 75
-837 836 36 40 88
-750 32 48 41 60
-890 689 47 47 82
-808 217 58 40 65
-751 631 40 46 57
-876 451 57 52 84
-809 266 57 41 64
-700 417 41 37 64
-823 151 38 55 70
-728 817 36 54 85
-872 823 57 55 62
-813 673 51 58 89
-726 429 53 54 84
-878 659 46 47 87
-828 110 47 42 88
-799 338 50 54 54
-704 484 42 56 69
-722 370 38 40 63
-706 77 47 50 64
-770 245 53 51 77
-830 571 48 38 87
-731 123 49 42 70
-815 400 46 58 69
-831 546 36 53 82
-856 868 45 57 58
-888 83 45 57 53
-743 6 45 54 79
-884 144 39 50 86
-785 298 59 54 86
-895 498 54 39 54
-853 623 60 57 84
-788 146 48 41 77
-834 733 54 49 81
-848 828 49 44 82
-735 244 57 49 59
-898 857 51 39 88
-830 775 42 44 63
-858 808 48 46 66
-816 456 57 39 54
-720 843 60 49 88
-815 21 40 51 67
-746 236 41 54 60
-820 460 40 40 70
-838 526 38 41 83
-839 536 40 41 90
-753 390 43 48 76
-719 333 52 37 55
-791 64 56 38 79
-889 390 54 46 55
-779 4 45 36 83
-775 630 39 42 75
-742 576 53 37 56
-737 224 49 56 58
-769 425 53 40 81
-811 61 46 59 83
-785 65 54 42 86
-784 756 51 56 74
-899 84 47 57 82
-746 448 51 36 88
-762 569 58 36 79
-874 330 51 57 82
-822 775 54 45 80
-788 819 53 40 88
-792 823 39 47 70
-790 762 60 37 89
-765 149 51 46 53
-876 637 58 47 53
-843 235 42 57 63
-746 315 49 38 90
-869 838 36 43 82
-856 291 43 39 81
-838 631 39 56 88
-710 778 40 55 59
-753 158 57 57 57
-797 817 47 36 76
-790 54 37 49 85
-715 653 37 45 90
-867 743 50 39 59
-798 399 60 56 54
-885 546 57 59 88
-707 60 53 55 74
-830 188 37 40 63
-858 219 37 53 73
-724 538 55 40 83
-705 606 44 37 76
-833 563 42 51 56
-745 155 55 44 78
-874 593 54 58 51
-703 772 36 60 64
-883 103 52 39 73
-898 598 58 48 89
-724 26 44 41 59
-759 152 38 50 51
-867 511 41 36 63
-748 856 57 44 79
-867 288 36 60 73
-764 665 48 48 68
-896 693 38 59 90
-723 571 54 46 76
-820 720 44 49 88
-815 351 39 57 71
-772 522 52 58 89
-882 650 44 41 58
-831 40 40 43 84
-832 586 59 52 68
-760 876 60 46 73
-730 333 51 38 85
-764 683 59 38 59
-829 248 42 44 56
-815 340 56 60 90
-714 774 57 57 74
-885 148 58 54 78
-810 163 51 57 73
-861 860 53 44 54
-797 501 59 44 70
-838 11 47 46 67
-750 77 52 53 57
-737 343 51 48 63
-854 372 41 41 83
-856 262 53 41 86
-841 657 47 57 56
-748 809 60 40 51
-814 519 55 56 78
-863 164 39 41 76
-883 38 36 46 52
-744 168 52 57 70
-785 282 39 37 53
-803 280 38 49 59
-778 561 48 37 61
-808 13 41 52 53
-771 329 46 43 69
-795 95 51 39 65
-863 128 57 48 74
-752 500 50 52 58
-824 461 47 60 56
-869 704 45 49 78
-882 254 41 57 72
-835 749 55 52 80
-876 845 45 43 83
-823 298 48 60 89
-728 390 37 42 65
-732 817 43 51 60
-848 727 37 59 87
-756 176 45 40 60
-854 524 50 48 82
-723 339 58 51 85
-777 303 39 50 78
-733 521 54 47 53
-872 676 44 48 69
-713 652 59 54 82
-759 325 40 40 54
-883 184 60 39 74
-716 200 45 54 78
-715 407 36 38 55
-774 587 38 47 83
-796 693 47 36 87
-764 258 48 41 73
-836 247 46 38 83
-812 61 38 47 85
-844 534 57 45 55
-820 463 50 49 57
-875 732 40 54 73
-897 450 54 48 66
-705 401 48 44 60
-851 704 40 58 77
-778 99 49 40 56
-893 622 45 43 53
-745 457 38 43 85
-852 779 44 57 60
-806 201 50 53 73
-786 881 46 36 68
-866 589 36 51 75
-874 239 53 53 80
-807 590 59 41 61
-894 296 58 44 79
-824 472 54 54 79
-723 324 54 49 87
-867 863 47 40 88
-734 181 45 38 61
-873 730 58 44 59
-886 644 49 58 52
-741 166 41 52 77
-818 531 37 43 90
-794 475 36 56 59
-722 851 58 38 69
-890 98 47 38 79
-876 655 51 54 68
-742 690 36 55 88
-856 348 53 42 63
-801 440 36 48 65
-867 714 41 41 76
-846 71 51 36 65
-731 530 55 49 52
-838 32 60 60 59
-811 352 44 41 88
-786 505 45 47 62
-777 434 52 54 70
-807 427 38 36 65
-882 527 56 36 61
-792 269 43 48 82
-792 290 52 45 76
-713 591 59 48 57
-835 625 41 56 74
-797 457 53 46 68
-721 133 50 58 57
-744 171 50 44 65
-725 376 43 39 57
-831 114 58 48 82
-727 856 50 52 69
-892 216 58 49 82
-712 327 51 54 79
-748 791 37 39 82
-866 147 54 41 59
-774 116 54 38 85
-754 337 46 36 60
-787 667 41 50 86
-900 820 55 36 82
-872 610 53 42 80
-798 543 58 54 69
-869 623 48 58 67
-778 811 39 47 57
-824 535 48 58 77
-793 360 36 47 85
-738 523 58 51 62
-883 356 50 38 74
-752 420 55 49 63
-729 731 59 57 51
-827 601 60 59 83
-736 95 46 49 72
-865 87 44 36 57
-706 395 48 41 77
-882 142 36 43 67
-863 861 39 54 51
-762 673 48 52 84
-835 330 45 46 67
-856 22 41 45 89
-785 320 55 37 73
-827 102 41 36 76
-803 234 41 58 63
-741 4 54 40 81
-898 836 50 56 79
-818 659 55 36 72
-713 543 59 54 57
-821 365 41 46 70
-841 800 41 38 70
-809 418 48 57 69
-714 416 59 56 63
-711 480 37 51 86
-749 362 60 46 65
-818 32 58 37 86
-799 588 39 46 90
-802 677 54 43 84
-819 622 50 43 75
-754 726 55 40 57
-899 455 57 60 61
-817 873 52 60 73
-729 417 40 48 55
-772 554 39 39 80
-831 551 48 43 55
-835 485 41 53 87
-858 223 58 47 71
-761 868 51 37 74
-836 228 55 52 73
-717 559 54 44 51
-766 713 42 53 55
-835 781 41 43 61
-820 792 46 55 65
-751 853 46 46 87
-895 877 59 38 58
-733 219 43 53 83
-759 698 58 57 85
-765 579 58 59 73
-835 271 57 52 51
-744 307 55 52 54
-791 121 45 37 53
-744 427 43 37 67
-797 745 48 59 87
-700 518 43 41 81
-705 380 41 60 72
-779 624 59 39 56
-889 119 50 56 86
-780 46 47 46 52
-744 590 39 50 55
-726 241 41 46 87
-824 875 42 39 81
-874 293 49 40 66
-779 835 48 36 79
-836 623 58 53 63
-754 803 57 40 70
-718 151 58 48 59
-795 451 37 57 72
-817 45 40 42 86
-803 731 55 44 80
-730 835 46 60 89
-817 635 39 53 68
-759 170 47 38 87
-856 43 53 39 74
-855 682 53 38 81
-711 298 45 59 74
-812 403 46 45 64
-778 819 52 59 58
-853 480 42 48 56
-724 194 44 38 56
-826 739 59 36 77
-756 873 41 51 67
-853 492 49 39 55
-748 692 38 45 88
-758 509 48 37 61
-783 129 36 57 84
-871 730 44 50 53
-864 46 51 56 90
-711 641 43 58 55
-890 80 40 41 61
-797 160 46 54 55
-731 489 51 48 72
-883 775 50 39 87
-796 152 36 60 88
-766 236 51 41 61
-723 154 40 51 72
-741 616 37 47 90
-890 728 55 46 68
-729 146 49 54 84
-729 646 59 48 67
-822 594 42 39 84
-894 436 51 45 70
-815 122 49 49 51
-893 594 38 56 90
-881 464 49 46 58
-872 672 55 52 89
-750 849 58 60 76
-802 770 43 54 65
-732 226 46 47 73
-800 655 55 56 61
-848 808 36 51 81
-785 822 38 44 76
-888 675 45 38 90
-776 285 56 48 68
-765 537 56 53 64
-813 575 39 59 54
-818 601 48 58 56
-781 206 52 58 80
-856 91 38 51 61
-899 330 54 47 58
-702 532 46 36 63
-773 655 56 38 65
-720 290 42 47 66
-858 254 50 49 74
-707 497 45 51 66
-879 488 46 57 51
-763 130 57 59 53
-837 512 36 52 59
-751 203 50 46 81
-779 561 50 46 69
-850 430 57 46 70
-870 491 58 50 74
-853 466 37 43 85
-844 450 40 42 69
-769 658 40 40 75
-755 587 40 56 64
-829 342 44 57 81
-754 734 48 50 87
-779 616 39 39 81
-778 284 41 39 81
-745 384 59 52 54
-817 583 54 56 61
-724 553 40 36 57
-888 491 45 47 76
-784 669 40 57 51
-803 180 57 43 74
-797 844 43 51 61
-827 704 48 40 76
-788 207 49 42 55
-721 259 49 56 87
-861 276 37 46 53
-722 672 48 42 59
-857 196 48 46 53
-724 574 55 47 79
-838 57 46 57 74
-761 117 47 36 79
-827 339 49 37 51
-712 880 55 59 70
-734 25 36 43 54
-794 147 47 50 61
-864 562 48 58 78
-726 659 38 49 85
-857 395 51 48 86
-822 97 53 48 58
-788 560 44 36 52
-874 633 45 41 73
-857 58 53 44 85
-858 469 58 37 90
-796 94 48 48 55
-836 346 38 41 74
-749 617 51 36 69
-758 673 59 52 88
-732 471 46 55 59
-889 3 50 57 72
-795 351 38 48 84
-709 382 42 36 69
-863 436 49 38 77
-862 567 42 52 88
-702 732 57 57 81
-767 138 52 53 76
-777 467 42 59 56
-712 228 42 54 54
-845 613 46 50 90
-703 741 56 48 58
-850 236 49 57 60
-866 85 49 44 83
-774 581 50 52 51
-820 868 36 45 84
-832 193 54 51 61
-815 783 60 48 62
-863 292 51 43 84
-854 487 44 44 57
-834 54 43 41 53
-861 356 52 60 55
-861 591 39 56 55
-730 802 52 40 80
-724 286 45 42 55
-781 759 58 43 55
-764 398 52 40 61
-841 677 50 52 67
-852 856 59 53 80
-767 877 40 53 76
-800 568 45 42 84
-814 362 39 38 57
-863 839 48 47 76
-811 278 56 40 57
-802 65 54 38 62
-835 637 53 48 58
-720 275 53 53 83
-730 839 36 44 68
-827 174 41 54 57
-873 659 44 40 83
-837 327 41 37 69
-871 560 44 37 71
-863 326 46 42 62
-753 861 45 57 83
-871 732 36 37 73
-755 813 47 56 89
-859 626 40 57 81
-775 342 58 52 53
-770 129 48 40 85
-784 415 56 36 69
-760 361 53 55 60
-710 151 50 49 76
-864 38 43 57 74
-864 654 37 52 56
-755 569 43 54 55
-832 570 50 44 62
-773 651 58 42 56
-742 408 55 56 90
-766 521 38 60 87
-832 98 44 42 56
-845 3 43 58 89
-803 303 49 37 90
-883 77 51 41 57
-708 240 39 57 56
-822 289 45 40 61
-898 138 50 48 53
-726 277 54 51 68
-756 601 47 48 71
-804 678 43 36 73
-864 606 59 44 64
-896 815 54 45 89
-703 279 55 55 54
-802 807 49 58 84
-815 692 36 52 88
-887 653 42 57 87
-839 488 47 47 57
-878 108 40 41 63
-793 384 49 44 84
-853 36 54 45 55
-848 606 48 49 62
-861 280 45 60 71
-834 284 38 60 82
-872 0 43 36 56
-757 493 59 54 74
-760 629 57 54 74
-702 764 39 53 52
-787 659 38 57 88
-891 338 60 44 57
-888 609 60 38 85
-820 653 58 51 70
-700 71 42 53 87
-812 149 56 57 52
-750 72 44 56 78
-842 539 42 41 64
-747 467 37 50 65
-828 670 60 43 56
-716 260 58 42 90
-840 750 52 38 62
-820 416 46 51 64
-711 377 45 51 74
-713 429 41 40 76
-765 490 59 54 57
-761 670 59 55 76
-807 703 37 54 87
-895 392 47 44 87
-704 329 37 47 69
-790 176 48 56 64
-880 599 54 55 72
-835 365 41 58 90
-899 96 47 39 57
-894 616 45 57 81
-849 495 37 41 60
-726 691 56 54 72
-740 795 51 37 62
-815 94 44 39 86
-882 146 40 36 70
-868 64 60 47 73
-824 463 38 48 87
-779 190 48 47 86
-818 90 40 45 62
-787 768 52 50 72
-802 777 37 56 88
-801 196 45 44 58
-837 271 47 47 60
-850 97 48 52 57
-719 700 53 40 74
-829 518 52 37 80
-820 221 58 47 63
-867 7 56 44 70
-765 327 54 55 66
-707 775 51 57 56
-711 753 53 54 52
-712 717 39 60 87
-856 713 60 50 74
-890 26 40 57 71
-875 728 53 60 52
-714 616 46 50 83
-745 580 60 49 57
-705 111 58 42 53
-769 374 38 60 61
-871 374 54 58 87
-794 344 51 60 76
-817 447 60 45 53
-874 156 50 57 57
-751 824 49 59 58
-730 350 46 52 87
-755 271 53 48 80
-826 771 48 50 84
-858 26 41 41 74
-753 710 42 57 85
-765 320 40 53 86
-871 431 42 55 79
-760 481 48 57 62
-844 205 44 49 82
-830 867 43 53 59
-798 21 41 43 51
-804 358 59 50 56
-897 130 60 50 67
-745 464 37 51 65
-874 655 52 39 88
-785 550 55 44 79
-870 729 42 40 69
-874 489 50 41 63
-849 793 43 56 76
-785 637 37 49 54
-747 139 43 60 73
-800 816 47 59 61
-741 53 42 43 71
-798 612 37 49 60
-792 150 43 50 56
-701 672 47 42 67
-728 662 52 46 68
-714 608 41 50 89
-767 214 47 57 57
-774 328 44 41 53
-781 592 40 55 67
-755 788 42 49 74
-783 704 36 60 79
-831 177 36 53 76
-780 99 56 59 73
-898 46 54 47 89
-708 414 47 57 81
-885 668 52 39 52
-740 280 46 39 82
-873 471 40 37 83
-897 711 53 59 67
-727 695 55 57 70
-777 641 52 52 78
-746 649 58 39 55
-866 224 55 46 72
-888 565 38 58 89
-766 459 55 46 71
-730 108 54 39 79
-798 511 39 60 81
-721 522 52 49 65
-895 710 60 59 51
-711 451 51 50 70
-893 182 58 38 72
-744 125 45 38 68
-831 171 52 54 86
-868 817 53 52 62
-868 669 39 42 78
-823 278 39 49 52
-842 687 40 36 56
-794 25 51 54 53
-736 224 58 57 52
-738 791 40 50 78
-874 544 47 59 68
-895 580 43 58 75
-856 223 51 57 69
-800 575 53 47 62
-888 868 60 45 57
-825 200 48 59 82
-872 407 37 52 64
-891 205 37 38 84
-711 561 37 46 89
-851 872 48 36 51
-838 206 46 44 84
-711 278 36 36 63
-832 694 54 45 80
-787 800 46 36 64
-742 505 38 44 69
-877 760 44 36 68
-842 25 49 58 56
-700 621 40 44 51
-804 730 42 36 52
-747 558 36 52 82
-734 294 51 54 64
-790 556 45 50 74
-858 111 38 47 60
-795 79 49 53 53
-804 341 38 41 51
-741 0 47 40 85
-725 181 48 54 55
-809 720 39 48 62
-814 722 45 47 61
-779 133 48 37 78
-840 346 48 56 56
-859 580 40 45 75
-854 26 59 51 89
-874 655 36 59 51
-893 733 40 39 58
-842 141 41 40 80
-785 813 57 39 63
-855 103 57 40 51
-866 871 52 43 62
-859 787 40 46 81
-867 762 42 37 82
-810 239 53 60 82
-785 151 37 36 83
-734 600 43 59 66
-744 56 60 49 54
-728 847 59 51 66
-824 615 45 39 86
-713 415 52 53 61
-813 303 55 41 63
-864 507 54 51 80
-709 465 37 42 57
-714 684 36 55 87
-726 749 39 60 69
-766 810 40 36 87
-718 93 40 45 81
-869 391 54 56 79
-740 462 54 50 60
-834 442 44 52 53
-781 118 38 42 88
-827 672 47 41 75
-815 422 46 52 64
-724 160 49 54 80
-836 852 37 57 66
-894 386 60 38 73
-729 17 56 37 87
-840 782 56 48 69
-852 408 43 60 60
-728 865 44 55 63
-704 380 54 51 56
-734 836 42 47 69
-747 271 45 52 79
-771 215 41 36 64
-864 598 57 41 64
-828 670 43 37 52
-761 815 38 40 75
-750 585 37 42 67
-889 136 42 57 83
-837 92 56 38 70
-744 268 60 43 55
-740 526 39 56 81
-742 557 40 41 64
-758 230 56 52 80
-779 455 40 38 85
-824 466 55 50 90
-819 768 49 42 54
-815 863 58 49 88
-722 159 47 39 51
-757 56 54 48 76
-719 514 39 46 75
-777 707 53 55 74
-886 58 38 43 52
-821 502 42 56 89
-800 577 59 53 69
-707 72 40 49 56
-870 525 42 40 54
-848 431 58 48 76
-745 154 54 49 88
-742 682 50 36 52
-860 746 51 59 86
-804 706 37 39 80
-759 704 48 50 79
-791 381 46 59 78
-849 834 38 54 62
-840 739 42 57 52
-706 573 39 41 70
-898 156 57 36 76
-801 707 53 52 64
-733 193 54 47 63
-810 476 37 53 68
-737 775 38 57 82
-830 677 56 52 51
-898 343 36 37 67
-895 585 44 39 63
-892 327 58 54 88
-861 83 58 40 82
-782 312 48 50 73
-724 149 52 49 88
-837 517 49 44 74
-727 283 43 42 85
-700 634 44 54 65
-853 497 38 42 62
-822 44 48 50 71
-721 563 59 50 72
-889 349 39 59 59
-763 769 36 42 87
-775 432 42 54 66
-804 633 37 42 72
-794 717 58 47 79
-872 264 50 44 74
-811 545 46 42 86
-741 728 56 52 84
-833 580 50 45 69
-795 487 41 59 56
-720 18 39 60 57
-893 459 48 44 89
-814 348 60 44 82
-781 352 58 55 82
-777 481 57 60 88
-900 626 40 38 86
-863 474 41 57 56
-777 347 41 44 69
-809 760 51 51 58
-717 106 59 53 55
-744 690 46 52 80
-726 618 42 36 88
-812 227 60 53 68
-836 678 37 47 86
-836 634 36 42 55
-709 70 39 36 54
-846 816 42 45 88
-758 523 59 46 76
-857 520 40 59 89
-754 695 37 51 64
-711 421 51 51 58
-738 465 38 42 86
-819 4 36 37 70
-711 266 54 54 59
-777 728 54 41 80
-824 193 47 45 51
-835 147 43 52 87
-814 645 49 40 71
-708 396 42 47 53
-866 52 39 58 83
-804 277 42 48 52
-769 815 36 45 89
-870 603 59 53 83
-752 346 46 46 66
-872 10 60 41 78
-897 823 40 52 87
