984
364 97 72 50 3
1000
-713 307 48 36 85
-750 823 49 58 69
-792 861 36 48 64
-741 722 51 45 86
-774 237 43 45 51
-843 39 42 56 90
-720 648 41 49 78
-820 111 50 48 70
-769 502 60 55 78
-866 629 58 55 62
-877 485 45 45 64
-883 575 49 56 69
-723 568 48 48 81
-747 675 44 48 55
-761 232 49 55 81
-833 717 39 50 58
-858 544 39 43 83
-706 486 52 42 76
-890 135 54 48 63
-886 52 44 53 69
-763 98 53 49 70
-758 552 48 54 59
-816 819 43 58 54
-881 389 44 55 66
-757 324 53 56 52
-807 446 51 42 66
-890 757 40 39 65
-777 168 44 53 55
-892 757 55 54 54
-729 556 47 37 84
-877 374 46 40 78
-727 329 57 45 69
-740 405 56 56 90
-882 438 51 59 82
-726 677 54 58 68
-880 624 46 53 61
-772 556 51 58 81
-782 597 51 55 90
-738 383 48 49 51
-700 589 38 58 88
-874 255 45 54 58
-755 404 41 38 51
-779 170 40 41 64
-786 728 44 60 65
-830 499 57 42 63
-737 325 56 44 79
-817 566 44 55 84
-837 260 57 50 71
-812 63 59 56 57
-714 518 57 51 74
-772 613 42 41 56
-704 539 57 59 90
-849 375 51 60 81
-890 475 41 38 79
-800 320 44 56 79
-814 320 52 58 88
-733 118 48 60 86
-868 311 44 40 84
-855 734 60 60 71
-776 221 40 38 88
-752 44 40 45 62
-879 345 60 39 90
-823 58 60 55 60
-753 668 37 43 84
-827 417 47 46 75
-749 130 59 39 71
-816 725 36 42 83
-733 534 40 38 69
-700 761 51 52 83
-835 815 43 36 63
-710 871 56 44 88
-748 545 39 55 63
-873 516 37 60 67
-891 367 39 60 61
-760 379 53 56 84
-818 252 46 60 68
-748 498 43 45 73
-893 502 37 53 65
-727 5 59 48 71
-782 344 47 59 61
-801 373 58 38 61
-847 32 48 51 66
-827 438 54 42 61
-839 102 44 49 51
-867 875 53 54 59
-770 872 58 37 76
-882 256 50 54 88
-737 497 60 47 60
-882 826 51 46 63
-833 869 39 52 51
-730 518 48 43 90
-881 436 53 42 90
-883 397 47 54 60
-732 153 58 59 70
-873 489 59 41 84
-784 7 50 42 78
-773 203 41 41 51
-857 166 56 47 56
-879 248 52 42 80
-735 491 56 43 59
-785 339 46 46 53
-893 526 53 38 71
-777 451 47 43 71
-796 127 59 41 78
-846 781 49 47 53
-867 9 40 43 72
-737 684 41 58 56
-858 560 42 60 66
-852 366 48 39 77
-788 328 56 41 83
-739 365 53 42 86
-826 807 55 36 64
-719 164 55 41 74
-867 36 39 53 73
-867 107 43 46 76
-749 222 43 57 52
-771 611 39 38 62
-759 652 59 42 85
-770 392 54 41 87
-716 394 47 44 51
-704 54 60 41 66
-738 672 40 59 54
-831 502 53 48 71
-719 538 54 57 89
-812 736 60 53 70
-730 527 52 45 67
-796 160 42 58 83
-728 772 38 49 72
-744 656 54 48 62
-820 535 57 53 80
-713 438 44 56 80
-874 790 39 55 76
-754 754 60 39 83
-844 477 51 40 54
-888 493 53 36 78
-760 65 51 56 82
-887 722 60 58 59
-713 559 43 58 56
-834 688 60 43 63
-755 734 38 59 55
-844 72 37 52 77
-818 227 58 52 72
-750 511 47 53 69
-717 832 43 57 69
-726 596 40 50 52
-793 93 54 54 56
-823 549 55 36 87
-895 803 40 46 65
-784 652 44 60 55
-812 589 45 48 77
-878 581 56 43 62
-719 484 60 48 81
-709 189 46 49 59
-785 426 36 51 87
-817 286 42 39 58
-863 726 36 58 65
-802 399 43 45 78
-724 797 58 56 77
-722 232 48 58 68
-781 493 60 59 86
-758 616 47 37 89
-827 708 37 49 60
-784 477 52 56 71
-713 266 41 40 66
-838 169 57 37 88
-739 247 51 59 54
-755 787 54 40 56
-875 208 53 53 62
-750 418 57 53 65
-702 155 59 45 56
-886 247 60 43 70
-728 343 40 47 55
-874 218 52 41 54
-783 667 38 43 84
-738 232 41 52 80
-828 386 45 53 64
-756 784 44 53 72
-807 742 50 46 70
-872 336 49 51 90
-717 121 50 53 54
-817 741 58 47 51
-873 373 44 58 75
-835 649 59 42 83
-792 288 56 46 73
-785 590 44 47 55
-789 496 41 50 60
-825 321 39 36 86
-775 169 57 43 62
-829 143 36 38 74
-792 633 58 55 56
-757 667 52 51 83
-869 255 57 58 75
-771 824 54 48 87
-742 728 51 51 88
-875 808 49 36 72
-765 628 43 45 59
-836 543 50 41 58
-822 324 56 46 69
-778 615 55 54 73
-832 369 46 60 87
-899 110 39 55 59
-704 313 52 57 85
-873 618 57 59 65
-791 223 41 45 62
-868 521 57 42 61
-870 131 54 47 52
-897 331 60 59 60
-838 747 50 54 68
-825 61 47 55 90
-872 120 57 43 85
-860 184 60 49 74
-753 56 36 51 71
-780 530 52 60 68
-721 863 41 49 88
-804 662 59 36 57
-822 689 43 40 56
-806 423 54 59 66
-824 142 56 41 63
-732 757 58 56 80
-716 524 45 57 85
-808 104 41 54 60
-842 600 41 57 81
-736 823 42 47 68
-856 703 51 53 51
-885 598 51 60 85
-723 571 50 41 56
-788 56 41 45 88
-757 147 40 49 73
-730 262 41 53 52
-763 50 38 38 86
-793 423 38 41 53
-845 470 56 46 89
-859 228 60 46 70
-789 298 57 48 75
-722 241 49 39 51
-745 699 41 41 64
-704 301 56 60 52
-845 51 47 58 59
-755 175 52 42 83
-876 358 45 44 62
-740 334 52 36 60
-768 785 50 43 59
-863 698 44 57 51
-894 362 53 38 64
-891 850 56 54 87
-868 448 56 52 82
-724 334 36 48 61
-819 272 36 50 89
-845 166 60 41 62
-842 588 36 40 68
-750 402 41 54 76
-760 0 56 46 56
-707 119 48 36 81
-826 741 36 40 67
-800 817 42 49 59
-833 335 45 39 67
-810 180 56 59 86
-784 289 40 60 80
-703 429 50 37 75
-706 78 39 51 58
-721 419 57 54 73
-825 259 49 48 54
-799 692 48 43 64
-754 618 47 51 55
-835 210 42 51 70
-727 876 60 60 70
-729 169 46 43 73
-889 231 42 52 89
-747 368 38 38 80
-745 378 55 39 69
-807 736 53 56 83
-872 187 48 49 57
-797 846 55 51 85
-744 762 44 57 58
-896 301 51 44 89
-726 530 42 49 77
-834 41 54 50 55
-845 525 40 60 84
-854 836 56 54 81
-875 394 45 36 81
-814 3 45 50 74
-832 503 46 39 73
-761 756 45 57 77
-704 216 44 43 60
-752 583 54 43 53
-775 798 50 55 58
-716 785 44 56 60
-899 413 44 55 62
-895 729 49 41 70
-812 540 49 45 67
-885 767 43 37 84
-799 817 50 57 64
-807 667 51 50 62
-716 709 51 41 72
-712 158 48 45 79
-765 431 60 51 77
-823 437 54 59 70
-786 600 59 59 73
-711 12 48 51 71
-756 337 60 36 62
-874 54 57 41 61
-788 438 51 41 70
-712 109 58 56 71
-746 532 57 54 82
-894 354 51 60 70
-781 471 42 36 86
-702 261 37 48 87
-777 750 41 41 58
-856 759 52 51 58
-801 452 36 57 83
-734 758 59 47 67
-782 166 55 55 75
-762 403 50 59 63
-860 426 59 52 88
-836 173 58 46 64
-859 410 48 54 85
-811 704 59 56 52
-798 784 56 60 67
-765 415 46 41 67
-832 662 43 39 65
-760 61 46 55 82
-738 543 41 57 86
-897 686 53 39 80
-853 691 41 49 57
-736 253 44 59 64
-728 111 37 47 56
-842 447 55 38 84
-723 54 41 36 64
-881 671 57 40 66
-822 542 38 37 65
-868 375 43 41 88
-715 137 54 59 65
-763 370 43 38 63
-873 713 59 43 67
-768 172 45 55 67
-875 108 58 42 84
-774 671 60 59 53
-882 306 45 58 77
-900 865 44 48 90
-873 59 56 54 51
-816 709 39 39 59
-848 427 52 50 81
-713 285 45 59 77
-799 694 60 58 84
-702 465 40 54 75
-796 829 59 57 70
-884 550 54 42 81
-720 428 58 40 79
-889 451 60 41 58
-757 335 50 58 81
-880 228 42 46 77
-816 559 42 50 56
-853 83 43 37 69
-768 504 57 37 77
-867 548 40 55 51
-861 591 56 49 64
-809 283 54 43 73
-721 469 46 57 66
-896 844 55 53 53
-822 100 53 54 68
-758 515 54 43 55
-770 858 56 54 66
-783 754 41 54 73
-846 225 36 56 71
-728 716 47 55 73
-751 223 56 56 71
-799 96 48 41 59
-742 166 38 45 84
-789 854 45 58 86
-704 25 40 57 81
-849 413 38 48 61
-863 454 43 53 68
-723 178 54 47 70
-900 878 40 45 76
-738 456 49 56 85
-814 859 38 43 55
-791 767 37 44 81
-871 117 58 55 71
-792 450 48 55 59
-877 536 51 56 71
-888 460 46 58 82
-704 21 55 57 72
-789 681 38 36 53
-785 749 52 47 86
-750 323 36 57 52
-848 37 57 53 52
-712 310 55 45 80
-755 109 43 50 80
-840 380 41 55 70
-780 253 50 37 51
-753 550 57 43 69
-702 73 58 39 68
-775 496 42 60 80
-729 529 53 54 72
-883 20 50 45 54
-728 542 57 38 69
-811 348 36 43 89
-895 613 43 52 62
-764 799 60 45 59
-708 107 38 55 77
-840 884 37 42 75
-891 168 37 51 79
-882 612 50 42 61
-711 78 54 52 58
-834 441 49 41 54
-869 761 55 54 79
-798 374 54 55 86
-751 215 47 36 89
-847 781 60 37 62
-723 777 50 37 63
-752 539 50 40 67
-895 865 49 39 87
-727 853 57 56 90
-890 359 55 42 84
-876 175 49 36 63
-788 697 53 41 80
-742 740 42 38 58
-752 186 50 49 70
-708 176 40 47 52
-745 7 57 41 71
-875 474 43 43 51
-822 704 50 49 69
-779 85 52 54 56
-886 699 42 48 84
-763 157 59 45 89
-846 603 54 54 55
-827 0 57 59 66
-813 864 41 46 53
-764 259 38 48 66
-771 551 47 48 77
-742 111 47 46 56
-825 628 56 43 52
-785 590 36 60 51
-831 535 55 49 75
-704 87 38 46 70
-897 153 40 58 87
-776 386 43 36 65
-806 180 57 38 55
-746 776 49 54 52
-787 141 41 40 53
-762 451 58 54 69
-874 759 39 40 89
-810 268 40 47 84
-840 527 39 49 84
-891 313 60 39 84
-839 698 55 47 82
-885 639 54 56 55
-767 181 36 56 57
-806 543 45 56 59
-762 528 52 52 81
-774 197 40 42 59
-797 823 59 53 72
-878 337 48 42 52
-836 799 44 58 87
-844 286 44 41 51
-736 284 42 36 90
-702 880 54 51 87
-793 284 48 56 82
-713 294 56 37 58
-895 448 50 53 60
-805 793 58 52 87
-878 746 51 51 55
-873 357 60 52 52
-708 795 37 39 68
-885 283 49 44 71
-866 261 45 37 73
-706 842 43 59 60
-728 263 50 47 64
-839 615 40 36 57
-749 818 41 39 55
-822 283 37 41 84
-850 626 54 37 72
-805 757 54 60 83
-843 96 59 55 75
-716 481 53 51 60
-732 182 44 55 75
-818 420 49 43 86
-799 374 41 37 53
-838 128 56 39 65
-806 1 52 44 77
-809 229 58 43 84
-703 430 49 36 79
-743 32 52 50 80
-763 210 45 41 86
-861 13 46 57 68
-760 240 40 48 90
-838 81 45 42 64
-770 479 52 40 87
-727 235 46 45 85
-747 330 54 53 62
-767 807 40 38 82
-880 79 48 40 63
-851 406 53 51 77
-883 825 54 52 64
-727 80 49 60 61
-768 233 53 40 82
-702 707 51 41 77
-741 325 50 50 68
-746 717 51 38 74
-776 670 52 55 73
-838 657 41 55 67
-709 639 45 54 51
-894 665 37 44 88
-883 597 47 59 70
-824 822 56 42 51
-891 732 59 38 87
-897 97 36 60 61
-779 109 54 46 54
-735 884 42 50 66
-850 262 52 41 89
-815 97 53 38 73
-842 745 41 57 74
-861 728 51 37 72
-834 712 37 37 76
-712 654 37 38 80
-716 171 53 48 79
-885 455 44 37 73
-794 443 51 59 76
-845 539 51 55 84
-891 770 39 51 89
-868 593 45 41 56
-862 152 59 43 63
-786 807 49 57 69
-795 472 40 45 56
-771 572 44 42 81
-715 502 49 49 76
-845 288 40 58 62
-891 666 58 58 66
-900 92 40 54 81
-836 37 57 57 58
-792 561 57 55 61
-818 244 54 54 87
-850 284 52 51 83
-867 708 42 55 55
-710 707 38 53 54
-741 792 59 57 90
-827 383 51 47 73
-804 136 56 54 73
-722 849 51 53 67
-745 94 53 48 59
-827 419 47 42 69
-738 611 49 50 59
-875 574 49 59 76
-848 548 51 37 65
-737 793 57 39 68
-735 570 59 44 86
-820 605 59 44 63
-892 494 50 39 78
-811 117 44 51 54
-854 316 48 55 56
-803 81 43 60 76
-866 66 39 47 52
-821 250 58 48 67
-732 224 43 51 81
-878 409 53 54 88
-845 217 60 58 85
-735 533 51 36 85
-821 387 51 38 64
-888 706 60 60 75
-866 410 51 47 71
-735 433 42 45 78
-845 339 55 50 85
-895 406 39 56 64
-790 165 40 37 76
-769 491 37 60 77
-762 275 54 59 88
-720 321 41 48 81
-802 644 48 59 56
-775 581 47 51 58
-756 471 50 37 87
-752 623 42 37 75
-801 845 47 48 60
-842 316 51 47 52
-776 145 53 48 62
-802 102 46 53 53
-783 633 57 53 73
-702 21 45 58 83
-808 779 56 47 79
-746 529 49 59 56
-811 496 39 60 55
-716 776 60 56 54
-756 626 41 43 66
-888 216 37 36 67
-837 106 60 37 83
-705 590 49 58 75
-718 390 40 42 71
-750 177 55 38 86
-867 189 46 48 80
-769 123 45 43 62
-866 497 42 36 71
-770 75 60 38 73
-842 58 50 42 61
-805 622 56 47 64
-844 76 56 50 57
-702 281 57 43 56
-765 253 38 51 77
-879 263 58 42 69
-791 261 54 56 65
-746 706 39 54 76
-806 314 41 58 61
-749 563 55 49 57
-856 208 44 54 67
-866 831 36 38 89
-813 323 53 44 87
-899 763 39 51 89
-767 841 37 46 86
-794 370 46 50 64
-849 704 47 55 51
-812 608 38 58 73
-716 35 40 45 61
-805 841 55 50 72
-834 390 43 46 62
-762 89 57 45 71
-753 511 60 43 87
-819 678 60 37 53
-867 211 42 54 67
-885 704 48 36 75
-753 802 54 39 62
-891 120 55 44 61
-770 248 49 53 71
-848 238 46 50 72
-801 583 37 52 69
-848 329 37 48 66
-860 209 38 58 65
-796 551 40 49 59
-801 476 45 43 76
-823 119 43 51 73
-885 186 42 51 55
-756 85 58 47 87
-841 490 46 52 78
-785 589 60 54 78
-814 661 52 44 69
-827 867 38 36 75
-785 197 54 38 59
-882 304 59 48 65
-801 271 41 36 62
-766 76 58 58 65
-835 299 52 44 71
-769 597 50 53 57
-883 291 59 37 78
-853 422 52 58 67
-841 563 39 44 90
-898 100 51 42 83
-784 16 53 38 71
-725 500 47 58 51
-835 119 54 54 81
-739 296 59 44 54
-871 252 44 36 80
-836 814 45 53 87
-702 323 59 52 66
-702 362 46 41 54
-889 798 40 44 84
-863 221 41 38 79
-881 803 59 46 87
-786 411 54 38 52
-756 703 39 37 79
-718 405 37 44 53
-770 119 46 41 72
-871 190 50 56 70
-808 732 39 50 60
-883 702 51 48 87
-887 561 44 48 83
-806 181 37 45 56
-848 580 40 56 59
-883 879 57 59 51
-811 716 38 47 88
-861 375 50 59 54
-793 232 50 40 79
-703 412 36 51 55
-885 280 38 54 86
-719 140 57 41 52
-746 572 39 54 84
-722 393 53 55 60
-831 515 57 53 82
-815 251 56 45 60
-803 369 45 48 70
-786 56 49 51 63
-890 498 50 60 55
-785 525 56 37 83
-834 413 49 46 60
-887 15 47 52 84
-875 68 59 41 63
-881 870 39 43 56
-856 512 46 45 85
-823 503 54 40 87
-737 276 38 36 87
-793 707 51 49 81
-769 339 55 54 58
-706 661 41 38 87
-734 42 55 37 58
-855 686 52 57 52
-779 213 36 59 58
-740 830 57 47 64
-832 92 39 59 85
-825 211 41 38 87
-891 232 57 48 83
-704 66 57 58 70
-840 597 55 44 57
-894 699 37 42 77
-703 877 51 50 76
-867 509 51 37 57
-779 713 59 45 62
-728 739 43 42 85
-700 499 60 50 73
-842 22 37 57 65
-810 213 44 37 83
-848 607 43 38 88
-879 354 43 46 79
-721 473 52 51 63
-787 601 41 36 74
-859 423 58 38 78
-870 513 55 42 78
-896 26 49 39 53
-819 692 48 51 73
-892 698 55 48 85
-748 9 45 36 76
-770 571 58 40 59
-764 274 59 44 68
-870 352 55 47 79
-796 814 40 42 71
-857 638 58 52 63
-783 277 44 46 86
-815 388 55 39 71
-849 836 47 38 51
-763 43 60 46 80
-900 706 41 58 63
-732 260 55 60 64
-825 193 57 51 67
-882 504 48 49 54
-853 571 55 48 73
-871 657 40 52 89
-853 127 39 57 51
-878 414 46 50 58
-881 814 47 47 75
-793 22 47 54 73
-727 644 49 44 82
-703 292 55 36 85
-838 502 59 43 87
-744 84 60 41 90
-801 249 41 54 54
-715 330 54 49 63
-756 392 52 39 80
-795 443 48 42 85
-849 561 48 47 56
-743 74 51 47 70
-727 727 40 39 67
-896 379 53 53 74
-702 294 59 58 87
-733 248 56 49 73
-752 879 45 51 71
-735 689 57 59 73
-804 663 50 50 73
-870 552 40 46 72
-885 810 54 53 56
-792 141 36 48 90
-766 358 40 38 69
-879 439 58 41 82
-871 635 48 46 54
-892 29 52 50 62
-829 188 45 40 76
-797 660 53 57 74
-826 28 57 57 51
-892 297 49 53 72
-704 709 58 58 79
-863 258 51 58 85
-761 542 45 37 66
-750 408 44 48 58
-842 93 37 51 58
-813 230 36 42 69
-866 109 59 48 51
-881 27 59 45 56
-746 751 40 38 87
-716 677 42 50 75
-797 364 39 58 76
-848 672 39 56 83
-787 668 58 50 70
-873 402 52 54 84
-732 882 49 46 90
-819 284 53 52 66
-897 549 56 57 81
-854 9 45 40 52
-731 805 46 48 62
-765 349 45 53 52
-804 318 44 59 77
-836 61 54 52 79
-841 870 54 43 67
-892 294 52 47 66
-890 708 45 48 66
-899 538 43 43 81
-731 258 59 52 76
-843 278 36 41 68
-764 784 38 55 52
-706 535 51 49 67
-832 309 52 56 84
-706 501 49 53 51
-856 425 44 46 83
-746 801 47 41 88
-838 523 39 38 53
-815 396 39 52 54
-749 3 58 43 62
-707 291 41 44 59
-809 810 39 56 51
-723 284 51 51 59
-731 581 58 41 78
-814 775 52 49 71
-732 415 39 38 90
-850 307 49 49 68
-746 92 41 43 61
-749 501 41 60 59
-845 577 48 36 90
-722 724 59 44 51
-811 96 38 44 53
-741 163 55 53 87
-721 826 57 43 76
-758 756 52 46 74
-812 20 45 49 86
-831 813 59 57 55
-744 556 54 55 61
-839 100 52 36 75
-895 860 47 58 72
-899 531 40 47 58
-704 282 50 60 71
-880 69 44 45 56
-815 222 37 60 87
-873 172 40 54 87
-880 879 50 51 64
-894 39 59 45 65
-789 754 41 55 53
-724 313 46 60 85
-768 882 60 37 67
-721 190 45 38 64
-785 765 52 47 66
-821 640 57 59 54
-809 120 58 38 83
-708 582 60 36 74
-856 465 54 47 79
-764 40 51 48 79
-742 792 58 49 78
-896 595 41 59 76
-838 400 46 53 65
-808 624 60 56 78
-801 30 56 59 63
-720 333 41 36 78
-746 788 41 56 81
-800 199 36 37 79
-889 796 53 55 85
-806 80 38 54 81
-739 182 39 46 73
-894 135 51 43 84
-865 602 50 50 72
-729 317 48 40 64
-818 335 60 40 73
-809 845 44 42 81
-701 583 59 45 82
-728 478 54 41 70
-769 468 54 37 72
-720 527 52 40 66
-738 421 47 50 66
-822 358 40 55 60
-873 115 56 45 64
-784 809 46 49 66
-820 289 58 47 53
-872 873 38 44 76
-710 312 36 37 81
-875 101 53 54 79
-859 333 46 52 62
-865 521 38 42 55
-754 722 56 59 70
-780 541 37 58 78
-842 499 54 58 77
-715 867 37 37 63
-797 159 44 44 77
-771 684 51 38 57
-892 274 51 48 60
-739 738 59 55 66
-824 454 40 49 88
-846 657 59 39 57
-755 265 41 41 85
-807 591 41 39 75
-712 75 36 51 89
-824 662 37 45 83
-785 37 38 42 57
-809 110 45 45 70
-743 174 43 52 59
-832 717 57 49 83
-801 16 60 42 74
-850 344 37 50 88
-815 734 58 41 84
-858 854 42 37 63
-841 383 57 48 64
-748 322 53 45 89
-889 675 58 59 64
-857 594 45 50 65
-805 864 60 57 57
-893 761 40 52 78
-786 722 36 45 87
-714 223 50 46 69
-771 407 43 47 57
-894 618 49 56 71
-791 615 45 54 79
-729 509 46 44 66
-842 32 50 52 82
-848 479 51 56 57
-711 305 50 47 69
-806 838 54 45 88
-700 430 51 43 71
-739 546 37 48 89
-797 236 50 42 78
-781 16 58 54 55
-867 312 56 47 65
-768 411 46 54 54
-766 735 53 54 51
-860 430 42 51 72
-766 831 40 45 59
-710 195 59 46 65
-771 583 36 60 73
-820 144 58 56 90
-800 755 37 51 73
-791 761 38 53 52
-859 767 54 49 55
-822 90 41 45 58
-878 536 38 41 52
-748 310 42 40 83
-837 358 42 52 88
-718 339 44 49 71
-889 327 49 48 65
-747 495 60 56 59
-800 258 54 43 82
-778 293 41 39 57
-810 701 54 54 88
-753 678 59 57 69
-870 202 52 55 78
-887 72 54 54 69
-900 140 38 48 90
-870 631 51 55 55
-865 141 59 44 79
-758 726 52 49 64
-828 811 45 54 58
-809 562 51 36 80
-743 127 38 59 71
-819 16 39 44 62
-869 464 38 48 60
-811 778 52 57 77
-777 184 37 48 90
-714 699 58 44 69
-719 395 42 56 60
-869 112 50 40 60
-834 311 54 38 87
-842 840 53 53 74
-892 520 51 45 69
-722 243 36 44 76
-767 819 44 47 60
-731 588 40 44 88
-818 872 48 47 67
-785 684 37 42 63
-783 2 50 60 62
-818 466 56 50 64
-809 643 44 52 52
-809 28 59 38 53
-726 184 54 49 59
-705 492 43 59 57
-817 483 43 49 87
-799 161 36 58 62
-829 178 41 49 80
-750 295 45 39 61
-701 369 50 51 55
-721 32 38 45 52
-785 809 49 55 60
-766 172 43 45 61
-826 692 38 53 66
-887 55 54 60 58
-761 450 51 44 54
-761 291 58 54 74
-732 209 55 57 74
-864 552 56 38 52
-866 655 55 50 67
-862 85 37 43 80
-749 744 47 43 86
-884 657 55 60 60
-792 639 55 44 72
-702 621 53 50 65
-819 855 57 56 58
-710 1 53 58 70
-793 399 44 55 55
-820 740 42 46 84
-721 259 39 54 65
-709 195 50 52 57
-783 828 58 52 53
-712 20 43 49 88
-720 223 56 50 75
-881 443 46 47 82
-888 803 54 54 88
-873 225 44 58 72
-747 285 45 39 90
-819 449 49 54 70
-701 337 53 44 71
-862 474 37 47 84
-794 855 49 43 87
-833 693 55 45 84
-762 865 39 48 74
