750
222 193 125 200 14
1000
646 643 65 37 184
-982 24 42 62 103
617 334 42 62 188
272 129 37 60 162
-523 562 58 36 184
-145 460 45 46 147
399 58 36 52 183
13 247 49 52 172
-28 182 40 44 155
-209 421 52 53 194
-475 123 43 42 165
-758 617 41 42 168
625 411 55 36 144
-727 178 36 53 126
-46 604 54 36 190
255 598 35 56 193
281 336 58 55 114
-318 309 61 51 146
-888 127 53 61 156
374 177 61 35 141
732 256 55 38 136
162 19 64 55 115
495 470 45 51 150
438 310 44 66 160
853 623 53 49 110
-714 167 51 42 125
-46 385 52 60 191
-515 277 46 45 151
-458 115 53 45 147
-654 381 57 46 102
-307 613 60 43 164
247 95 43 66 176
619 169 57 62 199
-543 214 66 64 198
-747 159 65 63 197
-322 423 34 53 170
-688 17 45 56 175
-1 424 50 61 138
-54 240 38 55 114
-842 464 62 34 178
-358 554 60 41 168
887 322 35 50 156
-264 40 50 56 115
-899 451 47 42 153
-999 526 41 44 181
-567 229 62 37 153
-150 521 39 37 199
-255 567 41 39 122
408 412 35 49 188
703 205 38 40 122
843 78 42 34 168
273 430 44 61 119
815 538 37 58 112
38 312 47 62 180
-397 186 46 48 168
644 639 66 54 148
-63 640 42 51 154
12 8 44 37 158
319 640 47 49 184
-838 571 61 45 108
-329 333 50 38 178
11 485 44 57 149
-404 112 53 51 198
-323 142 35 34 117
-673 603 63 56 165
-325 87 41 43 111
908 604 58 66 122
-735 263 46 52 104
-260 123 44 39 113
146 436 38 46 122
785 496 60 47 132
-219 563 47 58 161
-652 186 46 40 116
-405 494 65 66 117
414 584 53 45 178
-983 357 59 52 164
-88 438 40 48 186
-488 25 43 43 133
-121 375 64 55 181
459 628 42 34 200
448 506 46 48 106
397 358 41 38 185
-419 394 64 51 151
-212 149 41 37 150
-701 128 62 43 137
436 7 64 62 180
-869 451 49 51 132
590 105 34 40 139
-851 631 49 54 135
277 167 39 66 160
-642 272 40 54 149
-771 208 65 40 175
766 111 65 56 163
-110 5 57 37 116
-747 45 41 55 134
945 386 65 43 185
935 206 56 47 149
856 298 35 40 199
-754 203 43 40 179
596 273 66 57 200
-799 89 50 45 198
-493 130 34 50 155
-740 184 44 49 140
-739 614 52 43 184
258 403 52 62 200
-68 100 61 47 137
446 423 49 52 102
-611 99 45 43 135
197 216 37 62 104
561 46 47 59 147
-939 443 40 63 121
-57 288 36 37 119
579 401 36 41 109
-383 472 52 37 149
973 135 50 43 156
-817 148 36 62 169
726 201 39 47 143
628 603 50 53 182
111 450 40 49 103
-745 281 34 34 188
-288 485 60 66 122
59 115 40 51 135
-543 313 35 47 157
-762 475 52 51 135
927 174 46 54 118
120 263 62 48 170
-782 363 61 36 134
348 308 58 45 165
378 304 53 56 108
131 70 44 34 156
670 138 48 41 133
-414 511 35 57 195
-325 545 46 44 126
-907 103 53 61 196
-581 531 56 49 155
-794 250 35 49 124
995 115 37 55 163
-53 615 62 41 172
920 397 45 62 135
-4 468 41 46 197
18 301 40 45 193
372 416 58 52 155
38 225 60 65 135
285 385 64 65 133
412 45 49 37 177
-191 3 61 45 141
-452 606 40 38 186
118 38 64 57 108
385 440 43 42 166
-124 380 44 51 187
853 28 66 37 136
819 155 36 48 184
-394 62 55 50 159
690 494 48 57 139
287 471 39 39 124
-398 202 47 38 112
871 83 53 65 123
-935 244 63 52 152
-952 553 58 65 150
-570 26 50 60 149
28 474 36 44 174
-929 239 49 62 191
-813 188 34 50 170
-602 271 43 64 131
-289 338 38 36 125
233 364 34 57 186
614 100 41 64 175
520 464 47 37 189
24 1 50 40 146
-400 537 49 48 130
471 452 40 57 136
607 549 47 40 191
374 141 38 64 127
266 52 41 50 148
-117 262 45 65 161
82 508 58 51 168
555 55 35 61 162
407 350 53 59 101
377 79 37 57 151
-812 609 58 58 143
-803 526 65 43 147
-395 353 58 64 151
-1 127 40 60 164
808 91 56 61 139
-478 321 34 54 161
139 9 62 58 148
-972 105 59 63 173
112 594 56 45 179
-55 372 53 62 194
-318 417 55 48 185
-799 25 62 54 157
-457 269 49 62 165
-309 644 43 36 102
323 211 46 49 173
-308 160 63 48 130
692 3 41 35 142
-4 316 46 36 188
-620 259 65 60 180
-26 359 43 56 196
-145 121 57 45 127
-186 82 40 35 165
-688 452 54 49 107
116 269 53 45 183
825 509 36 47 192
468 87 59 35 177
-413 98 41 46 186
621 587 58 65 121
-557 373 52 36 149
-319 362 60 61 123
561 28 62 48 181
-487 150 36 38 141
-141 242 36 63 115
406 509 37 52 177
713 312 49 66 101
-747 637 54 40 142
288 178 35 58 120
-148 116 44 38 185
25 395 51 34 102
256 606 53 39 126
728 297 59 58 115
598 439 37 51 176
-341 88 41 42 102
-296 631 52 56 119
-847 156 52 59 184
-383 324 56 50 177
255 604 43 53 120
-437 287 34 55 195
-442 146 60 46 152
-396 411 58 56 186
-662 589 46 36 135
260 550 35 46 168
-844 215 62 65 174
635 453 44 56 191
636 281 52 46 183
-502 309 63 55 198
-315 176 59 34 184
-744 642 38 58 131
-657 567 34 38 174
-878 335 51 37 175
-531 22 41 35 148
-100 195 58 49 145
-742 365 64 53 189
257 332 59 37 157
484 237 64 35 171
668 646 41 54 107
-341 634 60 39 134
-91 243 64 40 159
-522 125 38 36 117
603 369 62 62 131
683 629 45 48 129
-622 75 53 37 133
-804 232 61 63 188
-348 636 52 54 163
-237 642 50 34 150
800 271 50 51 141
-863 582 34 57 103
-924 183 40 58 175
217 471 42 45 125
-664 586 42 45 112
587 117 59 54 199
-328 458 66 45 126
77 54 53 49 183
-80 62 42 40 190
-104 211 59 52 137
-108 630 59 57 117
-429 372 61 41 150
182 49 34 58 179
-188 532 36 62 147
866 407 37 37 125
-448 613 63 62 200
709 466 34 40 114
772 84 62 42 109
-151 109 44 38 160
-686 267 62 53 137
449 399 52 56 128
731 239 60 38 147
522 90 41 56 195
-92 65 55 47 101
-718 196 38 51 174
282 60 49 52 168
-973 31 66 60 122
608 533 46 49 101
210 489 51 60 135
-186 629 58 61 119
270 136 65 53 173
500 409 66 40 118
-965 346 45 54 162
-69 236 38 45 122
391 113 54 45 187
675 179 35 52 169
-748 502 57 41 145
-373 100 65 66 109
190 181 40 44 146
662 383 45 55 186
-563 496 46 52 187
181 214 45 64 133
-210 69 48 54 171
449 619 49 54 192
991 556 61 43 188
-659 340 58 53 194
639 527 42 63 152
-249 464 45 38 187
-755 494 65 60 194
907 178 42 39 187
-594 155 56 52 171
8 236 55 47 129
-209 80 46 65 168
746 11 37 50 188
577 302 65 40 160
381 527 41 44 146
724 284 45 41 127
-864 273 66 34 134
-507 72 49 45 155
-701 111 58 46 122
300 629 56 59 137
-737 14 36 38 134
61 303 34 37 117
316 588 35 66 169
-435 392 36 39 123
3 455 61 66 197
-140 279 56 53 102
412 205 49 59 150
-9 109 34 35 117
-334 365 34 64 109
445 310 50 46 134
-569 593 65 38 163
963 291 48 57 153
786 407 60 60 102
-823 583 59 63 200
-174 186 57 58 133
-9 321 49 49 162
-945 267 61 34 171
-300 647 43 51 166
88 497 61 57 148
64 290 56 36 160
-928 647 55 44 119
141 76 49 47 111
-664 636 38 51 161
863 638 61 37 130
-382 402 55 41 165
193 119 52 66 127
371 124 58 36 167
-931 62 39 45 155
-339 563 39 53 191
-482 538 61 46 138
712 492 54 66 132
-284 198 35 59 145
-425 53 36 64 179
-808 562 52 44 183
123 200 49 56 160
981 42 49 34 159
860 109 46 52 140
-742 629 60 59 196
-716 356 65 35 146
393 279 64 51 114
-484 129 35 64 140
365 253 40 47 200
-507 590 64 37 184
687 93 47 46 160
-185 455 42 57 172
-268 171 58 56 117
-656 459 39 46 118
60 3 61 66 129
-714 166 34 59 109
166 66 51 53 189
-414 644 53 60 198
-420 441 53 36 195
-279 499 60 63 161
50 222 59 42 155
-623 105 64 46 109
614 545 59 37 197
148 246 61 64 106
-113 106 41 56 122
-316 316 61 64 121
139 87 66 57 197
81 478 42 54 142
-606 439 53 54 142
-350 583 44 57 172
740 134 35 64 116
844 13 63 58 106
-895 441 62 39 176
251 166 49 38 175
824 554 41 41 114
-203 636 60 39 142
445 115 38 35 129
-647 114 38 62 200
-639 528 41 55 178
-823 478 57 52 137
833 161 50 36 125
280 393 38 40 113
525 24 35 57 195
319 113 57 41 158
-782 428 58 34 126
627 150 64 48 193
-249 429 62 42 113
490 601 64 59 129
-22 182 51 56 144
968 219 63 60 182
-468 515 46 63 132
-563 605 66 46 141
-434 579 47 51 172
-519 586 63 44 117
892 200 46 46 111
457 270 51 59 147
224 537 51 64 186
-309 641 59 51 135
114 585 42 56 141
-887 466 61 34 193
-493 484 60 64 152
-789 537 59 48 132
-586 429 36 61 117
616 297 35 60 169
-771 627 40 35 102
-509 288 44 38 177
54 641 35 42 101
978 437 56 34 180
-343 247 38 65 104
-857 82 59 44 151
311 379 56 34 126
-873 304 46 39 132
699 194 60 48 102
-947 250 56 34 107
-149 559 49 35 150
739 403 62 46 161
409 188 34 37 186
-186 116 55 46 159
432 387 58 66 150
-869 146 54 66 169
606 398 59 65 155
-877 20 59 51 195
799 466 59 44 122
512 510 65 51 151
-332 500 59 51 138
-85 129 34 62 185
325 107 44 34 107
-322 330 36 39 185
-449 173 44 36 108
723 447 44 42 170
-388 135 38 56 180
620 4 60 57 146
152 165 66 57 120
516 305 65 63 129
247 9 55 40 182
364 173 56 54 162
292 410 56 55 183
133 176 50 49 186
-19 322 36 34 199
255 95 56 49 122
30 537 65 63 185
-397 611 54 63 157
-415 333 46 53 110
280 214 53 47 193
-806 283 65 36 110
-388 285 65 55 102
981 498 54 48 178
-354 187 55 62 145
412 145 50 61 174
-332 356 46 49 104
-852 65 52 35 196
-765 166 41 39 144
371 546 62 52 162
579 285 45 57 130
721 562 40 66 125
-456 510 64 41 142
784 486 62 49 177
-889 137 41 58 161
583 268 51 37 121
-827 389 47 49 111
-236 402 38 64 175
587 547 57 39 169
106 244 62 46 198
722 544 42 55 194
-294 296 48 34 161
-518 418 48 59 175
-571 617 63 59 162
423 27 43 59 140
536 11 64 63 141
206 220 50 42 171
614 390 38 61 173
310 197 45 55 152
463 221 64 42 126
-800 254 35 46 137
-159 536 65 45 170
-144 99 45 44 169
592 345 42 62 125
40 364 60 36 173
726 476 45 66 174
643 438 56 59 162
-320 203 50 65 178
665 205 54 48 129
886 333 60 44 166
-70 181 64 61 138
191 12 42 46 105
137 297 60 42 118
-204 557 64 43 114
-808 576 52 35 159
-415 91 44 56 156
-430 377 47 50 121
-913 189 50 64 104
-628 58 34 40 181
479 398 52 64 179
541 160 43 41 150
143 186 44 40 150
-523 252 66 50 172
-487 562 49 65 176
783 468 52 34 155
997 395 61 60 177
438 390 40 34 152
960 608 48 44 126
145 6 39 46 168
994 123 62 65 126
-10 206 39 65 137
-840 375 63 59 145
-172 511 53 46 166
307 329 49 40 178
617 130 54 41 130
-152 323 54 35 123
319 170 45 47 121
-534 356 45 44 166
224 5 43 53 124
-597 647 65 42 181
-786 449 66 46 120
987 552 50 34 130
-687 56 40 39 128
295 132 60 61 185
-334 324 54 51 136
967 18 37 62 180
972 13 63 65 134
-520 480 64 59 180
-815 612 48 39 106
115 137 53 46 173
-979 555 62 46 123
-316 261 41 55 200
-269 269 61 66 133
123 315 39 41 156
113 45 62 39 154
248 556 46 54 105
-950 470 43 45 103
-60 599 60 35 166
742 310 51 50 196
-978 116 47 34 170
897 28 45 34 164
-130 384 38 65 170
-262 374 56 52 179
-39 534 62 54 174
942 623 61 50 198
-871 43 41 34 134
888 617 45 36 175
21 58 50 45 116
562 144 66 62 141
67 192 50 57 107
250 385 65 40 102
372 604 66 34 148
-473 216 50 39 110
-132 29 42 42 142
983 572 53 51 180
-883 26 58 36 125
481 14 64 56 115
958 460 61 62 116
723 459 40 45 155
72 522 41 55 132
-148 434 43 59 154
-88 370 54 66 149
515 16 41 38 142
560 383 57 42 107
-693 352 61 53 111
448 213 37 44 112
601 123 55 35 162
987 393 61 59 183
-715 582 47 56 200
247 32 53 52 131
-337 280 36 55 194
-174 342 45 53 111
889 201 51 54 156
783 412 36 43 130
-113 132 62 43 192
674 292 53 38 166
968 618 47 63 172
126 465 63 36 118
-65 83 51 36 105
694 274 52 52 176
-22 15 49 34 153
764 251 64 36 168
262 35 50 50 173
2 320 55 35 131
600 307 38 40 180
111 580 48 51 180
-676 426 37 66 101
-605 269 60 66 164
107 438 60 65 116
223 189 44 48 153
709 504 37 39 161
799 123 66 39 153
-929 492 46 46 134
-489 326 57 56 142
-150 358 66 66 197
-91 308 56 55 106
766 189 56 40 147
-446 107 42 61 175
126 14 40 62 165
418 250 34 39 167
726 432 37 51 151
591 24 51 64 138
457 631 36 63 182
422 139 40 48 122
880 365 55 40 179
-729 645 49 62 157
-733 170 54 35 129
-462 627 59 62 141
950 272 66 66 164
524 600 54 35 106
-526 16 38 35 138
-298 146 58 39 136
-650 153 56 48 183
117 86 51 64 110
-253 302 61 54 169
-68 81 62 56 189
-464 17 41 65 108
-384 395 47 38 190
-519 68 63 42 192
-5 4 37 65 116
-700 612 46 56 151
26 79 50 38 175
375 165 48 40 157
-929 367 45 43 175
-937 621 62 50 166
915 358 46 43 129
-8 318 44 43 133
-594 362 49 54 179
644 262 37 55 138
197 353 59 54 157
-104 148 48 46 111
-342 141 44 55 152
802 69 47 39 142
-858 387 62 62 152
587 562 62 34 170
-411 570 43 41 144
-314 180 57 66 150
-177 536 42 34 152
458 352 46 37 185
-305 406 37 51 123
-116 454 41 55 117
-225 270 59 64 121
-573 18 60 46 185
555 522 46 57 159
-851 525 39 47 144
583 574 66 37 188
-875 214 35 44 190
-196 345 57 46 127
641 403 61 41 112
714 75 38 62 193
-380 8 41 34 155
505 570 59 40 101
-787 286 53 47 123
588 91 55 35 119
-727 243 40 47 199
377 465 63 42 146
858 34 65 60 171
969 144 56 55 110
-677 45 66 64 176
-422 155 62 64 128
-98 89 45 55 132
82 322 38 39 161
-260 442 40 41 159
541 560 64 48 180
574 532 35 61 187
278 34 63 61 181
-248 445 50 42 176
-135 638 35 37 119
-230 378 53 62 140
946 450 44 35 170
14 24 56 35 178
214 463 45 37 147
985 388 41 35 109
924 390 47 53 161
689 301 53 44 118
-838 483 41 52 141
-640 509 62 65 171
-932 425 54 47 179
929 319 47 44 131
-636 470 35 48 132
-267 376 56 48 126
426 610 55 65 153
324 106 44 42 113
-442 635 40 56 173
402 472 49 49 124
591 207 41 39 176
-642 455 44 54 155
439 630 37 51 157
364 263 63 37 123
-500 323 52 34 133
154 335 46 43 104
156 495 59 51 179
527 332 42 51 168
288 526 41 50 107
-748 436 58 38 135
166 106 64 49 129
888 164 49 60 184
603 330 65 34 161
271 221 61 54 175
-753 467 59 63 141
-282 145 43 34 158
439 505 66 54 187
-873 3 59 66 182
252 225 51 61 118
964 547 54 55 159
-89 234 51 52 144
584 414 43 61 142
238 221 54 61 166
-826 219 64 65 101
758 211 62 42 106
563 572 57 49 145
550 602 43 41 109
-201 548 63 44 128
252 509 53 45 154
744 502 46 66 142
574 451 61 63 101
618 450 60 43 179
-26 594 52 56 167
-804 260 57 66 129
889 465 44 61 152
502 387 39 57 192
-194 140 62 36 178
-797 398 59 56 108
487 240 52 45 159
-953 241 51 52 126
710 250 50 35 159
522 321 62 58 117
492 504 59 53 127
939 317 56 44 127
452 53 49 52 152
424 405 43 41 160
280 254 54 57 149
-752 427 43 66 119
-573 259 45 57 128
-86 439 63 38 126
-900 616 65 49 144
-658 181 65 45 115
-998 201 61 39 115
-426 129 34 37 155
-537 493 59 41 134
637 92 37 50 169
807 254 58 64 185
-269 124 50 52 188
774 212 57 46 190
-366 557 39 47 200
-671 519 48 40 192
80 258 63 47 186
573 209 56 43 138
-433 351 46 37 112
965 309 54 63 119
867 431 42 37 120
561 17 44 36 161
221 231 39 40 112
-604 263 60 50 109
-277 36 38 61 189
-565 467 55 48 149
-723 189 38 35 151
-925 390 47 48 142
510 264 37 59 142
-267 115 64 52 187
-467 293 64 56 170
253 260 62 65 150
154 498 35 38 189
-309 169 40 42 135
-681 92 61 51 112
842 506 55 58 172
-81 402 38 46 138
928 181 47 47 192
565 462 51 37 141
395 278 44 60 199
-916 459 42 45 188
-8 580 37 63 129
130 16 47 51 189
-685 136 62 55 161
-790 248 43 46 168
-27 438 51 54 199
50 242 41 56 148
-457 304 35 43 163
719 250 61 35 158
-472 346 50 42 175
-437 205 38 56 110
628 433 52 43 173
815 140 48 60 149
301 245 45 55 142
-869 409 52 46 108
-883 329 41 57 149
449 345 64 48 150
16 303 53 46 167
412 183 56 43 175
305 475 65 60 156
-105 645 45 42 106
-79 74 52 45 185
757 383 65 37 147
803 123 34 58 151
-280 5 50 52 184
76 574 56 63 108
-554 622 37 51 112
875 96 38 44 180
930 448 56 49 125
941 61 47 39 103
-76 307 49 52 165
-539 86 60 60 146
-535 313 41 51 154
-389 649 48 59 136
-844 638 58 51 145
-731 535 36 41 157
-395 88 58 57 169
641 485 60 53 139
-482 149 63 46 190
-180 124 66 39 187
-635 521 36 48 181
331 536 60 36 104
-634 11 48 65 106
332 556 63 37 123
-633 6 49 52 148
933 309 56 45 108
131 564 55 58 117
945 335 63 52 164
-898 367 63 35 107
-948 95 48 53 167
-756 209 51 63 161
-555 265 51 47 180
-856 574 42 62 168
36 215 63 42 193
-546 631 58 66 153
860 42 51 51 143
282 102 36 58 108
-77 595 40 44 106
115 433 65 54 144
-679 67 58 40 111
639 440 45 60 128
261 256 44 43 164
-835 434 58 45 143
-909 495 56 57 101
646 462 43 65 187
9 0 54 53 165
-148 314 50 58 142
3 194 49 47 189
601 76 64 58 182
714 418 40 51 143
705 27 34 63 164
-322 338 52 54 159
275 579 63 62 128
-925 613 62 34 153
-83 183 63 54 107
35 337 57 49 120
-903 7 35 48 133
-578 116 56 63 162
531 320 57 38 154
166 36 66 37 169
497 93 43 35 120
916 138 57 46 127
-493 459 34 43 166
-374 67 54 63 182
-313 574 55 57 113
869 445 50 60 158
683 555 48 46 163
-679 309 38 34 169
-352 113 45 41 110
-335 260 57 35 167
170 294 46 41 176
-425 178 39 44 194
204 331 45 48 175
900 171 58 42 141
588 88 34 56 179
562 288 62 41 172
-645 527 52 36 150
712 377 65 37 158
909 75 54 48 135
-380 414 43 37 186
-60 121 61 34 168
-529 621 44 43 142
-888 565 43 52 197
-700 36 51 42 197
-407 19 59 48 189
-692 176 41 55 194
589 400 48 48 134
-261 267 52 38 181
749 91 43 58 195
-457 346 50 35 121
-146 385 37 61 134
-649 218 56 40 139
-822 39 53 38 174
960 235 49 49 189
896 150 59 44 117
471 435 39 41 115
122 303 47 56 169
-769 393 44 35 161
523 436 39 36 187
-406 519 40 48 123
835 496 34 34 185
539 339 58 47 162
434 347 53 34 127
-284 174 42 44 148
210 106 48 66 106
962 225 47 49 111
807 52 37 66 117
816 273 64 43 139
-742 27 61 49 119
888 605 55 54 130
665 355 63 60 149
694 112 40 35 196
681 293 57 55 155
938 497 41 34 181
616 531 36 61 200
437 10 61 39 115
684 120 66 56 134
-763 144 44 56 163
8 152 57 45 134
648 345 51 39 157
429 223 52 62 167
269 580 39 62 141
-547 489 48 62 195
-183 30 48 46 163
-411 41 53 43 132
-539 22 39 47 188
770 107 62 49 139
-917 592 54 41 150
179 427 66 62 160
-117 589 40 47 133
852 323 50 40 136
552 414 62 45 147
474 620 34 47 105
350 553 41 45 179
-610 413 41 64 109
-286 589 41 46 109
-391 94 57 44 133
-456 570 66 65 173
-545 277 50 34 177
-382 501 58 41 185
-785 256 62 48 190
-607 192 56 52 145
-499 514 46 48 192
508 365 37 41 137
424 139 58 36 103
-150 335 64 51 192
-11 366 58 43 127
471 307 37 65 139
338 584 51 66 127
-421 368 65 48 193
273 287 46 39 172
-753 582 58 42 185
622 507 41 47 101
681 98 42 40 125
-525 97 52 56 107
-678 102 56 40 133
65 462 53 65 190
392 123 46 38 113
-699 61 57 53 115
-286 124 53 59 127
-515 192 42 52 190
828 615 57 56 111
606 599 56 52 133
139 150 53 47 182
248 461 38 55 126
494 33 65 56 154
219 357 56 40 119
382 491 35 42 102
207 428 55 55 155
959 229 65 61 189
242 545 66 65 115
677 337 59 57 176
-867 459 41 62 116
-205 125 45 52 191
516 530 59 50 139
-979 177 64 53 120
132 530 45 36 115
701 470 60 56 119
994 567 61 63 145
663 144 56 50 199
649 497 37 52 146
-288 498 35 56 126
-28 380 64 41 163
681 39 56 43 183
-672 114 57 55 129
-285 54 38 44 106
94 521 57 53 140
-72 414 48 46 126
-509 14 43 41 164
-440 171 53 50 166
-225 340 55 51 198
445 53 56 41 175
549 447 41 58 158
-585 93 35 43 139
-555 262 40 49 108
-898 45 37 45 153
-287 352 37 50 153
85 53 41 56 171
570 480 50 63 121
884 613 46 40 114
-777 232 37 48 174
-247 510 35 64 116
696 298 37 42 148
-32 136 39 60 183
-76 49 63 66 116
66 253 63 64 173
-954 295 36 38 159
686 420 49 35 194
-632 214 47 41 141
