612
15 87 99 72 7
1000
649 268 51 42 69
562 60 52 50 65
679 33 52 59 50
679 7 60 57 59
528 341 52 53 65
615 153 54 54 80
681 80 42 55 71
678 13 53 46 55
511 199 49 46 73
584 262 54 47 76
695 292 46 41 54
585 396 57 56 67
658 308 42 58 54
674 272 54 59 42
680 474 57 42 77
628 442 48 58 68
658 25 57 41 53
622 317 59 50 48
595 62 55 57 52
574 327 50 50 70
525 154 59 60 76
516 336 55 58 57
579 280 51 48 74
528 0 49 48 70
597 392 45 48 77
530 14 57 49 51
574 339 59 54 52
623 152 41 50 76
564 340 57 59 43
556 356 50 46 41
581 226 48 60 71
532 269 50 53 50
642 488 49 44 48
516 210 58 58 80
516 79 50 47 45
570 265 53 54 52
508 175 53 53 64
506 454 56 59 63
511 168 53 55 77
507 461 50 47 45
684 283 43 49 54
536 200 59 59 48
547 511 54 43 44
660 509 46 42 45
677 492 56 55 53
576 51 57 59 53
558 170 44 53 57
544 193 45 45 74
515 48 43 52 58
669 480 41 56 73
540 404 55 45 52
682 98 52 48 57
610 159 46 44 53
505 245 57 55 52
685 81 48 46 55
584 392 46 51 66
557 94 47 60 63
533 83 46 60 58
687 299 57 53 53
589 269 56 44 75
519 28 55 57 54
542 74 49 45 49
528 508 52 58 56
548 103 59 41 42
666 269 49 48 44
603 366 60 45 53
515 73 58 44 80
524 45 49 59 58
556 255 42 51 78
575 325 46 44 65
552 172 48 52 78
588 20 56 55 48
690 169 57 58 42
557 127 44 55 75
518 144 42 47 54
569 283 60 46 50
588 31 60 59 64
593 212 53 41 52
693 381 41 54 76
661 93 59 51 45
600 444 49 49 42
679 350 48 57 51
672 436 44 44 62
591 379 52 53 74
566 398 60 53 47
585 96 57 46 61
603 406 56 47 64
682 36 48 48 76
603 235 41 60 65
597 440 49 48 58
585 108 43 51 78
546 460 57 58 80
523 12 49 60 63
629 376 48 46 63
654 224 59 55 50
621 286 54 46 49
640 405 54 57 62
663 497 46 45 60
555 450 52 57 78
637 12 56 41 78
648 347 52 59 65
683 278 49 58 73
595 430 53 54 68
671 229 49 57 51
657 341 49 54 64
679 147 59 48 65
601 211 48 60 41
695 410 54 54 48
654 377 58 46 53
616 355 54 59 67
640 309 44 45 73
613 437 53 45 58
647 13 47 47 65
574 445 46 45 72
690 375 53 53 45
592 106 60 48 68
673 335 47 57 79
639 478 51 51 46
658 229 42 43 72
500 297 49 45 48
529 19 52 45 72
661 106 56 41 80
506 109 55 52 80
597 172 57 50 48
637 248 43 60 52
673 384 54 43 79
630 492 42 45 73
560 327 53 53 59
530 339 42 47 56
617 437 56 47 41
574 452 49 47 43
665 358 43 50 46
598 346 43 52 43
677 145 52 52 60
673 150 46 58 76
503 254 53 58 73
529 160 49 45 76
510 354 50 49 71
558 354 51 51 65
629 360 47 52 59
593 270 44 60 78
671 312 41 47 61
580 143 48 51 78
592 209 53 46 67
657 21 50 51 44
688 161 57 54 70
566 177 58 49 70
562 89 53 53 43
534 123 58 57 56
582 20 56 50 51
646 380 59 43 45
555 124 51 50 74
626 18 53 50 78
684 27 41 51 70
502 2 53 53 50
554 422 54 46 54
612 325 52 44 71
631 346 47 47 60
580 72 41 47 48
560 459 46 58 61
533 77 52 59 56
537 173 57 43 64
685 279 59 58 52
634 99 44 60 46
569 424 50 56 57
677 57 44 50 77
591 152 56 54 66
599 261 45 45 72
664 328 51 54 66
543 82 58 57 71
515 145 44 47 65
509 374 41 59 62
563 178 49 57 72
581 152 46 49 54
668 55 54 54 46
648 397 44 51 69
510 339 52 43 46
530 182 54 46 48
554 488 55 47 53
687 335 44 48 76
505 337 59 45 72
518 237 56 52 74
517 299 55 49 58
552 145 46 60 46
586 337 42 60 49
622 205 45 41 74
501 72 43 42 78
558 41 42 53 71
673 327 45 46 53
568 440 55 58 51
589 285 43 57 69
537 303 53 56 49
652 308 56 60 57
537 359 51 53 62
657 329 48 57 69
691 258 49 57 57
547 282 54 49 63
501 323 60 56 65
527 301 54 56 66
636 238 57 54 66
688 39 60 57 63
678 226 59 55 47
611 435 49 46 78
523 381 51 46 77
664 163 47 44 79
526 95 60 43 52
679 239 42 52 69
569 432 49 56 52
689 437 58 51 60
616 393 57 58 74
529 480 53 53 68
508 387 52 41 74
690 303 58 45 65
687 74 54 44 69
522 330 41 55 50
634 9 59 58 64
508 84 41 50 45
575 151 57 52 55
526 370 55 47 48
611 112 43 42 78
642 450 53 56 41
568 323 55 41 80
562 496 58 59 43
569 276 59 60 67
640 122 42 43 72
566 179 57 48 70
653 34 56 49 41
640 226 41 51 67
642 216 54 57 64
654 403 41 43 44
666 456 42 43 73
611 326 49 59 69
514 214 45 51 46
627 508 53 48 42
620 354 45 57 75
584 425 54 43 77
666 120 54 43 55
666 461 51 51 57
623 312 48 60 71
631 504 46 60 68
525 399 57 42 48
693 306 46 58 49
592 57 43 60 74
500 339 41 53 65
682 232 52 53 56
540 206 46 58 64
611 248 47 44 75
653 456 58 53 44
651 55 48 52 68
695 56 55 44 65
652 312 48 47 77
507 232 55 43 63
696 146 45 56 73
574 25 59 55 79
521 430 48 42 54
606 214 44 53 41
545 374 50 59 48
643 294 58 50 44
523 58 53 58 53
676 509 52 49 49
550 222 59 42 66
586 461 54 49 74
587 277 54 51 41
571 173 44 53 43
631 482 41 51 67
551 289 41 44 68
631 423 52 55 45
620 264 56 53 57
681 25 59 56 67
693 146 48 56 50
591 114 56 42 48
676 181 60 43 57
565 204 51 52 80
574 51 53 58 71
602 103 41 51 41
615 271 47 42 54
637 347 49 57 56
509 312 53 43 41
653 413 43 48 64
514 254 59 45 62
684 407 45 51 52
599 314 60 41 60
686 202 47 54 48
590 510 45 51 55
626 78 44 60 71
675 113 54 44 59
700 48 50 52 42
524 403 48 44 70
614 254 43 53 77
591 397 59 41 68
561 362 57 51 60
588 108 58 42 62
663 216 56 45 47
676 309 51 57 46
504 84 43 52 47
698 386 43 47 73
690 178 51 49 66
602 55 44 46 57
649 499 46 50 71
644 351 43 44 78
543 399 46 44 64
567 272 50 58 42
587 468 49 42 60
656 223 58 50 62
602 34 49 58 79
636 453 42 53 50
566 415 47 60 77
662 197 46 53 53
580 361 60 60 63
645 328 54 42 42
661 109 50 60 53
563 388 53 41 57
602 56 46 42 56
509 256 59 50 60
573 108 42 42 62
687 455 57 54 42
529 70 55 53 80
673 508 60 41 80
618 94 48 47 67
562 296 46 48 62
545 26 55 48 67
700 164 44 58 50
515 230 43 53 43
579 429 44 44 55
564 62 42 54 60
590 7 45 48 61
500 356 45 55 56
678 505 45 42 75
669 211 57 50 64
656 265 49 60 46
500 102 60 55 78
631 476 46 59 71
634 360 58 56 66
677 137 49 42 46
685 210 56 56 63
657 234 45 53 65
577 376 56 43 66
603 425 60 56 61
670 164 54 52 75
554 71 51 58 64
545 396 42 44 47
604 297 49 43 47
683 508 55 50 54
536 464 41 54 74
667 415 53 42 69
684 206 42 53 78
584 163 43 57 43
583 414 60 59 74
645 353 42 56 56
660 362 54 53 68
519 293 49 54 69
545 53 43 58 44
660 373 57 60 63
598 401 46 56 66
605 233 55 56 77
545 79 60 54 71
684 149 57 45 76
549 20 59 48 66
659 399 51 46 62
515 362 60 57 77
589 391 41 45 72
558 253 55 56 61
515 234 57 49 77
526 207 56 60 56
673 485 44 50 45
623 389 54 47 58
659 361 41 60 77
638 74 49 43 68
604 105 50 51 60
613 139 41 59 43
504 360 45 46 71
644 493 60 41 46
606 201 46 59 61
555 228 59 58 61
643 325 52 56 47
552 39 54 59 78
624 387 44 42 53
530 376 48 48 68
572 319 49 56 50
626 124 44 56 62
681 377 48 55 51
662 397 43 56 57
531 160 47 57 76
538 383 55 53 78
670 327 45 58 43
660 31 43 45 49
654 415 42 43 63
667 489 60 55 50
590 129 48 42 45
683 217 49 52 74
700 208 43 59 46
639 239 49 54 74
652 434 45 43 78
560 216 58 47 60
610 504 58 41 41
664 283 48 50 62
545 156 59 51 68
540 97 52 53 57
614 449 48 47 42
651 107 53 56 53
556 464 49 43 65
613 187 47 46 59
687 40 45 60 44
566 3 47 46 80
529 493 41 43 69
689 511 55 48 72
612 42 55 60 44
627 50 46 56 47
649 406 49 58 62
668 289 60 60 76
659 406 49 50 64
508 227 51 44 79
682 289 41 59 52
588 304 43 42 67
580 158 52 52 52
697 58 57 50 62
558 67 43 41 78
653 278 60 51 57
669 149 51 47 60
517 169 50 41 77
689 325 47 53 65
590 69 56 56 57
658 442 43 53 53
647 298 55 53 72
578 316 52 47 55
657 310 49 45 54
699 177 49 59 61
561 30 59 45 53
658 187 60 59 77
681 489 48 41 80
521 391 48 44 66
525 92 42 50 54
580 472 51 43 45
634 27 60 49 78
531 496 56 47 79
678 9 43 50 68
579 407 42 54 67
634 226 46 52 52
621 479 49 52 57
669 175 50 55 50
609 470 43 47 75
655 452 44 56 73
607 192 46 56 72
691 290 44 51 75
581 131 46 56 80
612 149 47 56 80
537 183 53 59 41
534 405 54 53 49
610 234 56 53 49
684 324 52 47 80
538 185 46 56 73
686 414 44 43 75
661 324 55 54 53
585 433 60 45 74
666 113 48 48 45
541 182 52 43 74
527 11 57 50 46
673 12 42 45 55
551 220 56 46 54
582 256 46 49 71
516 507 50 58 42
642 29 41 53 59
652 259 51 51 65
537 46 48 58 44
668 121 58 57 45
647 370 46 59 57
656 260 44 54 75
653 195 44 59 69
689 233 50 57 50
686 246 51 54 44
548 209 46 51 74
654 417 41 53 51
564 286 50 56 49
580 240 54 50 79
651 379 52 58 54
544 402 59 45 69
511 172 54 57 43
500 368 42 52 42
524 75 45 59 63
548 302 57 49 52
557 320 54 47 58
692 426 53 56 41
582 206 44 41 66
658 188 54 41 80
647 202 44 56 69
502 60 43 58 58
580 330 54 48 52
569 115 57 52 51
658 103 50 43 71
552 351 55 48 75
689 155 51 56 47
516 314 58 58 74
684 66 46 59 72
609 301 52 59 77
683 413 51 60 43
533 266 58 55 43
508 174 41 55 43
550 187 42 45 57
650 221 52 43 76
677 320 54 58 80
533 128 56 48 71
649 113 54 58 45
606 11 42 42 43
577 433 45 56 46
576 118 49 54 75
517 78 56 52 66
621 310 43 43 56
542 361 60 46 74
682 292 42 48 57
674 229 45 45 53
691 433 50 58 51
560 300 47 54 49
570 409 42 59 52
667 171 42 60 48
614 318 48 51 50
611 289 46 42 41
642 392 53 53 68
632 107 56 43 53
610 318 56 53 60
526 85 57 51 41
569 436 50 58 71
690 377 41 59 62
619 340 44 42 53
684 1 45 52 66
677 427 51 60 42
637 78 51 59 43
532 89 45 51 52
599 66 45 46 63
552 176 55 41 78
643 62 52 47 73
671 433 57 43 72
689 361 45 52 72
570 85 49 55 46
670 77 56 45 50
656 182 44 47 72
642 207 59 48 55
612 390 58 56 45
682 46 52 59 71
536 355 44 57 47
616 199 47 46 45
567 151 54 52 62
564 357 43 60 63
552 406 54 58 71
606 169 56 49 69
670 410 48 59 59
539 259 46 49 50
651 293 54 42 45
585 395 57 44 66
666 177 58 43 56
666 151 44 56 70
541 462 47 44 43
589 382 41 56 54
541 386 41 44 72
670 341 44 43 61
606 189 41 47 76
552 249 45 59 66
621 393 46 51 62
692 301 45 43 49
527 344 44 60 72
680 55 49 54 52
699 490 58 50 71
510 389 60 49 60
547 411 45 45 80
680 313 42 51 50
529 116 60 54 67
655 179 56 46 73
612 111 57 51 45
510 16 50 57 58
604 204 48 54 67
514 479 43 51 80
577 447 50 41 50
507 23 56 41 67
571 493 53 60 69
507 314 53 43 66
559 346 58 54 64
698 20 52 50 67
679 77 52 49 60
581 184 47 56 73
500 410 42 57 72
596 171 52 50 78
552 15 56 60 75
634 213 53 54 58
615 175 60 55 60
604 447 53 48 79
553 506 54 60 56
550 394 56 47 74
686 276 53 53 71
683 38 57 43 62
606 390 58 58 54
645 214 59 45 42
554 445 41 48 60
641 360 49 48 70
594 172 49 42 76
672 176 58 46 72
625 451 50 54 51
588 397 60 48 41
579 458 46 57 66
674 227 55 58 51
681 506 41 55 78
557 40 47 57 51
699 336 51 41 74
513 103 57 43 75
679 194 53 42 66
648 88 52 55 71
549 507 60 50 43
579 115 54 57 66
610 449 54 42 74
591 66 50 44 57
645 92 42 41 74
629 103 59 49 75
633 103 41 49 55
680 20 50 48 49
565 233 43 46 50
688 439 47 48 45
693 234 44 56 58
590 440 57 59 73
646 5 47 50 51
648 190 53 45 59
516 331 52 60 74
639 152 53 52 74
551 16 48 47 47
567 374 56 48 75
679 102 45 41 66
590 402 42 51 41
562 400 44 42 64
520 409 46 55 73
504 58 48 46 75
547 412 46 56 57
679 495 54 56 46
535 37 48 59 55
687 289 60 42 71
527 495 54 43 53
574 26 47 44 45
537 387 50 60 67
662 409 57 42 54
565 142 58 44 53
601 32 42 60 76
567 460 58 50 45
613 116 53 58 41
514 89 59 48 66
507 301 55 54 57
528 207 59 44 75
634 13 50 46 77
590 162 55 58 63
584 138 46 54 57
522 87 56 50 50
637 473 58 42 67
579 180 44 48 62
513 239 55 47 43
619 163 43 59 51
625 173 51 46 51
665 188 50 58 76
511 185 60 52 53
678 384 49 53 64
506 268 54 41 47
628 272 60 45 49
638 7 46 45 63
631 307 44 44 41
581 152 57 52 44
537 477 42 45 55
665 403 53 54 60
668 500 60 55 47
683 158 41 44 60
697 224 46 45 70
635 321 48 60 56
564 120 58 51 44
579 344 43 45 64
683 126 50 56 42
568 205 60 47 52
541 217 42 55 53
681 495 52 59 58
601 401 50 45 66
586 167 57 48 53
586 471 44 44 68
642 463 57 47 54
670 448 43 44 53
562 146 54 52 59
514 384 55 45 78
526 383 60 53 66
537 236 42 60 43
596 509 46 50 62
547 256 54 59 62
576 35 57 41 59
590 314 46 49 45
603 452 45 43 51
645 439 56 59 60
518 127 52 43 64
567 69 46 58 57
537 296 57 44 54
619 326 55 57 62
674 385 55 53 75
529 51 60 53 62
527 357 55 53 64
557 162 50 45 48
650 282 46 49 58
688 464 48 47 64
629 154 42 44 64
567 276 45 41 66
648 29 42 41 76
590 25 48 43 49
621 425 41 59 70
551 246 45 47 46
677 128 56 59 47
597 405 56 55 76
556 379 53 44 75
657 149 56 46 77
670 275 54 45 72
620 30 42 46 55
601 85 54 48 61
533 446 57 43 69
578 164 60 41 58
644 421 45 50 51
644 217 60 52 55
569 208 54 57 72
607 305 42 45 48
595 387 43 49 51
517 456 55 45 63
683 136 60 54 52
691 120 49 43 71
681 346 45 47 47
579 426 60 58 63
700 470 41 54 66
553 473 49 45 67
643 135 58 42 59
612 418 47 47 62
595 125 50 42 77
579 41 53 53 59
642 482 44 46 41
648 476 49 60 71
698 274 42 57 49
552 51 59 56 79
504 200 52 45 71
681 331 42 52 47
579 48 51 50 69
697 309 50 44 54
613 12 41 44 62
600 494 48 53 54
627 229 48 50 55
605 223 46 43 44
651 230 56 48 72
613 179 47 58 43
565 256 60 47 58
659 161 56 47 65
600 497 47 42 52
637 260 41 48 43
565 380 46 59 46
574 124 58 60 62
654 277 60 50 57
649 151 43 46 51
618 114 54 42 67
633 410 55 54 49
514 337 48 48 69
539 483 59 55 49
516 297 56 46 59
515 495 60 43 49
690 401 45 54 49
613 89 57 46 41
586 131 45 44 76
544 219 43 53 44
690 307 54 42 43
538 201 41 41 68
535 294 59 41 70
577 466 48 54 60
613 299 58 51 79
586 166 42 58 43
517 496 49 60 46
645 26 49 45 41
598 353 52 57 74
598 476 44 56 66
691 279 56 60 71
650 22 52 46 48
528 296 54 54 68
634 221 52 46 65
623 178 52 58 58
611 158 56 49 42
630 159 49 58 41
675 304 49 51 44
682 63 44 43 58
507 461 54 44 80
543 32 53 41 68
570 31 45 58 68
689 392 45 52 79
572 69 43 42 43
534 214 57 48 80
562 150 54 44 45
658 408 58 50 68
650 473 58 60 57
534 421 58 44 76
697 42 42 48 46
513 348 42 49 46
504 17 43 56 73
681 124 49 42 43
507 124 42 54 80
543 166 46 43 67
562 425 51 53 48
585 25 43 59 77
601 512 42 41 70
547 89 47 54 53
659 127 44 50 53
616 197 54 53 61
640 91 50 60 68
570 48 43 52 58
636 101 53 58 80
604 280 58 48 47
678 277 58 44 67
562 495 43 42 57
657 157 58 41 65
533 416 54 60 77
568 468 48 44 56
669 451 58 46 50
547 49 41 49 43
520 287 46 44 71
566 116 60 57 61
559 488 50 46 66
604 483 45 53 71
631 255 54 59 61
556 198 49 48 65
547 362 41 54 73
652 474 49 60 70
593 361 52 55 65
618 461 58 50 49
567 178 41 41 50
601 485 55 57 63
618 421 57 42 69
584 184 44 52 41
543 275 45 41 70
644 36 51 42 79
541 282 58 42 70
563 377 53 45 76
604 327 47 51 69
611 159 54 43 47
589 261 43 57 51
583 237 47 57 46
574 476 43 53 58
681 480 43 47 71
684 362 54 51 63
549 236 56 47 60
583 375 56 46 66
522 15 44 46 42
567 19 59 52 54
506 20 42 59 75
606 385 58 48 73
569 276 48 45 58
624 403 43 44 47
659 6 56 42 60
629 480 48 59 48
531 240 41 58 67
564 146 47 46 54
541 417 60 44 48
522 341 42 50 70
581 30 45 50 68
539 395 51 49 68
554 71 56 56 78
518 129 43 42 42
680 331 49 58 72
687 444 56 55 53
567 153 43 58 49
545 451 58 47 58
612 202 57 52 68
527 397 58 53 53
521 362 60 53 56
530 487 44 43 75
675 200 60 41 57
594 165 54 48 56
574 213 45 48 71
608 129 51 60 61
620 234 48 56 50
534 375 41 49 61
538 277 51 57 65
538 109 48 54 74
691 16 59 56 57
527 480 44 43 70
679 346 43 45 79
687 440 46 49 43
553 394 41 42 66
590 51 44 50 54
658 224 47 51 51
506 93 59 60 70
527 424 54 45 57
513 264 49 45 48
525 320 51 43 54
584 160 41 41 64
674 42 52 51 72
510 251 55 41 55
599 350 53 46 49
520 72 44 46 59
612 324 46 58 57
654 440 48 45 47
549 313 55 53 79
545 404 58 59 67
651 270 51 45 67
545 337 49 54 63
514 28 42 59 63
571 456 55 59 75
508 124 50 42 73
530 336 52 60 48
668 322 58 56 72
669 502 50 45 54
676 313 47 58 68
688 84 47 43 55
627 272 47 56 78
528 154 41 58 76
670 302 59 43 73
667 14 52 44 51
508 410 52 57 66
588 335 51 60 44
637 186 42 56 78
592 423 58 60 59
638 62 46 50 63
618 372 48 43 48
584 323 57 54 47
667 497 44 43 47
652 47 58 45 71
588 375 54 57 65
530 36 60 55 62
512 329 44 50 48
562 289 44 60 61
503 213 54 52 64
642 267 50 42 47
556 215 53 47 63
509 343 48 48 52
581 291 49 55 54
604 194 47 46 49
542 38 54 46 47
593 421 56 53 53
662 230 46 54 80
503 241 59 48 66
531 510 45 49 55
614 439 56 42 71
540 442 58 48 66
559 261 49 56 50
517 344 41 45 48
682 81 51 50 71
600 231 43 51 62
695 244 44 51 80
612 132 48 44 47
553 7 47 52 63
663 425 53 47 48
658 128 46 48 67
551 194 56 59 64
643 227 59 45 68
633 267 54 59 66
585 423 50 41 71
671 111 48 45 46
506 313 41 47 72
507 367 57 44 79
574 271 56 49 49
679 334 46 50 59
626 465 42 54 55
690 493 55 41 62
625 240 48 44 52
552 438 45 46 56
531 368 54 59 70
548 116 59 53 69
670 83 49 55 42
654 182 42 42 65
528 126 42 45 62
649 236 48 56 63
660 290 41 54 71
605 168 57 52 49
589 451 49 53 71
525 394 53 60 75
555 334 49 47 64
667 422 53 60 45
599 162 43 57 48
638 138 45 44 66
695 236 49 57 57
660 196 44 50 55
673 226 41 45 67
503 252 48 56 44
696 257 58 58 61
659 24 46 48 49
624 510 50 54 54
688 363 50 56 47
613 42 53 58 47
611 140 44 54 59
602 77 52 48 52
634 111 58 47 77
531 417 52 54 54
630 315 54 44 59
527 122 54 59 51
556 480 43 56 65
546 448 53 58 54
671 137 50 49 64
558 129 49 51 48
586 426 52 42 78
665 107 43 47 41
666 41 47 44 42
669 165 51 49 61
608 368 54 41 59
613 490 46 44 62
570 183 59 44 74
698 156 60 41 44
677 58 48 50 54
588 30 55 47 41
609 141 57 50 65
648 341 48 50 76
603 353 59 41 76
690 373 55 59 80
530 496 43 47 55
