757
163 197 132 158 2
1000
745 562 53 43 175
-631 446 43 57 123
378 646 54 55 186
201 507 43 45 141
-663 60 37 48 190
395 9 34 54 121
932 312 39 49 135
52 429 44 34 184
-253 651 53 53 175
472 187 46 61 141
-923 190 53 50 111
1000 311 60 36 126
571 63 42 48 112
3 331 51 51 140
254 49 56 50 170
-144 523 56 50 112
-251 357 36 53 143
538 171 56 66 178
268 547 40 46 109
-716 103 56 59 170
95 246 56 65 184
-526 176 51 66 181
502 331 61 47 184
-857 264 59 38 125
-984 196 60 51 153
389 601 58 47 115
-829 297 37 60 145
-934 9 34 61 168
-790 211 36 54 139
114 537 46 49 196
661 74 38 59 178
-600 543 54 34 194
676 66 41 56 103
436 365 50 48 123
528 24 44 37 111
899 105 66 58 110
164 361 64 39 171
-817 279 65 38 110
849 366 52 58 191
-296 602 37 44 156
-269 590 62 54 191
924 610 52 57 182
25 388 44 47 137
-250 413 48 35 140
-389 92 60 61 172
-610 63 42 57 113
674 483 35 55 182
559 346 49 43 127
-503 554 34 54 140
435 307 48 59 192
-834 40 61 55 125
189 603 60 59 109
-200 646 39 43 144
-58 505 38 42 113
-996 548 48 53 196
-751 450 45 50 170
445 169 53 53 162
-186 267 40 35 145
190 359 54 46 127
545 223 49 59 191
400 433 49 59 191
-21 574 59 61 195
157 147 36 45 139
-691 277 54 64 145
-84 387 64 54 110
155 113 39 52 159
21 27 38 60 196
882 123 57 41 197
-556 542 53 36 159
-654 329 35 55 195
-807 605 65 39 196
-844 356 62 38 170
-661 39 43 45 167
-356 251 54 39 141
-412 59 35 50 104
-309 445 41 54 192
-783 228 38 47 169
55 299 53 45 159
-591 221 62 60 145
-950 540 46 47 118
-437 203 47 35 114
-63 29 36 60 112
-588 255 40 35 101
981 267 61 45 196
412 625 58 34 189
561 549 45 61 166
86 39 52 66 167
678 557 60 56 120
313 566 44 36 103
-80 34 38 62 186
-582 165 47 54 108
-273 440 41 66 117
-688 29 61 39 130
213 608 62 43 180
-138 66 49 59 184
-460 173 60 63 162
989 0 41 37 164
-799 653 63 41 197
224 631 37 60 174
293 28 52 64 136
343 25 50 39 123
-147 11 42 65 178
498 287 37 66 193
14 269 34 57 120
-301 85 42 43 140
335 154 52 60 149
-69 45 48 41 196
-152 27 49 54 105
-380 4 63 49 162
682 374 49 50 120
-480 245 40 47 113
-949 359 44 65 134
-366 623 51 40 133
-368 356 35 44 131
397 162 45 38 126
-78 525 54 52 177
219 627 64 44 148
18 342 51 54 117
513 597 60 49 128
35 639 48 52 151
132 262 38 60 161
-302 637 50 35 138
195 349 40 52 137
-371 165 48 65 191
507 51 58 61 163
-684 184 65 55 114
-886 641 62 56 157
-499 435 35 37 165
-850 603 55 58 138
-628 320 37 46 158
-619 498 36 55 101
526 430 50 51 173
790 582 49 49 118
-405 418 55 47 153
96 123 65 49 140
645 228 40 57 161
687 506 42 39 181
426 423 57 35 103
408 649 65 35 174
-677 338 49 56 121
928 170 46 61 116
-587 40 53 55 149
458 251 43 63 139
73 44 64 41 190
155 85 59 49 158
141 340 37 44 180
992 543 66 34 142
-405 437 37 61 161
-33 583 62 38 177
483 159 44 43 200
-797 227 49 59 168
-80 565 57 38 103
520 394 55 57 181
-574 284 46 50 171
-740 207 47 61 129
-363 63 48 37 125
-497 404 62 54 143
808 110 46 43 115
-695 32 66 41 153
120 313 47 45 131
-681 457 53 44 182
-844 230 56 34 136
321 267 52 49 199
222 377 62 52 193
-177 639 39 44 182
680 558 51 65 114
-422 200 39 61 135
565 495 47 35 118
-37 575 47 57 134
957 531 62 59 123
979 332 36 63 182
716 327 64 48 158
18 377 51 36 127
-403 158 40 34 175
-568 60 50 57 135
309 389 66 45 103
-108 52 43 52 155
774 246 54 63 108
582 531 65 54 181
-95 445 45 55 124
-466 78 63 36 156
-266 88 38 62 193
-788 405 50 62 184
633 89 34 53 156
-490 483 44 37 152
-309 132 48 60 110
-199 544 37 59 161
731 487 54 54 123
890 78 46 37 118
521 267 37 40 142
-113 368 50 44 146
-443 164 34 49 131
233 156 38 62 170
249 118 41 34 155
-769 568 39 35 154
-865 388 61 42 183
-549 605 58 56 105
831 609 60 64 186
-12 342 39 63 155
899 464 37 61 161
-589 327 63 45 179
616 128 42 46 156
-252 104 34 43 179
-332 9 64 54 113
-831 221 66 47 171
306 332 41 58 196
487 128 37 51 169
840 598 43 64 107
209 273 42 40 130
-440 409 34 57 103
442 361 43 51 153
193 537 48 52 141
-140 566 65 43 196
363 331 61 41 198
84 323 52 45 114
171 59 62 44 155
886 197 64 40 148
963 576 61 66 182
155 524 37 44 120
-311 565 41 41 116
-337 69 39 41 187
-711 351 46 42 123
484 464 66 40 150
414 171 36 49 145
-508 500 58 35 145
36 462 40 48 142
508 42 50 63 118
-726 40 65 56 130
841 636 41 43 103
559 434 39 55 130
-55 127 47 56 168
190 292 45 46 124
439 283 55 40 148
925 226 35 51 178
-534 246 43 41 165
-412 285 45 42 178
-595 294 61 42 111
-530 102 34 39 105
717 54 56 61 157
-998 625 61 34 160
-493 504 43 35 150
930 345 41 55 136
-860 197 54 52 189
-739 83 53 61 150
684 468 50 58 194
-769 67 66 57 121
-697 26 57 45 199
140 130 36 52 123
860 397 48 34 187
-413 130 45 46 144
-845 456 51 60 146
156 544 64 40 101
-756 229 43 39 127
420 647 66 51 170
68 559 35 58 159
26 158 54 41 146
-627 208 41 64 143
-532 408 37 57 186
7 601 58 55 114
83 396 57 58 101
481 567 39 61 125
344 600 43 38 108
-488 524 59 54 114
975 169 66 66 135
248 646 45 47 178
-426 314 49 65 102
605 572 60 60 193
48 505 55 41 164
492 638 62 38 151
-218 656 45 43 143
-271 43 43 46 139
181 495 45 52 177
390 524 62 40 111
533 67 43 54 172
54 565 65 44 166
509 247 45 47 141
9 172 49 64 138
-442 646 39 61 128
-135 300 41 40 115
-494 144 57 45 185
-988 543 52 57 128
774 47 53 66 155
492 598 56 58 136
690 149 35 56 190
54 99 44 40 113
978 355 61 55 119
-202 281 55 54 159
44 539 35 54 125
-922 254 37 53 108
18 69 36 59 111
143 359 61 35 114
-388 281 35 57 153
-441 118 45 61 155
142 115 42 38 170
103 312 51 41 105
108 523 52 51 152
-381 399 51 52 159
-413 411 39 48 188
275 566 56 64 178
776 524 48 61 181
-369 77 51 42 181
-111 61 61 59 148
-862 351 43 57 159
555 552 37 59 123
-578 25 41 37 174
-40 45 52 35 138
696 468 59 58 182
-836 390 61 43 171
-428 180 61 54 163
-730 72 60 58 125
950 458 48 62 118
283 128 58 66 159
244 270 62 34 135
-437 648 36 45 165
-527 436 41 63 138
345 398 56 58 127
772 575 64 58 159
-794 38 34 52 170
36 586 66 34 131
902 38 56 34 166
-6 60 35 58 196
-203 268 53 39 187
294 315 44 40 163
-727 421 52 39 122
-470 338 43 48 145
-218 56 56 59 155
133 521 48 40 181
337 538 66 50 113
-766 533 44 41 133
-271 431 53 42 123
-496 489 63 42 176
243 61 41 56 195
-89 587 62 54 115
-316 264 65 45 166
882 446 35 50 117
269 144 53 39 117
954 82 52 63 173
-742 527 35 56 166
-728 640 39 46 129
-436 207 35 43 168
-615 438 38 50 166
-253 303 47 47 122
726 101 46 42 123
-741 472 43 62 115
-577 350 65 51 149
-548 560 65 36 114
-305 42 52 42 102
122 514 46 65 151
-60 42 65 50 150
-911 441 51 54 195
-976 651 64 52 123
629 183 35 37 173
-850 486 44 55 160
97 635 54 62 121
152 420 46 37 152
-331 273 53 43 171
-879 227 39 58 150
359 329 34 59 110
-627 132 66 48 166
281 167 40 45 129
-931 441 41 52 127
312 564 49 36 156
796 543 66 50 176
-157 282 36 43 103
-302 198 50 57 142
-231 353 41 43 155
-901 95 34 42 140
216 118 53 39 151
-241 69 62 42 154
442 596 34 54 189
-525 179 43 45 102
955 22 38 39 147
-833 3 47 36 122
-49 467 41 52 189
28 501 53 64 156
112 160 51 63 165
388 10 49 52 152
325 108 56 46 115
-543 16 35 47 142
-497 328 58 37 176
898 481 40 40 165
-958 524 63 64 110
636 247 45 34 155
-963 121 38 58 155
-312 430 37 39 122
875 575 42 65 107
-67 544 37 53 118
-620 330 63 54 114
651 177 61 39 143
-586 523 62 51 181
168 205 43 57 151
-361 505 39 39 192
-140 650 41 46 173
-422 141 40 58 130
279 103 45 42 153
646 54 35 46 140
659 120 42 60 149
802 202 42 50 129
839 167 34 50 118
-92 72 59 48 173
-37 583 62 46 127
-296 335 37 55 155
523 224 45 62 113
660 610 43 39 125
847 1 46 36 148
-604 523 52 45 161
-497 297 51 34 168
-434 512 65 37 103
747 246 60 34 106
276 613 34 53 151
288 43 57 62 118
-251 532 48 53 192
-486 650 59 35 122
421 505 57 39 155
-17 568 37 45 103
922 229 49 36 139
207 355 45 49 148
413 1 45 48 121
439 65 60 64 140
577 606 37 46 133
870 634 56 58 171
431 464 52 66 167
-210 311 42 64 134
-48 475 43 45 191
995 433 60 41 147
-83 322 48 49 186
-979 545 57 46 140
428 614 34 38 192
277 271 52 52 165
351 469 58 60 122
-998 77 54 48 149
755 188 57 37 120
-775 372 56 62 154
-480 500 47 48 111
761 274 44 52 142
-879 27 56 66 142
856 229 37 40 128
-842 532 56 60 109
293 93 46 46 130
-498 300 58 37 187
-728 199 49 54 122
735 398 39 61 191
559 602 41 49 109
-168 397 58 60 144
824 0 56 55 110
-955 443 51 56 126
357 194 56 41 111
595 604 37 51 161
-446 253 49 51 129
623 576 51 59 136
-709 526 66 41 186
-192 233 57 48 105
-411 8 57 55 115
566 373 62 55 183
-343 165 41 49 149
-997 381 63 64 121
474 625 36 59 118
213 547 62 63 171
-402 655 57 53 108
159 86 40 43 101
-324 103 35 51 130
956 184 36 46 120
-328 205 65 39 166
-34 601 64 47 138
775 394 48 51 110
986 460 43 58 146
515 309 37 60 191
750 610 53 40 126
-746 447 43 57 125
-488 436 58 60 163
-940 569 53 65 159
-250 375 37 46 108
-45 103 59 60 172
-303 595 47 34 179
773 342 55 34 107
-192 588 41 59 159
199 167 36 48 161
538 151 60 62 187
895 276 61 39 187
588 328 43 63 134
269 76 49 38 129
-601 585 53 64 160
-307 275 40 60 133
753 4 56 35 133
156 37 51 43 167
-180 417 66 64 167
-958 179 48 35 142
124 367 36 57 126
-491 584 49 36 112
-184 127 54 46 198
-401 353 46 57 106
100 413 57 55 120
825 98 54 63 123
-739 58 51 37 125
-557 251 49 44 114
97 7 51 37 142
-862 190 36 65 107
726 112 65 50 143
506 107 59 59 165
644 134 62 62 177
656 583 59 44 165
501 332 65 54 182
-748 246 49 55 148
-924 270 64 59 166
902 9 63 50 108
-835 427 49 56 194
600 206 42 34 169
-737 197 59 53 155
-530 293 41 65 146
453 107 63 65 174
-877 7 41 63 171
-113 334 52 49 137
816 397 55 41 153
-956 83 40 44 152
922 431 48 42 180
126 339 39 47 159
-81 217 49 54 115
-685 186 53 52 122
279 636 45 42 175
25 587 39 45 111
-793 402 64 44 119
867 282 34 47 174
190 345 53 46 180
912 198 41 37 113
-963 640 55 38 137
361 201 60 46 187
698 162 66 47 155
97 292 51 58 193
382 593 44 51 110
484 411 38 60 159
392 419 44 51 126
-442 46 55 61 190
869 173 53 66 109
3 326 66 58 146
454 635 47 60 179
638 449 51 56 134
988 558 53 50 138
-215 229 48 38 180
914 626 56 40 186
298 241 66 48 122
447 70 61 34 166
-211 372 54 40 123
700 427 55 54 134
-324 581 53 66 178
909 125 53 50 107
-446 486 62 37 124
458 216 50 58 127
440 466 66 64 185
569 578 66 51 106
-85 20 40 42 192
-407 354 56 36 105
-29 242 58 61 147
314 514 65 60 130
-886 55 55 45 120
-858 150 52 66 137
-284 609 58 64 152
-903 449 38 55 144
-360 607 56 44 165
-437 631 37 41 134
458 521 59 40 105
-160 572 47 59 109
167 372 65 47 154
-216 181 42 66 157
970 390 47 37 146
460 322 49 44 136
-132 323 43 36 122
436 67 54 56 165
495 376 43 35 111
239 577 50 49 115
-525 136 41 63 195
-633 378 49 36 126
-625 599 40 56 101
-407 106 52 41 108
-722 652 52 37 158
14 385 52 54 110
-276 387 47 64 141
726 153 51 54 197
619 123 38 66 109
947 386 63 57 107
810 513 63 65 148
2 634 40 35 168
601 276 47 38 112
98 643 49 61 180
383 315 55 38 154
841 538 43 52 173
-229 470 59 58 127
-635 571 51 43 138
711 431 54 35 168
-229 54 65 59 103
730 370 54 38 150
686 380 63 40 119
71 472 62 52 141
-995 132 34 58 130
18 610 49 61 150
485 24 65 43 111
-939 487 60 36 141
241 80 61 52 172
-468 17 60 56 188
-40 460 50 58 150
391 433 54 36 121
-676 279 54 57 157
829 167 43 62 128
960 279 40 43 154
-280 271 56 60 144
-292 328 65 56 117
-274 128 38 48 180
-233 558 35 64 105
-615 68 34 49 199
-765 367 42 66 105
-851 255 46 57 107
-296 540 54 58 128
-488 222 41 55 148
970 73 62 36 147
97 600 66 59 108
-42 215 51 47 120
102 329 63 48 160
301 467 63 66 108
85 138 45 57 180
-957 545 63 47 190
71 451 63 34 182
-275 451 39 52 127
-811 86 53 37 128
-864 383 35 65 193
-131 439 47 40 185
152 378 57 63 164
-434 61 35 55 138
527 311 62 65 115
-973 342 51 47 171
-92 534 59 64 178
374 197 36 38 187
-393 322 58 42 146
471 138 65 58 117
968 549 46 52 114
917 288 49 52 153
363 649 44 42 133
-330 54 35 57 158
-841 602 61 63 165
-863 340 59 38 127
-818 8 66 35 128
-297 389 34 64 147
-267 532 37 52 173
654 191 45 66 165
157 78 60 48 117
-755 419 61 51 189
341 331 66 48 197
919 290 39 43 131
-614 568 43 46 197
859 496 38 36 158
270 654 36 66 179
-396 366 37 38 186
134 78 39 45 162
981 617 43 40 110
286 21 39 51 188
-602 354 61 52 106
-421 82 50 48 182
830 199 38 48 178
985 259 60 35 127
395 60 43 58 112
-764 113 40 61 145
940 533 53 45 188
608 280 50 52 185
-5 336 63 51 119
702 107 37 65 185
711 160 40 36 165
275 518 49 46 145
338 456 65 50 174
-528 160 57 41 136
471 203 40 45 185
-531 265 66 64 127
333 371 65 63 144
-127 7 59 37 172
549 532 44 53 189
267 367 61 47 196
-781 78 58 65 176
-858 161 65 57 130
580 6 48 42 134
937 617 46 35 167
-910 94 65 42 189
599 290 49 58 131
-24 230 64 46 114
5 399 66 50 107
494 224 47 41 118
-857 463 36 50 108
30 132 62 40 132
489 603 37 63 165
-150 308 42 45 164
-975 537 40 55 129
-795 300 38 42 107
804 9 37 63 171
1000 92 52 46 108
-370 57 51 61 190
415 541 44 44 131
-23 424 37 54 134
-536 640 59 64 112
-860 251 47 53 147
513 283 50 43 123
-803 514 52 46 186
214 424 58 39 166
46 537 42 63 110
-627 552 56 38 107
686 606 64 59 137
240 466 35 60 111
567 128 49 40 191
-893 569 46 46 153
611 431 45 60 123
-638 52 46 39 103
175 70 55 36 107
-982 653 59 60 192
874 185 42 55 164
538 358 47 50 178
146 156 56 59 185
-621 203 63 41 195
-289 23 58 39 174
664 33 38 54 196
504 219 42 55 171
657 305 59 54 187
-813 501 47 43 199
-348 56 58 66 174
605 376 49 55 153
810 340 55 65 164
493 50 37 42 164
-750 278 37 42 119
-375 340 50 63 150
-280 619 59 64 133
-213 288 40 45 121
-400 491 48 53 158
662 368 58 58 155
560 234 34 45 179
-996 5 39 38 105
-244 532 41 41 130
-446 66 66 52 136
156 598 59 54 105
-458 93 57 64 124
778 299 57 55 185
351 634 35 39 190
-611 442 44 58 188
-983 653 51 38 136
713 488 40 48 199
778 583 62 42 101
-213 190 37 66 151
583 624 39 59 113
24 160 57 39 134
-242 77 43 40 149
159 137 60 47 190
438 88 43 49 198
-826 594 42 60 107
205 201 66 35 112
388 94 58 43 149
342 638 55 41 185
-796 554 36 44 164
-390 608 54 39 164
-623 268 66 50 117
221 209 50 36 139
-613 239 35 55 113
135 251 44 43 143
-794 594 55 48 178
-605 61 44 44 185
869 22 65 51 109
565 501 64 61 107
-943 393 44 38 107
-648 198 59 53 166
697 51 50 52 161
-302 183 45 36 137
-380 262 54 53 178
-377 645 46 44 131
-120 366 66 39 200
-86 531 46 56 169
-26 319 50 34 173
624 356 43 41 121
-123 471 43 52 171
446 436 36 41 196
-865 607 53 61 183
-890 408 53 52 110
980 430 60 37 157
-639 291 53 42 137
140 615 60 59 101
-614 265 35 54 118
-452 346 47 65 156
709 296 44 34 198
238 138 47 46 160
265 475 44 61 165
976 66 63 52 125
101 190 65 66 196
-884 122 36 50 151
-134 437 54 59 122
390 63 53 55 109
423 261 38 39 104
339 6 44 55 189
680 73 49 57 115
-326 33 36 39 165
-239 196 50 56 105
251 378 62 34 197
-407 425 59 61 106
241 583 36 51 144
-768 90 45 56 105
-37 102 50 63 124
-569 61 66 37 124
761 360 62 65 130
-926 656 38 55 167
785 461 34 58 116
-580 80 56 62 120
-845 398 45 49 152
-882 335 53 35 195
22 218 65 50 128
-784 386 46 60 102
112 367 43 50 147
801 640 56 50 199
-367 200 47 64 127
527 461 60 66 186
253 156 50 54 194
786 331 57 64 118
-762 494 66 51 145
921 124 36 47 157
912 33 62 47 119
-424 434 45 36 106
-655 642 46 53 141
714 481 50 35 135
10 131 50 46 151
-544 133 51 61 114
133 275 48 37 164
793 391 56 44 147
697 424 56 54 182
167 618 66 58 195
424 532 63 58 152
-239 484 40 61 160
-620 283 47 53 162
122 59 58 49 153
-432 575 58 61 133
242 515 47 38 128
877 533 41 53 113
-154 342 62 62 110
324 617 62 38 174
986 143 53 66 171
-682 198 45 34 133
68 307 65 58 158
97 588 39 47 121
-911 194 42 47 130
-438 401 40 66 112
-21 562 56 55 145
-669 396 49 45 160
-719 425 55 44 150
-670 645 61 42 177
841 263 61 48 139
460 273 64 50 139
306 427 40 41 105
365 139 48 37 141
-485 272 59 38 151
404 388 57 44 135
762 109 56 37 169
-278 535 49 42 101
951 31 61 38 151
968 478 43 53 109
388 428 36 53 156
518 295 39 59 120
206 390 61 45 139
172 627 44 34 149
-169 464 58 39 135
-965 587 45 56 196
461 562 54 59 188
-124 206 43 42 170
78 353 61 48 198
479 169 37 64 139
270 547 36 39 117
587 380 50 65 130
-347 173 55 49 145
798 177 50 65 171
-40 295 43 43 106
285 35 56 47 151
-942 400 50 57 190
286 390 63 41 192
151 349 54 46 116
-286 653 37 40 141
741 224 45 47 139
616 38 45 57 134
68 477 55 37 197
608 329 37 64 112
440 582 36 43 194
895 352 46 37 171
447 384 54 59 105
328 500 37 64 162
-489 128 62 39 192
-450 95 59 42 124
-896 364 36 41 102
494 71 65 47 177
-991 154 48 61 131
-941 558 59 62 107
-130 146 57 40 186
-49 423 48 40 183
197 369 62 45 169
884 234 51 61 114
-841 83 65 65 123
-189 268 45 37 155
-529 235 65 54 135
618 656 62 41 190
-28 403 54 56 107
232 262 51 48 184
31 362 55 51 150
261 118 58 39 138
-888 269 60 65 118
-104 87 58 45 138
732 168 41 58 137
-562 476 58 66 140
-394 31 37 65 137
366 603 63 37 121
-491 591 53 43 163
-989 341 37 39 173
-472 458 40 66 189
-435 629 58 52 170
-470 243 49 43 136
-194 518 36 49 133
-659 22 42 34 177
-964 413 51 60 168
-732 407 37 54 156
51 59 63 56 190
-665 6 40 54 156
445 408 62 53 120
-280 473 40 45 112
104 217 62 54 147
563 71 43 43 164
550 516 48 60 102
-925 266 43 64 198
478 49 41 41 155
-159 217 56 65 149
-842 62 62 37 155
-218 611 53 39 111
978 478 61 63 104
283 407 50 59 110
-124 375 41 43 173
935 141 40 63 143
51 27 43 64 125
692 395 52 64 102
1000 409 38 64 106
-666 80 48 37 152
309 383 39 42 194
977 269 56 45 106
-298 240 38 55 120
856 65 45 51 196
-438 151 58 65 169
-50 504 41 56 134
823 530 47 56 130
-455 612 48 46 191
781 423 61 59 195
-283 136 64 51 115
-743 24 43 54 164
602 215 65 53 122
169 333 34 60 119
-71 449 51 65 108
-209 563 62 65 129
683 287 36 65 166
-157 372 52 58 105
940 353 42 59 133
400 310 37 63 154
-847 54 63 63 180
385 136 63 36 171
-385 115 43 47 106
614 362 46 52 188
-670 564 59 52 109
-838 365 56 42 135
964 348 39 52 184
286 571 56 42 111
561 511 44 65 162
-538 56 48 42 144
565 283 42 54 111
-19 106 53 49 194
696 294 57 64 163
-862 214 52 46 191
-187 542 39 53 115
156 569 45 55 106
-500 610 60 37 117
918 363 60 63 187
-552 26 54 36 189
-357 334 66 37 180
623 611 42 44 178
-751 119 42 59 122
-548 571 61 62 102
-797 135 51 62 127
508 460 42 56 104
-873 264 38 38 110
-402 524 35 53 183
999 119 36 64 190
638 342 43 55 190
272 124 64 56 159
-676 558 51 45 165
-179 616 52 58 151
-855 268 34 51 184
-624 594 58 44 199
-267 636 40 37 195
-104 642 47 38 188
275 171 44 65 118
233 147 61 40 101
165 304 46 63 138
-163 227 38 51 164
-366 95 49 47 161
-23 29 36 39 144
88 46 57 58 168
-508 98 47 42 127
-557 120 45 43 133
511 223 56 38 115
344 238 58 42 170
903 558 51 42 120
