523
78 106 195 155 12
1000
-123 63 58 47 103
-532 302 58 51 147
-996 304 37 57 128
801 144 62 34 187
-117 199 52 43 153
-257 217 45 45 188
-293 132 45 44 118
928 347 49 40 169
522 291 34 64 150
-719 38 48 66 155
-262 289 60 37 122
-493 147 43 57 115
-7 326 60 60 185
-837 346 54 47 149
-778 406 58 54 148
418 417 44 49 157
-23 116 60 49 164
-432 296 42 40 158
-180 45 52 59 191
5 107 46 41 111
283 235 58 43 200
90 278 52 60 118
407 314 54 55 170
-207 134 59 54 110
318 173 60 38 181
38 339 61 44 164
-5 95 61 64 132
20 143 39 50 134
-398 65 60 57 170
371 224 53 56 104
-919 37 35 49 114
504 328 63 54 111
-68 240 54 45 193
881 394 43 57 109
715 53 39 40 170
-495 115 59 54 138
-150 36 42 61 134
479 377 52 46 141
-677 125 56 65 135
-155 398 39 47 128
510 371 36 54 123
-543 280 43 63 149
-147 344 46 58 186
817 300 48 50 130
472 186 41 54 200
-382 129 58 44 118
-374 245 44 65 115
-188 27 64 38 168
776 277 44 66 172
429 108 57 41 169
-580 8 58 54 148
-243 15 66 40 109
-402 188 45 34 196
-965 308 54 58 192
-378 62 36 64 115
-458 321 40 35 120
156 112 43 56 108
-16 150 43 60 161
426 137 50 39 183
-557 53 64 45 121
559 131 50 64 177
-764 182 64 48 132
116 173 47 65 114
-944 151 55 57 167
-169 31 65 66 122
577 111 34 60 178
-195 219 40 64 154
922 361 55 45 182
707 213 65 53 147
-652 214 46 61 124
882 97 44 53 150
931 268 36 40 118
-907 134 48 35 146
326 308 60 53 175
749 155 40 62 120
375 104 43 44 106
366 79 50 56 152
298 230 62 48 197
-323 163 45 60 177
-357 377 40 61 167
-648 190 64 53 129
788 43 37 62 133
211 309 45 47 200
-818 223 42 45 165
-252 99 54 43 197
873 129 49 60 132
249 246 45 34 101
-767 290 41 65 196
-444 88 61 38 125
-87 155 39 37 152
234 347 62 36 178
-251 88 46 60 124
-430 257 34 48 122
-980 275 57 43 115
826 110 50 51 184
250 412 66 59 179
238 135 37 45 172
-493 272 45 45 141
2 364 54 48 112
873 197 51 62 107
-805 263 63 41 186
494 172 45 52 132
372 267 37 61 103
894 336 58 41 136
186 176 37 43 165
-545 365 50 63 184
-354 240 42 60 104
-785 35 59 41 105
622 410 44 50 159
-460 5 39 59 126
-112 349 41 58 118
-840 366 62 54 199
717 99 40 41 191
-997 208 62 60 138
-823 0 58 37 176
884 375 65 57 124
-606 12 66 34 139
-615 121 37 62 125
856 263 46 50 166
983 83 53 48 105
-483 217 34 57 107
461 409 39 48 149
-74 336 51 38 113
-839 172 66 50 107
-208 46 55 45 181
-471 37 41 57 128
77 206 46 44 158
-502 59 50 62 140
-138 381 61 61 134
698 322 49 39 164
-177 54 56 37 123
95 163 57 58 189
-760 324 38 46 172
292 368 61 46 197
-656 400 38 50 127
242 422 64 41 102
-863 421 39 47 176
-602 240 65 52 182
-871 369 52 37 176
645 200 49 46 153
315 230 63 51 151
-648 27 52 59 162
727 230 51 43 195
430 231 61 65 132
-266 136 53 61 133
191 272 59 43 103
377 125 51 51 132
403 60 37 40 146
-858 291 42 57 126
-1000 249 40 55 108
411 20 54 46 152
337 40 59 36 124
-751 222 54 38 163
-955 394 56 62 152
-643 3 35 35 145
-498 341 37 66 130
-474 414 52 40 118
-617 39 36 38 120
-831 286 51 45 134
64 47 54 56 117
547 413 48 64 177
-633 321 55 63 145
-625 363 61 44 128
-56 326 60 39 101
-118 370 43 49 200
-89 4 59 65 156
211 123 51 50 104
-767 59 45 52 167
-189 184 42 54 105
348 24 59 37 127
26 412 42 41 198
-571 125 60 66 124
-758 143 51 66 102
42 154 35 59 168
-475 179 63 40 167
320 263 52 46 117
-765 280 51 50 187
24 166 58 65 129
-463 168 38 62 151
140 32 46 53 103
-67 373 59 53 150
722 131 56 40 199
-91 42 42 66 106
-583 133 43 34 200
-962 365 49 66 176
-536 195 46 47 188
-487 226 47 48 130
277 246 65 45 129
27 85 61 42 148
-718 269 60 50 109
381 44 38 35 118
931 364 43 51 123
809 347 40 48 115
-378 40 57 59 189
300 185 47 54 114
582 108 58 38 157
535 5 36 40 144
677 302 43 46 200
357 313 57 34 108
-384 298 48 54 171
292 159 50 49 143
-128 363 44 41 128
50 276 66 55 147
222 333 55 58 192
-857 346 65 61 105
438 216 37 58 140
153 400 52 54 161
330 202 56 35 106
971 344 45 39 174
836 96 64 48 108
879 413 60 54 158
-751 144 46 42 108
938 165 35 35 195
-71 373 56 62 141
-618 277 46 53 117
-899 151 65 40 190
584 176 63 59 110
973 199 37 45 111
16 256 47 55 184
-24 37 47 46 144
327 312 58 50 113
808 3 43 54 154
-10 124 36 46 152
228 7 59 43 149
-41 314 46 47 167
709 324 65 38 148
-352 138 55 50 175
-435 383 60 35 198
-960 63 65 59 147
390 353 40 47 169
717 69 64 49 141
-891 192 66 48 199
506 148 49 49 119
-799 322 57 64 116
-951 204 61 55 102
19 411 61 63 135
112 418 37 56 112
-878 352 51 46 111
482 328 50 43 139
-722 69 47 62 116
-32 372 57 35 113
-337 391 63 40 156
-208 320 63 56 145
986 47 61 63 127
-720 79 36 50 165
382 138 46 39 142
684 296 37 55 127
-99 354 51 47 141
279 276 48 46 126
291 404 42 58 155
-179 392 63 52 154
-448 12 54 51 103
-996 298 36 49 111
-496 134 57 36 123
-982 97 62 38 131
133 243 54 34 104
-441 367 63 48 162
713 409 42 59 162
-652 204 49 49 141
-620 132 45 35 152
389 126 54 63 169
455 49 50 47 199
-398 204 36 40 197
778 136 66 40 175
-422 67 63 53 175
-523 396 50 58 105
-1 346 60 49 156
-582 21 54 51 160
334 379 60 57 167
-755 222 34 46 172
-56 231 34 47 180
-634 195 51 49 199
-37 279 58 60 116
-315 354 45 59 161
-50 13 65 34 163
61 91 40 35 101
-52 295 34 48 167
-94 350 47 45 147
-120 191 47 42 197
344 200 61 41 102
-27 237 47 50 167
-35 147 35 58 193
-362 328 37 55 113
-458 329 38 59 199
734 31 61 56 164
-494 112 64 55 148
-412 96 48 38 103
-672 124 44 57 183
357 382 49 41 135
-403 250 40 47 162
482 161 55 38 116
18 256 58 36 160
423 277 59 52 177
-492 146 65 61 155
767 41 66 61 123
702 271 50 49 198
-31 410 45 64 151
-125 347 50 34 125
-960 313 62 45 124
-974 133 55 63 123
554 49 44 53 102
572 350 52 45 175
-908 362 54 65 121
-881 153 59 57 158
-426 399 55 47 104
-824 395 62 38 190
-601 320 59 40 193
-566 71 53 39 151
176 18 47 46 115
494 182 56 56 118
-813 191 42 47 196
706 63 52 47 169
456 14 48 40 158
336 251 52 59 196
851 315 66 58 140
-393 158 39 44 158
-893 307 39 45 134
212 255 49 34 170
-789 52 44 37 157
-631 343 62 58 188
-335 91 53 54 127
-963 148 63 56 102
-173 87 54 36 150
954 77 42 39 104
-650 305 44 51 145
324 41 48 63 112
59 137 60 43 120
773 231 49 58 141
-844 299 53 49 165
-735 108 65 35 173
-48 421 48 57 160
-452 264 59 45 131
768 153 39 41 189
-662 20 56 64 156
-73 53 44 39 160
-738 410 64 44 182
650 254 64 55 180
729 391 60 49 180
-482 157 47 63 199
206 158 51 50 171
-635 339 52 61 111
966 36 38 63 138
88 220 34 52 171
-410 235 52 38 101
631 68 52 61 102
-367 102 61 57 166
-915 125 66 49 148
-954 384 55 36 181
697 251 47 47 114
727 422 36 51 104
-646 18 53 66 115
-950 151 58 46 159
438 418 58 63 117
907 419 40 47 180
992 321 48 47 124
611 232 36 56 150
-649 85 37 53 127
-141 144 40 66 126
-795 303 66 54 130
668 327 54 52 123
-366 196 63 38 200
-270 50 58 63 197
76 321 50 41 142
-322 50 57 64 190
973 230 37 66 127
-658 276 58 35 192
454 331 53 59 127
-766 171 66 45 150
-854 33 37 42 153
-452 265 62 56 115
-148 392 38 35 136
749 374 46 54 126
812 343 60 53 144
512 206 58 56 104
642 97 57 34 106
-369 335 56 66 142
-129 323 43 60 123
-988 377 52 52 197
253 409 63 57 157
-733 51 34 34 153
-179 274 37 59 136
-758 49 60 63 122
387 118 34 51 107
-190 409 52 61 141
-981 22 49 51 109
-102 26 56 54 173
919 90 46 44 145
-776 205 64 63 128
-696 181 41 50 108
589 381 41 61 154
832 128 66 36 147
277 72 64 35 153
464 367 66 55 169
294 98 58 35 169
-625 155 59 41 154
594 143 48 49 171
-754 380 51 37 114
608 275 54 43 170
-896 225 34 53 160
-693 95 42 52 127
841 324 47 38 114
925 239 43 63 151
936 222 41 52 193
-392 145 40 49 177
68 336 35 34 131
548 158 55 59 178
870 179 53 43 181
922 223 44 60 157
-374 327 44 45 186
-284 351 54 38 102
579 421 60 52 118
-534 227 50 54 172
342 157 59 36 144
188 420 40 58 197
-81 339 44 51 132
448 184 48 54 138
140 284 65 42 164
-300 62 61 44 172
-799 344 62 42 175
-803 152 46 41 136
-147 37 41 54 172
-791 51 55 49 163
637 407 39 53 117
-458 185 65 63 138
16 320 38 55 174
-382 48 42 42 200
275 206 52 63 194
226 403 36 54 178
-324 367 65 34 144
861 180 35 49 190
70 362 46 39 145
918 130 53 52 120
233 210 46 60 144
975 74 65 48 131
-373 417 58 52 109
-829 164 55 46 162
453 284 54 61 182
-976 170 40 39 155
774 189 65 53 128
-405 336 35 42 110
-930 372 59 65 102
282 357 58 57 121
-660 148 40 57 176
947 348 61 45 119
595 214 56 57 178
103 139 35 55 200
-482 245 45 41 166
-220 33 34 52 157
808 384 37 50 165
-934 339 43 51 162
335 302 65 64 127
407 252 55 34 184
691 169 59 53 155
-938 270 56 40 189
128 97 46 36 106
-601 235 55 66 167
959 333 66 38 123
-645 287 66 49 163
-723 406 53 48 115
137 26 35 52 195
-618 308 46 63 123
-776 147 59 50 145
272 2 34 52 169
-87 297 42 63 182
-134 25 53 52 146
115 249 65 58 132
-654 326 52 51 121
911 252 52 43 163
-799 15 56 40 174
163 341 46 50 127
226 83 36 47 164
988 69 57 39 168
471 125 36 42 148
791 295 43 38 189
238 314 63 44 139
386 378 35 41 183
916 131 47 62 186
-970 27 53 57 123
375 393 49 45 125
-276 335 58 51 138
-773 62 46 46 141
783 380 46 61 168
-340 216 62 48 165
773 335 46 45 146
-40 126 58 46 153
-286 218 66 53 180
278 370 62 42 113
-731 212 35 35 111
198 384 60 61 175
-640 172 64 38 194
722 231 60 36 200
-33 240 56 58 174
516 182 51 55 193
-594 244 64 55 170
561 159 61 64 136
-199 335 65 38 120
580 75 65 35 116
279 254 46 53 174
-284 249 64 65 197
-621 331 49 48 115
-794 307 45 62 127
-487 219 42 34 110
584 227 63 59 191
630 411 62 66 199
-294 120 63 46 135
680 160 54 60 192
-508 179 38 65 175
-892 376 41 66 114
83 391 38 52 196
0 190 51 48 163
-891 82 34 56 181
75 14 51 45 130
619 178 66 47 175
-580 46 40 66 192
-205 290 64 53 136
-657 59 66 44 180
992 215 52 36 114
922 291 57 45 197
866 405 61 52 146
-809 231 63 41 155
826 206 43 47 114
219 259 55 43 129
755 45 43 60 131
243 272 45 47 103
-664 153 61 60 143
-11 211 58 34 169
363 178 41 58 191
584 152 37 51 191
-250 285 43 52 139
844 358 40 64 137
-916 71 54 51 157
-658 126 36 45 157
-170 78 65 45 104
906 377 49 42 173
617 230 54 58 163
726 53 61 49 188
949 95 35 51 199
506 21 45 38 172
-546 267 45 41 135
410 44 38 60 110
-772 71 40 49 104
243 234 45 51 198
774 165 52 46 166
-259 163 45 52 101
719 415 34 59 164
-915 117 47 54 166
999 360 52 52 189
204 30 49 48 132
-620 49 44 66 158
-259 309 51 59 147
74 198 41 65 106
272 73 55 61 186
-51 363 62 52 108
526 136 55 42 171
-789 92 45 42 121
328 416 66 63 158
712 162 56 38 146
-239 316 49 59 166
-142 58 62 53 104
458 49 55 64 179
701 402 58 50 174
70 172 58 35 105
-200 106 48 63 152
-115 169 42 53 183
-682 19 61 34 155
712 353 61 59 127
-930 43 52 40 167
673 391 60 52 155
-629 70 62 55 117
-937 346 40 52 126
946 38 54 64 139
210 273 65 60 165
-656 326 37 66 177
32 322 37 60 163
873 398 59 34 185
316 257 57 49 190
-481 362 48 49 170
632 236 49 44 152
-222 77 66 41 159
-446 330 40 38 108
-833 199 38 56 101
271 125 59 66 110
877 282 44 44 111
465 325 60 59 153
938 235 45 43 179
-742 246 62 39 194
-277 32 44 50 162
-381 154 66 58 159
-955 396 64 64 176
-51 388 43 35 134
-379 329 57 41 129
34 406 58 39 190
301 48 52 59 169
383 221 59 46 165
-81 104 36 62 107
-572 127 45 39 171
736 222 52 60 139
451 185 40 47 113
-26 292 36 35 187
832 246 54 36 135
-190 99 56 53 157
-251 19 42 52 174
882 320 52 60 193
-902 234 56 34 149
703 232 64 38 181
-495 82 66 66 155
343 416 46 48 121
-764 252 66 49 146
-858 215 34 44 116
-237 32 56 36 192
773 143 51 37 183
-614 221 43 38 154
918 116 43 45 122
521 174 39 51 174
118 13 52 55 199
-12 416 50 36 164
-441 1 49 62 152
-428 153 42 50 136
-944 261 54 39 109
101 36 50 58 186
607 315 58 39 153
577 45 52 39 200
689 339 45 65 161
-171 361 39 55 179
633 337 58 54 161
-177 157 52 64 190
-330 91 53 53 129
-720 174 34 55 119
-60 372 35 42 179
-638 60 48 47 109
798 341 59 60 115
-984 190 59 34 109
-96 136 35 45 121
982 19 39 34 127
-920 125 48 60 111
599 236 50 50 156
305 113 54 54 114
-11 334 48 52 115
-862 408 59 56 146
817 233 37 44 104
-728 353 39 35 179
134 116 55 60 163
-669 393 36 45 105
793 281 51 35 125
921 175 36 53 143
122 100 34 52 144
-268 18 66 36 121
-368 309 66 50 178
773 18 37 38 189
-985 183 61 45 122
-423 183 56 51 159
603 0 44 66 151
-817 348 53 64 127
-477 397 53 42 112
951 69 37 34 160
500 105 34 64 148
-719 258 66 55 150
-658 423 56 37 160
570 33 38 44 135
-578 1 52 48 114
401 312 40 41 177
5 390 39 41 189
250 35 53 50 200
697 249 55 56 156
-388 162 62 61 183
971 326 37 38 162
573 321 44 64 173
828 171 47 50 132
-76 54 59 51 169
-928 211 40 61 176
972 385 61 61 180
-895 164 64 66 113
955 254 52 57 173
250 62 65 59 193
-646 167 59 46 181
-579 67 40 37 125
-407 201 37 44 134
532 347 59 63 115
-18 46 62 34 137
930 104 56 65 195
945 218 46 34 145
-164 58 39 35 171
274 298 34 64 147
-706 91 42 37 150
481 185 66 63 121
808 119 56 52 111
-445 50 54 44 134
603 223 39 48 133
-949 207 56 63 111
703 56 41 47 123
-46 100 66 46 129
404 419 42 61 148
529 414 35 45 171
-192 251 40 46 173
50 201 47 45 196
-335 45 62 52 197
555 349 40 58 107
-362 338 35 52 143
-904 376 48 52 105
-535 276 45 60 115
-498 169 50 50 151
-456 387 62 62 117
-891 96 39 50 151
614 160 43 47 132
400 280 36 57 186
-863 104 41 45 169
56 173 35 44 194
-118 111 50 43 197
801 80 47 58 136
947 423 39 43 116
-720 92 57 54 183
305 422 48 52 192
-606 61 62 45 189
161 254 45 60 141
20 258 50 61 190
-119 65 45 41 151
277 72 49 45 171
-653 407 53 57 135
76 295 40 64 191
-265 201 65 65 151
727 332 54 41 192
900 212 44 40 115
394 234 62 50 127
-548 26 42 64 120
39 266 57 63 170
982 271 53 54 159
-571 324 41 45 101
654 190 66 49 159
844 85 39 34 148
-864 361 54 44 114
89 335 65 51 117
-959 97 51 48 163
-860 1 47 48 114
-841 52 43 42 127
440 216 62 62 195
-924 153 65 53 142
917 396 65 65 145
918 22 39 41 157
-8 199 64 50 169
-125 185 43 43 163
159 367 35 66 166
-622 332 55 60 173
694 57 37 47 131
-436 10 50 50 193
486 111 59 53 120
582 265 47 56 150
-385 412 65 57 160
-399 14 48 64 158
-458 133 55 54 132
298 298 46 47 195
-335 56 40 65 200
540 371 42 54 186
-522 300 45 65 137
304 334 58 62 187
-575 349 51 38 152
473 296 64 64 148
-706 161 35 35 102
-263 239 34 45 197
510 216 51 43 138
871 319 42 49 143
180 133 46 57 162
-290 103 52 42 191
868 232 53 49 177
-271 95 52 36 199
-885 383 41 54 171
-381 241 44 43 197
-70 70 49 66 113
775 363 48 39 114
644 134 35 56 194
158 13 41 58 123
239 218 51 46 189
-959 204 44 53 174
243 51 54 53 134
325 239 45 51 200
-745 240 63 38 153
-316 272 54 37 109
363 315 47 56 190
295 125 46 41 155
508 266 52 50 185
478 214 42 60 139
-450 210 45 44 138
-717 402 44 59 136
564 56 64 41 155
-792 199 45 57 153
1000 236 45 49 195
422 419 60 45 160
-980 267 45 57 137
-829 130 39 53 143
119 278 53 37 192
-170 181 50 45 114
-485 368 45 42 183
585 148 57 64 200
217 66 45 55 134
-713 329 48 52 185
979 8 55 66 195
684 113 48 43 174
703 73 59 53 166
-954 422 44 34 151
237 213 58 46 183
982 315 50 47 149
-265 9 43 38 114
-766 113 65 42 196
-740 368 38 50 171
-29 342 45 46 114
566 158 57 44 197
-164 235 56 49 132
629 38 56 56 158
258 165 49 36 196
-200 70 61 49 176
648 350 54 40 172
977 337 37 38 144
-524 125 61 40 103
174 29 44 56 143
776 309 62 54 200
907 403 34 53 118
-487 4 37 40 121
-940 144 36 46 158
46 415 52 50 138
-157 86 55 51 165
-850 364 46 43 109
922 69 42 43 146
-336 143 50 65 162
-470 264 34 56 180
404 225 49 37 163
-592 304 66 59 103
639 395 65 37 189
-56 131 44 41 181
447 93 65 55 118
374 2 46 60 107
-326 407 44 65 161
601 50 36 51 159
761 261 53 46 187
461 283 59 39 164
923 14 42 66 112
951 286 58 41 175
389 58 43 56 107
11 374 59 47 119
61 364 64 65 166
361 406 64 41 109
-624 5 58 60 128
-521 180 61 42 146
672 122 59 37 188
84 397 63 36 138
807 79 48 39 196
-283 65 54 59 108
707 126 43 41 153
-785 318 35 40 152
670 75 48 57 193
-112 372 55 54 188
-972 237 46 37 192
-973 20 34 45 185
31 371 62 47 158
-39 323 35 49 104
-512 72 38 35 106
436 365 50 52 101
499 164 49 43 140
17 139 46 57 129
920 65 58 45 155
88 302 64 35 187
782 38 40 44 146
-996 166 36 62 129
-308 104 49 52 124
-216 376 45 44 124
-679 203 60 55 115
315 222 63 61 156
542 367 41 38 178
-766 320 42 43 192
608 83 35 60 181
704 62 50 60 119
67 422 54 40 133
34 133 63 54 118
266 243 57 58 102
693 169 47 58 134
709 162 47 52 101
880 99 61 59 198
924 255 51 41 163
-734 227 36 59 194
-562 248 60 37 142
880 165 60 60 189
-389 362 54 60 130
653 3 61 52 120
904 154 41 65 152
-620 416 63 46 141
-333 24 43 52 182
-423 371 60 44 188
-754 4 61 61 129
811 419 51 40 163
523 350 54 51 166
724 239 61 57 137
-994 302 63 38 107
293 67 46 55 147
917 231 58 39 154
-419 98 49 39 114
300 38 64 39 170
948 12 35 36 106
68 220 40 53 153
-855 87 38 56 195
-661 41 59 58 168
75 226 48 34 115
603 271 36 65 135
343 195 60 34 131
-737 77 52 60 117
888 14 37 54 137
-87 19 43 37 156
-399 328 49 63 167
223 125 55 63 185
-183 397 34 50 125
989 227 36 59 104
-739 317 62 40 195
967 162 54 56 112
-148 75 49 60 149
-446 269 56 41 175
770 338 36 37 195
208 218 36 63 176
-312 30 52 63 164
-79 258 51 46 169
813 393 65 55 121
777 360 40 48 143
366 173 48 62 152
362 165 54 42 109
501 319 64 38 111
-784 63 47 62 128
-493 263 41 64 154
758 382 46 43 130
142 0 47 60 168
281 388 65 61 138
147 129 54 39 110
-236 137 39 53 146
-32 361 57 61 168
984 383 41 53 144
491 272 39 53 168
790 320 42 53 167
188 392 46 49 146
211 237 57 42 126
-967 382 52 38 198
455 49 57 55 114
-632 294 60 34 182
-284 109 62 55 169
-796 112 53 51 123
921 389 40 50 116
-761 205 37 43 112
493 349 51 62 177
-328 397 64 42 112
-155 150 50 54 193
626 174 58 36 187
904 64 50 53 177
666 97 39 42 191
778 36 35 46 103
-812 170 59 35 102
640 22 39 41 200
560 400 36 54 194
-649 60 45 42 134
968 120 46 60 173
-505 80 65 49 168
752 143 47 46 163
748 29 63 41 194
-356 15 42 53 197
406 181 54 63 153
-361 420 66 62 142
261 256 43 60 178
9 346 47 42 192
-708 310 39 55 114
-379 23 50 62 194
206 123 34 66 192
-275 385 57 41 163
917 363 34 66 193
348 145 43 53 133
994 226 66 37 132
943 303 56 54 165
843 343 45 63 164
-144 169 34 54 139
466 19 37 54 113
-878 15 43 66 181
-442 398 55 36 140
603 62 52 45 171
112 292 54 44 199
45 368 65 36 152
826 209 51 47 115
-5 327 53 37 126
662 138 53 52 152
667 288 51 52 101
-709 75 36 38 109
186 79 42 56 112
-775 120 51 43 185
692 382 47 58 150
-238 268 36 65 105
-912 405 35 44 200
-426 130 53 43 197
-28 312 34 59 111
949 31 52 61 177
590 321 46 57 200
-630 349 56 53 140
558 28 36 54 194
400 362 49 63 160
390 345 48 37 130
-252 220 54 47 183
107 186 48 58 132
-386 161 54 39 137
269 266 36 38 111
-41 90 50 60 196
