605
386 95 84 53 3
1000
-801 475 49 60 68
-757 46 55 42 75
-840 431 49 37 74
-859 273 40 40 90
-829 360 56 37 69
-722 491 39 54 64
-722 37 39 52 77
-866 38 37 51 72
-783 204 43 54 72
-705 281 52 53 59
-897 403 42 37 78
-708 80 36 41 80
-728 381 49 54 63
-886 324 52 52 78
-848 164 41 51 67
-848 199 43 38 60
-801 491 59 57 74
-866 421 51 37 66
-818 292 46 54 69
-891 456 58 51 64
-796 202 44 42 59
-743 57 45 57 73
-889 198 40 58 62
-732 184 45 41 67
-833 141 58 50 57
-738 267 55 42 51
-869 123 36 51 55
-817 498 53 50 80
-879 242 42 40 80
-758 95 36 55 68
-878 108 40 41 88
-861 4 49 41 82
-896 465 42 57 62
-858 412 52 39 65
-728 120 46 36 81
-769 84 60 54 82
-896 147 43 57 58
-868 303 58 59 53
-819 466 55 58 62
-881 29 53 59 86
-754 477 52 53 61
-865 374 47 59 52
-856 257 48 60 65
-811 194 39 38 79
-788 497 54 59 51
-886 289 56 55 82
-782 347 57 42 63
-781 377 52 38 87
-751 90 53 42 83
-789 205 52 60 73
-700 373 37 51 85
-877 64 41 58 77
-850 428 58 38 51
-782 207 57 44 61
-888 231 40 56 77
-861 64 55 38 54
-721 482 49 36 64
-710 504 38 51 62
-731 15 46 40 81
-858 315 53 51 82
-892 65 52 37 90
-768 348 59 50 73
-875 251 48 47 65
-895 423 44 59 72
-717 182 52 39 61
-862 420 42 46 66
-820 460 39 52 87
-894 79 54 39 63
-720 47 59 53 82
-890 353 42 57 82
-879 336 52 47 64
-848 118 46 38 89
-769 358 55 41 60
-708 370 47 55 81
-809 395 39 51 79
-828 173 41 59 53
-818 460 57 39 71
-884 395 46 59 56
-866 290 56 50 82
-732 114 57 51 57
-753 407 41 60 76
-843 108 59 60 54
-715 235 52 38 71
-871 150 57 37 66
-753 177 54 55 73
-868 268 51 49 84
-739 480 54 43 71
-893 129 39 57 65
-740 94 48 42 68
-805 281 55 48 71
-793 259 57 40 81
-709 73 60 42 68
-841 172 56 47 78
-797 37 43 49 89
-731 391 58 40 90
-780 411 60 41 62
-863 386 53 55 68
-864 505 36 43 52
-806 201 60 42 73
-887 37 60 60 60
-729 446 44 60 58
-807 35 58 36 52
-708 301 55 59 64
-891 215 40 50 85
-768 425 45 36 73
-830 67 47 50 71
-812 332 54 55 69
-752 465 40 60 68
-778 94 43 53 64
-814 353 60 50 84
-891 131 39 60 80
-889 402 57 59 61
-813 244 60 37 64
-834 429 60 43 60
-895 353 58 48 85
-788 374 44 36 89
-892 417 53 59 71
-736 299 56 46 81
-888 301 44 44 57
-881 462 60 58 88
-862 356 53 50 63
-839 45 41 40 66
-873 324 37 54 58
-834 63 50 50 82
-719 437 58 39 64
-766 135 42 56 64
-762 43 55 59 72
-793 76 56 43 89
-810 334 36 55 89
-742 59 58 59 89
-756 384 40 38 65
-757 265 40 48 79
-796 434 55 51 60
-712 446 54 41 54
-823 137 43 50 82
-810 50 39 39 86
-860 192 59 42 88
-819 178 54 59 89
-882 277 46 38 55
-831 490 57 54 66
-866 227 40 58 65
-751 500 49 47 64
-763 17 56 52 75
-872 30 56 58 79
-711 451 57 59 74
-756 223 56 48 73
-858 493 36 51 52
-805 173 59 57 88
-760 419 48 59 75
-895 157 42 42 89
-700 299 54 45 71
-805 435 45 56 86
-788 110 36 50 86
-892 172 45 45 69
-704 174 60 45 82
-797 311 47 58 72
-842 140 54 49 61
-853 230 49 42 67
-837 55 58 36 87
-729 118 56 45 76
-787 163 49 58 78
-818 483 56 60 69
-870 404 47 45 53
-779 453 54 54 74
-718 274 55 58 71
-811 322 41 57 51
-751 402 39 36 56
-858 339 54 40 73
-711 206 56 59 76
-867 339 48 37 69
-817 256 41 46 90
-862 185 58 60 57
-794 411 38 46 62
-772 211 49 43 57
-857 118 37 55 82
-754 245 49 46 52
-789 280 57 40 63
-778 462 54 40 71
-829 165 46 44 73
-704 239 40 39 65
-767 383 44 47 73
-769 253 51 60 62
-827 423 45 36 68
-743 366 43 36 79
-784 373 60 50 61
-823 123 60 37 82
-712 126 50 36 60
-741 425 57 49 89
-801 429 41 41 71
-735 307 43 38 84
-813 53 39 44 90
-816 398 50 51 52
-792 484 44 37 88
-874 169 49 40 69
-739 233 49 53 87
-712 273 47 47 58
-713 306 58 37 76
-774 282 59 50 89
-877 101 38 44 65
-847 347 36 48 82
-728 173 40 47 66
-880 305 52 36 68
-739 402 59 48 72
-732 125 42 47 54
-841 497 48 59 75
-876 162 48 57 84
-803 419 54 45 63
-767 463 49 44 72
-825 235 56 57 83
-785 173 49 37 82
-856 321 48 52 86
-869 366 48 36 57
-716 33 36 51 75
-703 475 43 58 62
-770 66 38 38 69
-811 504 57 50 71
-815 118 55 58 71
-771 74 52 51 53
-744 244 42 58 52
-755 0 59 53 67
-819 491 43 44 52
-827 110 48 59 89
-856 272 55 43 62
-802 80 48 50 76
-749 490 58 46 74
-900 369 60 43 77
-895 27 42 58 68
-713 96 58 54 59
-711 170 57 46 57
-716 47 42 43 59
-756 240 59 55 63
-773 130 40 41 60
-832 185 51 49 86
-710 288 41 56 69
-740 199 39 50 70
-756 319 53 47 53
-772 97 36 45 85
-819 263 37 60 76
-745 367 55 43 86
-856 54 58 40 86
-893 162 43 50 73
-732 445 41 55 71
-801 497 47 60 73
-754 40 50 53 85
-843 60 46 56 87
-869 135 51 41 75
-734 193 45 43 85
-810 96 60 51 67
-727 63 58 50 82
-872 336 56 42 59
-843 284 37 46 54
-856 369 52 54 73
-723 459 54 59 80
-766 230 51 52 77
-741 280 48 44 86
-776 365 56 53 89
-726 25 57 52 90
-711 302 36 41 73
-750 180 60 49 81
-862 407 37 50 89
-801 289 47 53 89
-790 148 52 56 78
-759 330 50 55 86
-770 168 39 59 75
-757 314 44 47 68
-757 288 51 40 58
-703 245 56 55 89
-710 11 44 47 90
-737 60 56 51 71
-818 263 39 48 77
-875 146 39 51 60
-818 193 58 39 58
-755 83 50 38 79
-709 56 55 53 74
-822 65 49 44 60
-865 453 42 45 79
-784 288 37 52 64
-871 490 57 38 83
-823 380 38 50 81
-889 250 59 52 55
-751 318 53 52 56
-765 389 50 45 64
-888 416 57 46 78
-878 263 53 38 62
-872 305 48 42 61
-753 186 45 55 68
-747 378 42 56 63
-870 201 59 52 78
-788 1 56 46 66
-845 188 42 48 68
-900 102 50 56 81
-779 244 50 48 89
-843 23 54 59 88
-845 338 43 48 52
-755 184 36 37 59
-784 454 46 52 84
-821 47 53 41 80
-829 389 48 53 72
-775 342 60 48 83
-756 209 48 37 81
-898 378 44 55 85
-703 484 44 51 51
-833 365 38 37 85
-898 339 60 52 57
-888 212 58 60 87
-816 403 56 41 79
-727 141 46 38 53
-701 85 50 39 60
-706 19 57 48 83
-826 267 49 41 73
-777 92 39 59 60
-815 484 43 50 62
-833 48 58 45 86
-727 93 56 38 56
-768 69 46 60 71
-823 250 40 46 79
-707 227 59 51 89
-746 429 47 49 90
-732 501 42 44 76
-834 136 51 54 63
-747 193 55 48 55
-862 194 47 59 75
-743 212 42 41 79
-707 331 45 46 52
-778 40 48 53 58
-765 296 54 60 67
-760 335 53 40 90
-724 353 56 54 74
-800 379 45 45 61
-771 149 60 56 66
-713 453 47 41 65
-769 302 44 44 86
-769 55 50 41 75
-801 272 41 53 58
-741 92 39 36 84
-759 312 39 54 70
-895 327 59 36 54
-739 28 36 58 65
-726 352 58 36 78
-821 303 39 39 63
-761 505 57 55 58
-881 1 57 43 81
-757 161 52 46 75
-759 431 45 51 52
-839 445 59 41 88
-728 418 54 42 86
-879 1 55 60 63
-866 142 58 52 80
-806 159 48 42 79
-792 408 51 50 76
-888 362 59 47 74
-801 7 45 45 81
-770 442 42 37 69
-792 47 51 44 81
-778 332 60 46 89
-829 247 38 57 89
-899 433 39 59 76
-821 233 43 40 70
-730 152 37 39 86
-883 443 52 60 89
-874 167 43 56 72
-769 234 58 58 85
-741 350 51 49 72
-807 269 57 43 52
-749 126 49 40 70
-766 356 59 38 63
-799 455 39 48 62
-763 474 52 48 69
-848 376 37 36 79
-809 217 42 53 53
-894 377 53 60 77
-761 390 60 39 54
-743 229 38 36 83
-756 60 51 50 56
-812 259 57 44 66
-887 433 59 50 86
-702 17 41 46 65
-722 294 52 48 87
-842 457 36 48 65
-720 40 50 53 62
-753 177 45 51 51
-776 472 44 38 60
-898 452 41 59 85
-829 465 57 47 55
-768 91 57 45 79
-789 459 60 39 52
-715 158 45 38 81
-704 213 49 36 83
-772 418 57 38 89
-737 420 44 50 56
-766 457 45 56 60
-841 314 56 44 70
-892 475 59 38 61
-855 252 42 42 53
-874 181 54 53 90
-878 27 57 47 81
-860 370 44 39 81
-733 396 45 42 60
-713 127 60 53 54
-882 352 38 45 83
-773 8 43 52 80
-886 110 40 42 70
-889 219 47 46 52
-880 408 56 51 60
-842 231 58 40 57
-878 41 49 38 64
-793 27 53 42 68
-872 142 44 47 55
-780 174 47 38 71
-819 301 41 58 87
-708 449 46 50 73
-759 246 55 48 67
-869 362 50 39 82
-759 6 37 43 80
-713 427 45 44 72
-816 270 43 38 61
-843 479 51 37 83
-809 81 41 48 77
-807 199 56 37 77
-895 31 41 53 86
-774 299 56 51 54
-839 370 45 57 88
-870 247 41 41 71
-830 215 46 53 52
-841 386 45 36 64
-839 445 51 38 77
-893 320 54 42 69
-897 222 36 57 87
-725 58 42 48 65
-782 191 44 58 63
-892 483 51 41 57
-754 62 42 37 75
-755 3 60 42 59
-740 111 41 53 90
-786 454 55 38 73
-759 231 40 43 60
-834 497 44 45 65
-731 485 51 38 63
-812 476 60 52 69
-705 143 40 57 51
-801 108 59 53 84
-722 131 52 60 81
-734 375 50 50 83
-702 441 51 47 84
-810 380 59 41 63
-720 415 45 42 90
-825 112 57 44 79
-709 210 56 60 80
-778 350 45 53 75
-765 342 56 37 59
-862 163 60 44 88
-803 112 40 55 53
-771 193 60 45 77
-755 226 59 40 63
-808 8 36 55 52
-786 340 53 56 56
-895 299 50 57 52
-756 97 59 56 58
-753 451 54 39 51
-752 498 46 45 84
-714 265 39 36 64
-714 204 37 36 59
-817 105 54 53 74
-893 272 41 44 58
-897 269 54 53 61
-813 440 37 49 82
-804 461 52 51 63
-822 346 54 54 84
-818 140 50 60 62
-759 377 44 58 88
-740 476 49 58 82
-785 475 51 44 55
-882 119 51 54 69
-714 274 45 36 74
-829 116 45 54 52
-851 160 45 39 60
-819 381 47 50 62
-799 294 37 59 56
-765 240 48 54 87
-781 264 46 36 60
-721 493 36 60 84
-705 414 38 60 88
-850 237 41 56 53
-700 335 59 47 86
-771 86 57 55 84
-858 37 51 55 74
-723 54 38 58 54
-864 163 38 54 77
-866 74 49 39 87
-727 458 37 48 56
-895 217 46 37 58
-754 64 42 56 82
-818 136 38 42 84
-841 354 46 56 60
-841 172 40 43 54
-872 77 55 46 51
-838 425 54 48 82
-860 243 39 60 85
-711 238 49 47 74
-771 84 46 38 86
-899 262 59 37 68
-729 81 49 57 63
-794 494 50 45 86
-748 328 57 45 54
-885 451 47 59 53
-801 330 39 43 77
-741 129 50 45 54
-839 61 44 51 81
-749 432 60 38 76
-893 335 50 42 78
-853 13 55 57 76
-846 344 49 58 51
-724 199 39 60 74
-704 481 59 41 73
-819 420 44 58 66
-825 316 40 47 83
-762 382 56 54 79
-899 132 41 44 62
-811 83 47 42 82
-836 309 59 51 64
-779 98 42 55 83
-884 260 58 59 58
-712 358 50 55 85
-784 34 56 60 70
-737 368 37 60 80
-837 477 36 48 62
-751 353 38 45 88
-765 162 44 52 74
-733 398 51 36 78
-784 360 37 42 61
-761 119 57 42 69
-778 144 44 37 56
-758 193 44 46 87
-748 85 42 48 80
-772 419 58 48 78
-829 32 52 43 53
-882 420 58 41 90
-805 382 59 45 55
-706 458 45 53 78
-739 99 41 43 62
-788 495 58 40 76
-892 415 60 41 62
-764 374 55 56 57
-894 191 41 57 60
-716 400 57 56 56
-841 37 50 55 73
-889 48 43 49 90
-759 200 57 60 57
-777 469 50 45 56
-741 490 44 57 77
-786 65 49 45 83
-702 5 46 42 67
-759 492 50 52 61
-815 389 45 51 69
-805 440 56 51 71
-790 379 51 37 84
-765 102 58 48 73
-859 253 58 58 77
-759 439 38 48 85
-779 407 37 41 52
-893 231 50 43 76
-803 311 36 48 71
-813 458 42 43 62
-857 118 48 53 76
-827 0 51 39 60
-786 86 39 57 63
-724 406 38 38 54
-720 427 43 51 79
-826 470 46 37 86
-864 498 39 48 76
-783 478 55 36 64
-835 22 60 52 62
-761 315 59 52 82
-884 368 36 52 53
-898 389 57 36 74
-776 67 43 41 88
-887 239 43 50 59
-832 16 45 52 85
-801 423 43 47 73
-881 181 39 37 84
-752 76 38 46 61
-834 369 58 37 69
-721 409 36 59 86
-744 99 38 53 69
-789 128 59 38 64
-775 127 46 53 77
-871 377 48 48 62
-885 272 46 43 56
-774 315 50 54 73
-720 443 45 42 78
-874 427 42 40 64
-718 422 36 49 60
-875 502 41 54 81
-847 230 45 52 54
-840 135 37 36 72
-880 294 36 36 79
-889 11 36 37 78
-762 159 45 53 80
-723 290 41 43 73
-805 224 40 60 65
-767 25 59 42 54
-833 191 47 52 88
-706 422 48 39 80
-729 51 50 52 79
-776 334 49 56 58
-893 93 45 36 56
-770 175 60 55 68
-845 252 52 54 69
-800 427 45 42 80
-860 361 41 57 81
-807 478 59 44 74
-701 281 42 40 56
-891 149 59 56 81
-730 448 58 59 57
-773 95 56 43 78
-726 475 37 49 71
-817 259 42 45 73
-713 41 40 47 77
-882 37 44 43 77
-823 43 46 58 54
-846 439 41 38 86
-788 232 52 39 76
-875 166 51 52 78
-758 191 43 54 55
-746 258 58 42 65
-792 109 42 55 71
-812 4 36 58 87
-878 403 57 39 69
-794 212 60 37 65
-827 55 53 41 56
-866 82 47 57 84
-832 204 39 49 78
-827 159 38 40 62
-896 127 58 43 78
-730 282 36 51 82
-844 87 48 38 83
-750 258 53 38 65
-776 468 36 36 90
-804 84 36 36 75
-849 97 36 44 63
-778 326 43 44 64
-796 331 55 46 57
-710 262 58 51 51
-869 204 55 42 89
-891 294 51 40 88
-705 111 45 41 53
-877 243 53 58 88
-800 100 43 53 64
-754 312 39 54 69
-714 379 56 60 66
-760 46 58 39 72
-893 15 52 59 58
-757 456 41 38 76
-782 346 51 51 90
-785 500 42 50 66
-844 165 48 44 80
-746 468 40 49 64
-892 220 39 46 62
-762 112 38 39 79
-893 458 56 52 74
-849 268 47 50 73
-713 417 41 38 90
-830 112 38 47 74
-829 323 54 47 74
-827 448 36 55 89
-766 72 50 36 59
-826 397 43 47 59
-748 124 60 40 63
-834 234 42 57 74
-720 72 37 45 71
-739 174 56 38 74
-733 244 52 50 56
-755 417 40 59 74
-724 86 43 42 72
-845 493 44 49 63
-754 380 48 41 67
-872 26 51 54 63
-806 448 39 38 78
-782 245 42 36 64
-704 222 57 38 89
-813 289 37 47 78
-705 308 44 48 80
-729 170 46 48 82
-840 292 44 55 88
-861 272 41 50 69
-702 89 40 44 70
-750 350 44 54 81
-750 209 58 46 68
-859 332 43 60 57
-719 269 45 51 86
-894 337 37 60 68
-851 211 45 52 66
-764 267 49 45 59
-737 349 60 50 74
-760 169 38 55 88
-800 381 41 48 66
-762 450 43 46 76
-759 463 53 47 74
-731 427 40 37 69
-866 190 57 55 56
-760 453 55 52 65
-741 145 60 44 75
-846 480 53 47 54
-897 354 45 41 55
-900 345 48 42 80
-713 351 53 47 90
-802 498 58 56 58
-867 391 59 60 74
-763 375 60 55 73
-815 172 57 59 62
-809 416 54 59 89
-818 414 39 58 72
-731 77 57 58 88
-884 7 36 48 66
-720 478 50 41 89
-847 307 46 55 75
-873 199 57 44 55
-750 234 53 37 68
-894 333 55 47 55
-864 457 56 55 62
-798 389 57 60 82
-870 311 38 50 68
-861 9 45 42 66
-796 465 38 49 65
-890 235 53 54 90
-851 373 42 45 76
-758 378 42 53 81
-757 275 43 43 89
-842 35 54 45 84
-705 26 48 48 56
-754 363 49 47 77
-774 154 53 43 56
-740 246 36 52 90
-824 187 53 51 82
-707 332 59 55 82
-703 360 41 38 69
-869 144 43 42 72
-779 149 53 57 61
-704 478 57 42 88
-893 354 48 60 58
-845 47 39 43 82
-837 499 42 54 83
-892 450 60 53 63
-857 410 53 55 72
-744 219 58 55 65
-808 202 48 57 69
-742 108 56 60 64
-700 460 38 38 73
-900 301 41 53 61
-731 82 54 56 86
-750 412 54 38 55
-731 399 44 56 82
-752 418 56 42 69
-726 164 59 48 68
-732 140 56 52 85
-845 454 45 46 90
-888 460 41 42 75
-870 226 45 40 60
-852 406 55 58 82
-796 234 57 37 67
-715 208 59 51 58
-872 485 44 36 89
-867 81 58 39 64
-830 397 56 54 60
-740 212 56 56 58
-881 115 39 45 56
-754 143 42 38 83
-848 416 56 42 88
-717 257 53 59 76
-704 60 60 36 51
-874 51 44 45 61
-761 350 47 49 70
-788 267 58 60 54
-895 481 57 43 72
-891 394 58 55 55
-821 146 36 39 78
-738 500 58 40 83
-852 278 55 51 68
-725 312 55 48 75
-712 192 36 46 76
-829 266 50 51 60
-708 218 51 59 65
-868 354 37 52 69
-826 330 47 36 69
-784 253 45 51 87
-728 57 45 46 58
-748 478 60 36 65
-743 225 39 36 75
-762 325 45 49 56
-734 239 45 40 86
-718 410 39 48 54
-748 6 44 39 61
-868 57 48 54 77
-887 234 48 45 80
-873 259 50 54 72
-833 5 44 43 88
-803 346 47 39 84
-839 333 57 53 66
-869 139 52 59 76
-880 496 46 48 68
-754 85 44 39 80
-700 323 42 49 81
-786 356 37 55 69
-892 45 51 55 84
-823 301 43 50 90
-714 443 56 58 73
-898 479 41 45 61
-748 229 42 43 69
-803 192 58 44 59
-785 402 45 56 69
-718 225 40 36 62
-776 52 44 50 58
-751 69 54 36 86
-774 346 41 43 74
-884 195 53 37 78
-882 171 57 56 58
-893 31 37 54 67
-762 212 40 49 89
-845 106 41 47 90
-808 75 52 51 78
-771 398 52 52 79
-795 379 48 57 79
-793 56 58 39 90
-780 279 37 41 75
-802 286 46 44 72
-771 412 56 54 90
-795 490 37 41 58
-870 285 53 40 55
-847 71 37 54 85
-749 407 50 59 90
-839 380 37 51 58
-878 30 44 36 67
-787 154 45 48 90
-715 244 45 48 66
-894 86 60 50 84
-811 61 44 37 78
-884 495 44 44 65
-807 208 46 53 74
-811 270 47 39 76
-753 428 48 42 58
-820 223 46 47 77
-702 28 53 57 58
-705 36 58 42 69
-834 392 43 37 53
-853 498 54 42 89
-883 59 57 56 84
-880 254 43 40 78
-844 486 55 52 69
-831 69 47 50 71
-797 310 53 37 53
-774 40 53 56 84
-809 360 37 44 89
-788 91 38 43 59
-850 242 42 44 58
-720 39 56 50 57
-818 13 41 51 87
-794 352 37 60 62
-816 452 57 52 75
-850 448 37 55 67
-895 151 49 41 63
-813 85 43 38 63
-880 122 48 43 62
-736 6 60 52 64
-787 499 56 40 52
-772 13 49 38 76
-842 147 55 56 67
-712 391 60 46 86
-758 414 53 42 90
-735 442 58 43 64
-834 503 58 50 87
-742 200 36 58 64
-831 355 47 46 56
-890 107 55 57 61
-741 78 47 46 55
-830 229 52 50 76
-722 255 60 45 74
-790 13 57 48 81
-852 405 41 51 83
-794 199 53 50 72
-788 193 42 59 51
-794 261 37 45 53
-740 157 36 48 84
-744 330 53 45 67
-789 134 43 36 62
-755 505 44 58 57
-882 323 53 55 58
-795 404 46 49 56
-872 165 50 40 72
-728 392 56 54 52
-722 442 49 56 70
-836 437 38 38 69
-785 132 50 43 83
-737 64 47 45 72
-821 99 54 53 73
-894 116 51 40 83
-899 204 39 54 80
-759 7 56 37 75
-775 220 56 39 64
-880 159 53 55 79
-852 104 40 56 66
-788 122 46 49 81
-839 267 49 40 76
-851 75 53 40 55
-891 470 42 54 75
-756 163 40 58 86
-895 498 55 56 89
-845 255 43 55 63
-732 289 48 51 85
-728 41 56 38 80
-865 49 43 39 59
-732 120 47 46 57
-812 190 38 41 64
-795 440 46 52 66
-852 248 59 45 80
-808 450 37 39 59
-778 42 60 55 58
-774 56 46 38 67
-764 218 56 37 85
-757 118 53 51 82
-728 102 53 51 71
-705 484 44 58 78
-891 256 51 44 64
-862 19 42 41 78
-848 1 59 50 86
-824 17 42 58 51
-729 301 55 36 55
-899 158 39 49 55
-854 19 42 54 85
-828 223 38 42 59
-760 304 47 38 68
-842 268 44 39 84
-802 293 49 40 83
-882 141 49 60 74
-899 423 45 50 70
-768 206 55 51 82
-813 104 36 45 80
-814 9 60 51 69
-705 388 44 36 68
-713 252 42 55 74
-847 74 38 41 90
-714 208 50 38 60
-701 495 45 48 64
-776 319 50 41 52
-884 300 55 50 54
-875 107 52 60 66
-816 234 52 59 77
-818 496 37 46 64
-741 491 52 40 89
-708 195 39 38 79
-766 274 36 38 54
-708 6 51 44 68
-705 316 52 40 74
-739 219 53 59 63
-861 69 54 44 61
-791 78 46 41 88
-886 330 36 46 62
-893 115 41 47 77
-839 205 38 58 85
-845 53 38 42 79
-780 382 46 60 63
-878 271 44 48 88
-746 315 55 36 76
-745 214 48 41 71
-732 100 48 56 57
-760 35 48 44 86
-887 182 46 37 64
-783 201 47 45 71
-778 295 53 38 66
-759 245 43 58 78
-717 170 43 39 84
-782 329 56 48 81
-839 209 52 56 85
-770 78 47 60 72
-719 408 51 54 78
-881 68 40 49 78
-721 6 40 56 59
-850 375 53 41 64
-775 323 60 37 57
-775 365 58 52 86
-722 365 47 54 63
-703 94 58 55 57
-813 253 59 58 66
-740 26 42 48 74
-712 33 37 41 60
-818 246 52 38 61
-712 334 54 51 57
-763 252 57 49 89
-821 358 37 55 77
-876 376 44 53 65
-701 339 59 43 69
-800 294 46 43 87
-708 243 46 39 73
-760 185 39 51 61
-729 52 58 47 68
-768 370 40 55 85
-845 18 36 40 72
-825 329 38 46 58
-771 232 51 46 78
-875 444 53 54 74
-722 91 47 42 86
