1000
512 3801
7818 -3433
-8048 1014
-1289 5865
6072 -4563
5913 -7926
6846 4130
-5350 -8256
-6107 3455
-2017 9892
-7268 -7799
1998 -8009
1102 -2660
918 -2663
-5014 3403
474 -9780
7949 465
4534 -7825
-7918 -6175
-6931 -1571
4800 -1679
-2979 -9784
938 -913
-1948 -2626
4620 -8339
6204 2804
1954 -4039
-5932 -213
1396 5700
-3497 -542
6671 5730
5655 -1456
-6549 -1393
-9383 -7695
748 8185
5838 -5874
-1944 -2922
-6829 1940
-5167 -9066
3638 6148
-8696 -6421
3208 -1207
-1063 2491
-7736 5566
-8844 -1303
-5728 -6040
9508 -5877
2998 5881
1416 7290
-6761 -1819
3449 4269
-3655 7260
-3325 1409
-6079 9020
-1225 -159
-2292 9801
6466 5992
9197 2763
6871 208
684 5043
-9030 -3488
1411 9444
-8902 3990
-3712 6048
9742 6475
-8009 2237
-2390 -4314
9656 63
-8249 590
-718 8883
237 3370
-460 1848
-3506 1476
9156 -9627
-2268 -3651
2440 2100
1540 -7244
-7093 8597
-5355 1099
-3140 -5085
1909 8892
-7813 9315
-3047 -1720
8369 -919
-26 7156
1110 -3576
3039 -2883
9713 -6620
7317 9176
1402 -5998
6971 -4352
-1343 -8047
-3243 -5405
9792 4160
-8608 -613
-5571 9820
-4981 4540
-7697 1979
4341 3508
-1241 1110
7193 6636
-1180 2201
-9747 -372
8508 6038
1729 7846
-780 8051
4475 9047
2166 -9962
-6026 1810
9933 -5113
-8396 -325
-1159 9286
-3420 5246
3942 -1908
-3861 -591
4524 -9686
-5850 6604
108 -9027
-3770 -3288
14 -2272
3020 1174
-7203 5939
-3549 8956
1006 -3392
1667 -4699
8859 1254
4096 3009
7384 4458
8882 -9552
805 -3773
3905 9633
6958 -3465
1385 8052
871 7790
-5038 -7639
270 6922
4219 2579
-3177 -304
811 -800
-6638 3332
4292 816
2912 3955
-6628 1189
6739 4333
-6727 495
-3527 5900
3858 -5994
6688 5702
-909 -1605
-5671 4417
-3824 -1872
-530 8293
2243 1354
3493 -9695
-4208 6860
-3962 -6712
-2898 -9053
8924 -2025
-3523 -5521
-905 -9635
-3080 1388
7476 9355
3677 -7712
-3038 -3452
5903 5895
-1120 -1569
-840 2607
2165 -4226
-9784 -8220
7226 -4464
-1178 5071
9010 -7284
5590 7486
6239 -4055
-3938 7445
1976 -1631
-9370 5415
-7394 -4379
810 -4499
814 2002
1493 1735
1659 1488
5481 -632
-5907 -8154
5863 -7576
2230 -7759
-437 9822
-9742 -1044
6 -8212
-3821 3361
1997 -8976
8041 5144
8215 2305
-9908 7516
9265 7894
7221 -806
2039 -9034
-6598 3512
1989 5223
-5561 9348
6900 -1369
7128 4992
1792 6780
6227 -6366
4280 -8200
6654 1687
-1960 -9814
-6054 -7850
6698 -6295
-9003 -490
-8133 -727
5102 -5627
5311 8786
3659 -4632
2723 3005
4488 -7914
-8654 1016
-7802 333
7373 -7896
2781 4600
-9752 3601
6764 8440
8217 -7300
-3369 -9788
4340 -3206
1653 1112
8451 -5989
3746 -1230
6549 7996
7768 2334
-9139 -5335
-5260 5182
-5395 7392
-7714 1323
2549 -5538
-3090 -5503
2551 -9481
3761 -5073
-4312 -3961
-4135 2645
-498 -3681
3717 3675
6706 9029
-2880 -4353
9996 5771
6288 -3013
7485 -3436
-8328 6990
-3440 920
5114 -198
-2507 7306
2427 7859
-2783 1908
-3482 5153
6457 533
964 -823
-112 2062
1860 -1246
-3119 5197
-6310 7135
7502 186
6413 5684
-1008 -1433
-8205 -5517
-9422 4959
2703 4285
-190 -6487
1516 7625
-4887 7154
1118 741
5556 6681
-414 -6566
8906 2173
-2079 -1029
7753 -1586
-7562 3409
9075 9791
-4149 3286
8528 -8154
-459 -7450
-7710 6921
1692 5576
4546 5411
2842 3671
-8611 -2289
-533 -7852
-3321 120
927 -7411
-7829 -6924
127 -3533
-2410 -5674
2995 -4619
482 -785
-6435 -1311
-7416 -4625
1761 1851
505 -9778
2105 7792
9777 5994
4114 7045
3519 -3987
-1377 -7818
4537 -8083
-4125 -8485
3928 -781
186 -8693
-4759 413
3608 -1426
9093 1783
9259 1166
-4435 -2834
6502 -565
-3487 6181
-5208 -1510
8711 -9818
-8560 -6124
7893 -8992
604 6956
1565 -4651
-3309 5618
1043 4267
-4796 -9968
7378 -4811
424 -3225
-9744 -7199
4839 4011
9057 -5326
7247 -8593
-4483 6551
-5014 9322
6903 2620
-3369 6173
1051 6606
8020 -4332
-7275 1724
1081 8163
6695 -7863
-1128 -4444
969 -5222
-7946 8048
-5059 6363
-5607 -1227
-4425 7149
3515 1144
5295 2530
6867 -3270
-2163 2955
-7327 -6558
9943 4672
-8655 7357
6979 7583
3235 -219
-4418 6932
2598 -5347
-638 3116
3355 -2041
-6276 -5993
5215 6791
5857 -6801
4601 4438
-8133 -5834
-9490 -4050
-6607 -6293
3449 3758
6343 -1860
-2860 -9342
9171 -8825
-5614 1536
-2332 4097
1716 -9721
2425 9288
-1083 -3438
2044 -5681
-5453 -2409
-9608 8217
-3801 -4919
-2478 1113
-2473 2508
9898 9568
-2333 8212
7986 -1336
9062 -852
2786 -9928
-3628 9927
9494 -917
-6496 5438
-6217 -4056
2512 6315
-2842 2064
-7505 -2849
-2938 5615
-1483 -4948
9557 544
-4868 9339
-6769 4179
8664 2255
-3593 8346
-2722 -7988
-5966 -3097
3785 -3144
4015 8637
-181 -5337
-5081 -2364
-8874 8635
-2723 5475
9495 -4418
9528 -7193
-3873 6299
1382 4540
293 5360
9294 -268
-9490 427
-3609 -510
9508 -3189
1697 1332
-7379 -8458
-9185 753
2925 -5962
1241 -3
-4108 -4650
1254 -9023
-4010 -9280
8935 -3882
-5341 -314
2945 -3727
921 9669
2369 -3626
1383 516
-6487 8675
-4433 -8703
-7513 5056
6354 -2852
-5633 8411
2222 3938
1289 1400
-1941 -4012
-9547 -4394
-3093 7422
7531 -8396
3631 4147
4912 -6894
-305 -6765
-6276 -6730
9761 -3989
-662 -6279
-5510 -6631
3103 -5800
8496 8431
6856 2218
4178 -9233
-7195 8028
-7196 1595
-3721 -1515
-4454 -4447
4665 -1249
-2237 -493
9843 3362
-9956 -9828
9505 -6805
-5151 -2022
4956 8704
-5785 6357
2678 -2714
41 -4727
5100 7759
587 3295
3335 -2545
9473 -7239
-7783 -1398
165 -7943
-1567 -2709
-6727 6718
9219 -7189
5930 3945
3747 3901
2865 4288
-8074 -5575
-113 -8482
6107 3400
-2655 4444
-6801 6045
8880 -4114
-8600 -1556
-345 -1868
7813 2811
-7908 -8047
623 -7978
7289 -553
-6023 -4481
-1334 -1957
6970 9053
-8968 -2185
1797 3199
3578 -3201
4981 1737
-474 260
-7933 -5525
-645 1211
-337 -5872
4026 -6600
4836 -9638
-5809 3406
-2464 -9031
9922 5633
-9109 -7445
-7343 -8176
7556 -6382
-2795 5946
5363 -9732
-1110 1630
4287 2747
-890 6736
6785 -3986
2151 -2702
1209 7451
966 -1767
8876 -3964
2256 1495
-9598 7365
-2859 -1245
7348 -9126
5852 6866
-9196 -6287
7900 2993
-668 8370
-8138 9155
-501 -1670
2188 2589
5024 7964
-7711 9177
5263 -5802
-6045 4842
788 -6021
-2314 -3710
-3453 6604
9795 -2770
3361 -4823
4919 7321
3796 896
8701 2302
-2387 86
-5559 -2704
1757 9678
-2134 4243
-9502 -5251
1901 -7692
8592 5245
-8100 9590
3579 -4962
5885 -4090
378 -4385
2257 490
-9407 6451
-6947 -9210
1186 -6291
981 8949
7689 5916
7735 -1825
-271 -716
2341 -173
-8783 -5739
-8070 -1952
-2512 -3138
3128 -3738
-3419 -3111
-5460 -1240
4667 6981
4673 -6827
3726 -8369
-8886 639
-399 -9353
4718 -7661
1607 -9876
6902 8916
-1609 9204
-4008 470
-1896 8216
5895 9733
1962 3737
-7463 6088
5066 -3040
5075 -4357
-4161 7330
1348 -9790
-6281 9254
6265 5101
-3315 9443
2502 -1046
-3284 6030
5601 -6386
-3189 -6289
222 1211
-2050 9778
-598 9634
-3670 41
-138 3131
8314 -4639
-5795 7563
4434 2340
3651 -1626
2259 2489
4179 -770
2471 9174
-1515 4056
-8527 -8365
-1657 -63
-8305 -8300
-1539 -7329
-7906 4054
-8269 1192
2238 893
-4020 -6103
2183 9449
2162 -8000
-9265 -34
-930 -4991
6936 2603
5971 -312
-4606 -7826
-6591 3540
-2954 -424
3800 3629
1332 7435
-4466 -2294
-8245 -4387
9445 -6257
8311 1640
9163 5091
1077 -1609
-7585 8608
3264 5633
-1031 904
4812 9093
-7138 -2746
-3312 -3786
9910 3364
7719 -8629
-4204 -257
5062 7320
7706 9981
-8352 -8343
-4222 -6313
-6822 311
5656 7671
-5599 1702
6895 -5232
-5492 6339
9468 1501
9518 -4867
-9998 -8519
-6397 -7012
8325 5386
-5481 6910
5469 4576
8270 -6604
2246 3563
-7187 -5440
-7922 475
-7435 -1164
-8643 5590
-3624 -9442
1090 2899
-4885 5806
-1300 855
-5823 -7969
-8959 4929
1936 -4518
-6752 -7817
-951 -2680
-5151 -4518
6613 -2961
-2559 -1592
2337 1205
8726 1593
-3741 -7458
-3324 7093
1506 -868
-4889 -3541
9972 -7741
1156 -5840
-2376 -3343
-4652 -1383
6226 4204
-5690 6891
6823 -8317
6262 -7445
-501 9387
3757 9400
-8888 -393
9504 2608
-7125 8646
-6365 6749
-6607 -9888
-483 3978
3893 -2755
-4401 -6968
8083 -3513
9705 -7826
-5866 -2824
2341 3163
-594 3392
-7568 -5520
479 -8505
327 -4050
4783 3036
-1058 -5193
-5737 1408
8721 -1108
-9617 6274
9180 -4490
3173 -1747
1470 -9717
3623 -973
9150 -6429
2458 -8642
239 1808
-6496 -5914
-9198 5070
-9635 1705
9803 -659
163 -3246
9620 2546
-2059 -935
539 -546
-6615 5082
8681 4554
-4430 4922
-2297 -7201
-6197 -4876
5561 -7380
4757 5492
1309 4507
5367 4681
2269 6543
-2494 8770
3880 2936
7391 -1451
7328 6335
339 -6535
-4463 8979
-5756 9578
5739 4949
-9194 5340
9792 5076
882 3860
6086 -8489
9224 7876
-3736 -9049
-6696 -5812
-1689 701
-5725 -5250
-5371 -6367
5017 9094
3624 -2268
-8218 6613
6207 7754
3967 -9338
-8025 -6755
2293 7088
4388 -7978
-5703 -5869
4884 -2288
-7873 -5608
5367 6559
2725 6573
6967 3344
-216 -7473
2551 6663
8256 7716
-8628 6248
-1428 8741
9682 -8807
9872 -372
-1770 2332
-3185 -3951
-6455 -3856
7520 7814
73 -8431
-8746 -1087
-1234 -353
-2807 -8087
9985 5195
8577 -6015
9491 -7468
405 -1069
-4886 6890
-8080 6782
-8394 -5460
-4626 4632
-5117 7961
7762 7171
-13 -8340
726 -3185
3987 16
-6001 9303
4775 -8947
-9379 -5804
-3503 -3697
-1897 4459
-3332 -7553
-9080 -6771
4426 3451
1185 -1668
7606 5263
4989 3473
226 2832
4228 8344
-2881 4168
-5785 -2938
-6486 -8992
2670 -951
288 7624
-8482 -1466
1368 -5842
-5263 1337
-5926 7051
-5665 11
5823 4983
-3245 3439
-9970 -7313
1723 -9454
-1055 -8992
-1924 -6555
-8517 5851
-8160 -5014
-9960 -6853
-5570 -1539
1237 2111
7439 -8937
-1348 7841
-6542 -3400
91 2452
-1850 5936
6495 347
4682 7009
-1189 4851
3645 -6419
7259 2438
3618 1052
5995 -8424
8658 5825
-7987 9517
-9914 7993
-3424 2047
-3613 4780
-7242 -3882
1190 7236
8299 -9009
-5630 324
305 -3812
8163 3689
-83 -3456
291 7348
-1590 9220
2697 1389
5613 2634
-3956 -5352
-6595 -1906
777 1831
7433 -8924
-2980 378
547 2510
1245 -4365
-149 8820
-2784 2231
501 6458
6355 -6168
-920 5974
3118 -4244
9687 -5944
-1802 -4072
-7358 -2131
6380 2697
-559 2677
-6270 -9636
4657 -6779
-9088 468
-8888 -1753
-9736 4386
3047 -3885
8203 -2635
-3910 723
-1820 -4578
-6637 -3900
9760 5813
958 8366
2272 -4548
-2980 -7536
-3876 -760
-1080 -8714
1041 -1046
4109 -4350
8748 -5854
-3015 -8960
2309 8474
785 -5870
-4700 -2373
-1352 4952
2529 -6870
7764 9712
-2793 -8651
8705 -9985
6466 -6444
-8878 -6120
8460 1051
6836 -5598
-6434 9310
-8501 6932
-9106 -5521
8586 2674
-9436 7942
5216 -253
4115 -5806
228 -2644
-260 8920
-5237 -7105
-7484 -6262
8764 -4630
-2265 -9287
-4170 -8046
8288 7192
-8514 2777
6674 -1439
6361 4031
4465 -7144
-8269 -6201
-6127 738
6799 -9649
-9406 7185
-5735 6960
-4479 -3255
4042 -2638
1273 -6691
6194 -1130
-846 -2501
7395 2443
7943 -7898
-8111 -57
-5165 -9298
-9531 -4277
2204 9967
2352 -4766
-9360 -9090
7755 -4470
8538 1435
-4975 -3028
-7346 211
-7656 9768
1033 7980
-5203 -5644
-2568 -7444
6731 5643
155 -9257
615 3618
-1936 -4034
6540 -8978
-752 5050
7505 -6099
1293 8155
-8680 7439
-7875 -7670
1436 1131
-8807 -574
-2535 -7548
5070 2588
-3692 4875
252 -6777
7178 3583
6841 -2599
1107 5056
6040 -6266
457 -9458
2888 -2417
2676 9921
-488 -1023
2849 -5709
-9076 -2241
405 -3055
169 -570
-7618 -1381
-6571 327
-7965 5835
1806 -1906
3292 199
7700 9085
-8642 6132
5246 -5466
-9010 -2244
-4924 -1133
-896 -7468
846 -1936
-9578 -9816
-3801 -8254
-6423 -7636
-8270 -1947
-208 -3404
4527 -6280
1141 -4740
9310 -4723
-7002 7049
